(title "Pressure Coefficient")
(labels "Pressure Coefficient" "Position")

((xy/key/label "middleplane_pressureside")
-0.373448	0.0363576
-0.373183	0.0356509
-0.37308	0.0384625
-0.372728	0.039153
-0.372728	0.039153
-0.372408	0.0370652
-0.372351	0.0377634
-0.371478	0.0398444
-0.371283	0.0349369
-0.370974	0.0412082
-0.370927	0.0405259
-0.370279	0.0342241
-0.370181	0.0335023
-0.369934	0.0418814
-0.368979	0.0327822
-0.368473	0.0425547
-0.367292	0.0432186
-0.366832	0.0320552
-0.366596	0.0438826
-0.36556	0.0447112
-0.36488	0.0313298
-0.363956	0.0455399
-0.362818	0.0305971
-0.362163	0.0463705
-0.360496	0.0298666
-0.360066	0.0472014
-0.358491	0.0291293
-0.357853	0.048034
-0.355481	0.0488669
-0.355222	0.028394
-0.353053	0.0497014
-0.353053	0.0497014
-0.35047	0.0505361
-0.350277	0.0276544
-0.347848	0.0513722
-0.346141	0.0269173
-0.345093	0.0522086
-0.342553	0.0261741
-0.342266	0.0530463
-0.339367	0.0538842
-0.337789	0.025434
-0.33638	0.0547234
-0.333312	0.0555626
-0.33224	0.0246907
-0.330073	0.0564031
-0.32688	0.0572435
-0.326664	0.0239499
-0.323676	0.0580851
-0.321399	0.0232065
-0.320369	0.0589267
-0.317002	0.0597694
-0.314576	0.0224653
-0.31356	0.060612
-0.310104	0.0614555
-0.306568	0.0622991
-0.305895	0.0217252
-0.303027	0.0631434
-0.299418	0.0639878
-0.297199	0.0209874
-0.295796	0.0648328
-0.29213	0.0656779
-0.28945	0.130036
-0.288433	0.0665235
-0.28818	0.0202499
-0.284714	0.0673691
-0.280959	0.0682153
-0.27828	0.0195158
-0.277188	0.0690614
-0.273363	0.0699078
-0.269475	0.0707541
-0.267406	0.0187837
-0.26547	0.0716004
-0.261266	0.0724461
-0.25716	0.0732934
-0.255513	0.0180555
-0.253503	0.130842
-0.253122	0.129229
-0.253118	0.0741398
-0.253118	0.0741398
-0.249156	0.0749879
-0.245345	0.0758352
-0.242536	0.0173306
-0.241482	0.0766826
-0.23758	0.0775295
-0.233625	0.0783763
-0.229586	0.0792222
-0.22846	0.0166104
-0.225589	0.0800698
-0.221657	0.0809161
-0.217775	0.0817641
-0.213999	0.0826112
-0.213499	0.0158947
-0.210218	0.0834577
-0.206421	0.0843034
-0.202642	0.0851494
-0.198884	0.0859941
-0.197244	0.0151843
-0.195159	0.0868405
-0.191506	0.0876854
-0.187919	0.0885319
-0.185009	0.128421
-0.184415	0.0893774
-0.181007	0.0902219
-0.179504	0.0144803
-0.177666	0.0910655
-0.174419	0.0919092
-0.171255	0.0927515
-0.168172	0.0935954
-0.165168	0.0944376
-0.16222	0.0952813
-0.161727	0.131647
-0.160356	0.0137824
-0.159355	0.0961238
-0.15657	0.0969657
-0.153891	0.0978067
-0.153891	0.0978067
-0.151336	0.0986468
-0.148957	0.0994857
-0.146732	0.100326
-0.144684	0.101164
-0.142718	0.102004
-0.140781	0.102843
-0.139759	0.0130921
-0.138813	0.10368
-0.138167	0.121088
-0.136789	0.104516
-0.134691	0.105352
-0.134376	0.120268
-0.132588	0.106186
-0.130941	0.121909
-0.130928	0.127613
-0.130638	0.107021
-0.129096	0.107855
-0.128136	0.108689
-0.127657	0.109523
-0.127503	0.110355
-0.127422	0.111185
-0.126991	0.112015
-0.126991	0.112015
-0.125625	0.112843
-0.125005	0.119447
-0.122829	0.113672
-0.118856	0.1145
-0.117536	0.012409
-0.117424	0.118626
-0.115401	0.139608
-0.115056	0.115328
-0.114908	0.122728
-0.113223	0.117803
-0.112434	0.116155
-0.111627	0.11698
-0.109035	0.138819
-0.106352	0.140397
-0.0973101	0.138029
-0.09566	0.123544
-0.0945217	0.126801
-0.0936259	0.011735
-0.0829403	0.137238
-0.0782217	0.12436
-0.0763149	0.141182
-0.0740543	0.125988
-0.0692384	0.125175
-0.0687185	0.0110691
-0.0601039	0.136443
-0.0594239	0.132452
-0.0437943	0.0104136
-0.0318188	0.141966
-0.0280069	0.135647
-0.0156556	0.00976589
0.000533521	0.13485
0.00304463	0.133252
0.013002	0.142747
0.0149348	0.134051
0.0173532	0.00913456
0.0510371	0.143527
0.0520442	0.00851326
0.0805886	0.144306
0.0887953	0.0079052
0.100555	0.145084
0.112037	0.145858
0.118716	0.146632
0.126277	0.147401
0.128523	0.00731205
0.135845	0.14817
0.142986	0.148541
0.150699	0.148912
0.158043	0.149283
0.162171	0.149703
0.162272	0.149496
0.162989	0.149696
0.163701	0.149683
0.164054	0.149603
0.164245	0.149656
0.172186	0.00673192
0.218123	0.00616997
0.26382	0.00562091
0.26382	0.00562091
0.313651	0.00508729
0.367638	0.0045785
0.423936	0.00408281
0.483064	0.00361403
0.545468	0.00316129
0.610135	0.0027378
0.673996	0.00233484
0.740692	0.00196225
0.781367	8.24209e-05
0.79937	0.00161491
0.832837	0.00148162
0.854589	7.51027e-05
0.860575	0.00135359
0.886537	0.00121571
0.910894	9.16272e-05
0.9126	0.00108578
0.93698	0.000948577
0.953098	0.000128905
0.961068	0.000821378
0.979611	0.000188002
0.981448	0.000690801
0.99692	0.000262319
0.999417	0.000572092
1.00875	0.000354999
1.01226	0.000456317
)
