(title "Pressure Coefficient")
(labels "Pressure Coefficient" "Position")

((xy/key/label "middleplane_pressureside")
-0.372149	0.0363576
-0.371942	0.0356509
-0.371575	0.0384625
-0.37113	0.039153
-0.37113	0.039153
-0.371029	0.0370652
-0.370895	0.0377634
-0.37013	0.0349369
-0.369826	0.0398444
-0.369193	0.0405259
-0.369187	0.0342241
-0.369172	0.0412082
-0.369165	0.0335023
-0.368049	0.0418814
-0.368009	0.0327822
-0.366549	0.0425547
-0.365952	0.0320552
-0.365221	0.0432186
-0.364426	0.0438826
-0.364071	0.0313298
-0.363404	0.0447112
-0.362085	0.0305971
-0.361698	0.0455399
-0.359886	0.0463705
-0.359849	0.0298666
-0.357902	0.0291293
-0.357646	0.0472014
-0.355367	0.048034
-0.354758	0.028394
-0.352887	0.0488669
-0.350334	0.0497014
-0.350334	0.0497014
-0.34989	0.0276544
-0.347704	0.0505361
-0.345805	0.0269173
-0.34493	0.0513722
-0.342295	0.0261741
-0.34213	0.0522086
-0.339198	0.0530463
-0.337611	0.025434
-0.336245	0.0538842
-0.333155	0.0547234
-0.332151	0.0246907
-0.329987	0.0555626
-0.326666	0.0564031
-0.326647	0.0239499
-0.323353	0.0572435
-0.321469	0.0232065
-0.320064	0.0580851
-0.31662	0.0589267
-0.314716	0.0224653
-0.31316	0.0597694
-0.309597	0.060612
-0.306116	0.0217252
-0.306054	0.0614555
-0.302408	0.0622991
-0.298772	0.0631434
-0.297517	0.0209874
-0.295057	0.0639878
-0.291329	0.0648328
-0.288574	0.0202499
-0.287558	0.0656779
-0.283747	0.0665235
-0.279915	0.0673691
-0.278764	0.0195158
-0.276033	0.0682153
-0.272141	0.0690614
-0.268179	0.0699078
-0.267972	0.0187837
-0.264178	0.0707541
-0.260037	0.0716004
-0.256165	0.0180555
-0.255737	0.0724461
-0.251502	0.0732934
-0.250248	0.133252
-0.247342	0.0741398
-0.247342	0.0741398
-0.243276	0.0173306
-0.243269	0.0749879
-0.239318	0.0758352
-0.235335	0.0766826
-0.233616	0.134051
-0.231304	0.0775295
-0.229282	0.0166104
-0.227228	0.0783763
-0.223061	0.0792222
-0.222758	0.132452
-0.218945	0.0800698
-0.214892	0.0809161
-0.214409	0.0158947
-0.210903	0.0817641
-0.207007	0.0826112
-0.203125	0.0834577
-0.199234	0.0843034
-0.198237	0.0151843
-0.195359	0.0851494
-0.191511	0.0859941
-0.187687	0.0868405
-0.183956	0.0876854
-0.181251	0.13485
-0.180584	0.0144803
-0.180289	0.0885319
-0.176739	0.0893774
-0.17329	0.0902219
-0.169951	0.0910655
-0.166704	0.0919092
-0.163563	0.0927515
-0.163556	0.131647
-0.161527	0.0137824
-0.160871	0.123544
-0.160479	0.0935954
-0.157473	0.0944376
-0.156309	0.12436
-0.154857	0.122728
-0.154517	0.0952813
-0.151597	0.0961238
-0.148803	0.0969657
-0.14613	0.0978067
-0.14613	0.0978067
-0.143644	0.0986468
-0.14138	0.0994857
-0.141014	0.0130921
-0.140154	0.121909
-0.139352	0.100326
-0.137547	0.101164
-0.135866	0.102004
-0.135295	0.125175
-0.134198	0.102843
-0.132465	0.10368
-0.1306	0.104516
-0.128493	0.105352
-0.126109	0.106186
-0.125854	0.113672
-0.125642	0.112843
-0.123572	0.107021
-0.12319	0.112015
-0.12319	0.112015
-0.123187	0.1145
-0.121362	0.107855
-0.120727	0.111185
-0.119818	0.108689
-0.119718	0.121088
-0.11939	0.110355
-0.119106	0.109523
-0.118881	0.012409
-0.11831	0.115328
-0.111608	0.116155
-0.108191	0.135647
-0.103433	0.11698
-0.100849	0.120268
-0.100241	0.130842
-0.0972866	0.125988
-0.0950593	0.011735
-0.0945117	0.117803
-0.0899455	0.119447
-0.0884895	0.118626
-0.0702339	0.0110691
-0.0530503	0.126801
-0.0511314	0.143527
-0.0497404	0.130036
-0.0490852	0.144306
-0.0453931	0.0104136
-0.0329057	0.136443
-0.0323496	0.142747
-0.0248866	0.145084
-0.0183505	0.127613
-0.0182004	0.129229
-0.0173405	0.00976589
-0.0063733	0.128421
-0.00281892	0.141966
0.0136756	0.145858
0.0155891	0.00913456
0.0282881	0.141182
0.0303229	0.137238
0.0502074	0.00851326
0.0553814	0.146632
0.0553873	0.140397
0.0699367	0.138029
0.0752367	0.139608
0.0828358	0.138819
0.0868923	0.0079052
0.0970673	0.147401
0.126555	0.00731205
0.130533	0.14817
0.146932	0.148541
0.159188	0.148912
0.164602	0.149703
0.16641	0.149696
0.167789	0.149283
0.168474	0.149683
0.170154	0.00673192
0.170543	0.149656
0.171312	0.149496
0.171693	0.149603
0.216033	0.00616997
0.261672	0.00562091
0.261672	0.00562091
0.311472	0.00508729
0.365449	0.0045785
0.421727	0.00408281
0.480859	0.00361403
0.54328	0.00316129
0.607991	0.0027378
0.671979	0.00233484
0.738809	0.00196225
0.784533	8.24209e-05
0.797624	0.00161491
0.831228	0.00148162
0.857356	7.51027e-05
0.859095	0.00135359
0.885213	0.00121571
0.911467	0.00108578
0.913151	9.16272e-05
0.936071	0.000948577
0.954664	0.000128905
0.960411	0.000821378
0.980391	0.000188002
0.981	0.000690801
0.996893	0.000262319
0.999059	0.000572092
1.00837	0.000354999
1.01192	0.000456317
)
