(title "Pressure Coefficient")
(labels "Pressure Coefficient" "Position")

((xy/key/label "middleplane_pressureside")
-0.372121	0.0363576
-0.371889	0.0356509
-0.371651	0.0384625
-0.37125	0.039153
-0.37125	0.039153
-0.371047	0.0370652
-0.370946	0.0377634
-0.370035	0.0349369
-0.369975	0.0398444
-0.369399	0.0412082
-0.36938	0.0405259
-0.36906	0.0342241
-0.369004	0.0335023
-0.368303	0.0418814
-0.367831	0.0327822
-0.366816	0.0425547
-0.365732	0.0320552
-0.365558	0.0432186
-0.364783	0.0438826
-0.363813	0.0313298
-0.363779	0.0447112
-0.362118	0.0455399
-0.361796	0.0305971
-0.360326	0.0463705
-0.359517	0.0298666
-0.358163	0.0472014
-0.35755	0.0291293
-0.355898	0.048034
-0.354342	0.028394
-0.353489	0.0488669
-0.350979	0.0497014
-0.350979	0.0497014
-0.349428	0.0276544
-0.348376	0.0505361
-0.345669	0.0513722
-0.345324	0.0269173
-0.342885	0.0522086
-0.34178	0.0261741
-0.340007	0.0530463
-0.337061	0.0538842
-0.337054	0.025434
-0.334031	0.0547234
-0.331547	0.0246907
-0.3309	0.0555626
-0.327625	0.0564031
-0.326011	0.0239499
-0.324366	0.0572435
-0.321113	0.0580851
-0.32079	0.0232065
-0.317744	0.0589267
-0.314308	0.0597694
-0.313999	0.0224653
-0.310814	0.060612
-0.307282	0.0614555
-0.305366	0.0217252
-0.303692	0.0622991
-0.300085	0.0631434
-0.296717	0.0209874
-0.296415	0.0639878
-0.29274	0.0648328
-0.288996	0.0656779
-0.287737	0.0202499
-0.285253	0.0665235
-0.281447	0.0673691
-0.277885	0.0195158
-0.277637	0.0682153
-0.27378	0.0690614
-0.269874	0.0699078
-0.267051	0.0187837
-0.265902	0.0707541
-0.261795	0.0716004
-0.257518	0.0724461
-0.255204	0.0180555
-0.253307	0.0732934
-0.249188	0.0741398
-0.249188	0.0741398
-0.245133	0.0749879
-0.24227	0.0173306
-0.241234	0.0758352
-0.237279	0.0766826
-0.233278	0.0775295
-0.229217	0.0783763
-0.228236	0.0166104
-0.225064	0.0792222
-0.220941	0.0800698
-0.216877	0.0809161
-0.213321	0.0158947
-0.212857	0.0817641
-0.208936	0.0826112
-0.205024	0.0834577
-0.201099	0.0843034
-0.197201	0.0851494
-0.197106	0.0151843
-0.193314	0.0859941
-0.192936	0.130842
-0.190309	0.130036
-0.190043	0.135647
-0.189467	0.0868405
-0.185674	0.0876854
-0.182242	0.13485
-0.181939	0.0885319
-0.179412	0.0144803
-0.178282	0.0893774
-0.174727	0.0902219
-0.17395	0.131647
-0.171234	0.0910655
-0.17042	0.136443
-0.16784	0.0919092
-0.164533	0.0927515
-0.1632	0.134051
-0.161859	0.129229
-0.161292	0.0935954
-0.160311	0.0137824
-0.158133	0.0944376
-0.155026	0.0952813
-0.154696	0.122728
-0.152661	0.121909
-0.15219	0.132452
-0.152001	0.0961238
-0.149993	0.133252
-0.149081	0.0969657
-0.146299	0.0978067
-0.146299	0.0978067
-0.143669	0.0986468
-0.141595	0.123544
-0.141228	0.0994857
-0.139755	0.0130921
-0.139004	0.121088
-0.138947	0.100326
-0.13685	0.101164
-0.134861	0.102004
-0.132911	0.102843
-0.132004	0.137238
-0.130948	0.10368
-0.128938	0.104516
-0.126841	0.105352
-0.124662	0.106186
-0.122453	0.107021
-0.121056	0.112843
-0.120515	0.107855
-0.120194	0.112015
-0.120194	0.112015
-0.120133	0.113672
-0.119797	0.120268
-0.119202	0.108689
-0.119082	0.111185
-0.118572	0.109523
-0.11855	0.110355
-0.117579	0.012409
-0.116919	0.1145
-0.114895	0.128421
-0.112209	0.115328
-0.110716	0.12436
-0.107062	0.116155
-0.10389	0.119447
-0.101694	0.11698
-0.0970473	0.117803
-0.0965138	0.118626
-0.0937149	0.011735
-0.0929938	0.138029
-0.0708952	0.125175
-0.0707549	0.127613
-0.0688499	0.0110691
-0.0595917	0.138819
-0.0439947	0.126801
-0.0439689	0.0104136
-0.0436086	0.125988
-0.0245867	0.139608
-0.0158751	0.00976589
0.0140986	0.140397
0.0170909	0.00913456
0.0517417	0.00851326
0.0563456	0.141182
0.0884559	0.0079052
0.103678	0.141966
0.128146	0.00731205
0.149463	0.142747
0.171769	0.00673192
0.177777	0.148541
0.178927	0.14817
0.179036	0.149703
0.179177	0.149696
0.179178	0.148912
0.179552	0.149683
0.179975	0.149656
0.180427	0.149603
0.180698	0.149283
0.180828	0.149496
0.18682	0.147401
0.1915	0.143527
0.206931	0.146632
0.21767	0.00616997
0.228347	0.144306
0.230942	0.145858
0.242764	0.145084
0.263329	0.00562091
0.263329	0.00562091
0.313134	0.00508729
0.367102	0.0045785
0.42337	0.00408281
0.482476	0.00361403
0.544854	0.00316129
0.609501	0.0027378
0.673391	0.00233484
0.740101	0.00196225
0.782957	8.24209e-05
0.798797	0.00161491
0.832316	0.00148162
0.856092	7.51027e-05
0.860105	0.00135359
0.886145	0.00121571
0.912312	0.00108578
0.912313	9.16272e-05
0.936834	0.000948577
0.95443	0.000128905
0.961075	0.000821378
0.980802	0.000188002
0.981615	0.000690801
0.997872	0.000262319
0.999721	0.000572092
1.00943	0.000354999
1.0127	0.000456317
)
