(title "Pressure Coefficient")
(labels "Pressure Coefficient" "Position")

((xy/key/label "middleplane_pressureside")
-0.367777	0.0363576
-0.36757	0.0356509
-0.367242	0.0384625
-0.366826	0.039153
-0.366826	0.039153
-0.366675	0.0370652
-0.366573	0.0377634
-0.365741	0.0349369
-0.365529	0.0398444
-0.364914	0.0405259
-0.36489	0.0412082
-0.364791	0.0342241
-0.364743	0.0335023
-0.363814	0.0418814
-0.363579	0.0327822
-0.362314	0.0425547
-0.361487	0.0320552
-0.361055	0.0432186
-0.360313	0.0438826
-0.359598	0.0313298
-0.359209	0.0447112
-0.357573	0.0305971
-0.357528	0.0455399
-0.355667	0.0463705
-0.35532	0.0298666
-0.353482	0.0472014
-0.353353	0.0291293
-0.351183	0.048034
-0.350194	0.028394
-0.348737	0.0488669
-0.34623	0.0497014
-0.34623	0.0497014
-0.345325	0.0276544
-0.343579	0.0505361
-0.341197	0.0269173
-0.340888	0.0513722
-0.338055	0.0522086
-0.337673	0.0261741
-0.33517	0.0530463
-0.332953	0.025434
-0.332182	0.0538842
-0.329124	0.0547234
-0.32747	0.0246907
-0.32595	0.0555626
-0.322633	0.0564031
-0.32195	0.0239499
-0.319339	0.0572435
-0.316735	0.0232065
-0.316044	0.0580851
-0.312647	0.0589267
-0.309967	0.0224653
-0.309183	0.0597694
-0.30567	0.060612
-0.3021	0.0614555
-0.301336	0.0217252
-0.29849	0.0622991
-0.294833	0.0631434
-0.292707	0.0209874
-0.29114	0.0639878
-0.287403	0.0648328
-0.283739	0.0202499
-0.283627	0.0656779
-0.279824	0.0665235
-0.275978	0.0673691
-0.273896	0.0195158
-0.27213	0.0682153
-0.268234	0.0690614
-0.264316	0.0699078
-0.263078	0.0187837
-0.260309	0.0707541
-0.256194	0.0716004
-0.251887	0.0724461
-0.251239	0.0180555
-0.247658	0.0732934
-0.243505	0.0741398
-0.243505	0.0741398
-0.239417	0.0749879
-0.238321	0.0173306
-0.235473	0.0758352
-0.233957	0.133252
-0.23148	0.0766826
-0.227444	0.0775295
-0.225057	0.134051
-0.2243	0.0166104
-0.223357	0.0783763
-0.219189	0.0792222
-0.218403	0.132452
-0.215055	0.0800698
-0.210987	0.0809161
-0.209397	0.0158947
-0.206973	0.0817641
-0.203062	0.0826112
-0.199166	0.0834577
-0.195271	0.0843034
-0.194284	0.13485
-0.193199	0.0151843
-0.191402	0.0851494
-0.187573	0.0859941
-0.185722	0.131647
-0.183767	0.0868405
-0.180045	0.0876854
-0.176354	0.0885319
-0.175515	0.0144803
-0.17275	0.0893774
-0.169207	0.0902219
-0.165755	0.0910655
-0.162408	0.0919092
-0.15921	0.0927515
-0.156428	0.0137824
-0.156148	0.0935954
-0.153195	0.0944376
-0.150414	0.0952813
-0.147675	0.0961238
-0.146544	0.135647
-0.145029	0.0969657
-0.143766	0.130842
-0.142382	0.0978067
-0.142382	0.0978067
-0.139796	0.0986468
-0.137272	0.0994857
-0.135888	0.0130921
-0.134853	0.100326
-0.132614	0.101164
-0.132585	0.125175
-0.131253	0.12436
-0.130581	0.102004
-0.12884	0.102843
-0.127333	0.10368
-0.126047	0.104516
-0.124841	0.105352
-0.123944	0.123544
-0.123608	0.106186
-0.122172	0.107021
-0.121928	0.125988
-0.120532	0.107855
-0.118706	0.108689
-0.116883	0.109523
-0.116251	0.122728
-0.115261	0.110355
-0.114867	0.115328
-0.114802	0.1145
-0.114312	0.113672
-0.114127	0.116155
-0.11406	0.111185
-0.113734	0.112843
-0.113725	0.012409
-0.113549	0.112015
-0.113549	0.112015
-0.112385	0.11698
-0.109571	0.117803
-0.109238	0.121909
-0.105432	0.118626
-0.103744	0.121088
-0.103334	0.130036
-0.101662	0.119447
-0.100953	0.120268
-0.0997564	0.126801
-0.095357	0.136443
-0.0898762	0.011735
-0.0754262	0.127613
-0.0751066	0.129229
-0.0650281	0.0110691
-0.0646285	0.128421
-0.0589543	0.137238
-0.0401602	0.0104136
-0.0269504	0.138029
-0.0120816	0.00976589
0.0116033	0.138819
0.0208595	0.00913456
0.0381144	0.139608
0.0477795	0.140397
0.0554809	0.00851326
0.0617059	0.141182
0.0873493	0.141966
0.0921622	0.0079052
0.118336	0.142747
0.131815	0.00731205
0.148322	0.143527
0.156282	0.146632
0.159047	0.147401
0.163596	0.145858
0.167859	0.14817
0.168296	0.144306
0.172054	0.145084
0.175337	0.148541
0.175399	0.00673192
0.183536	0.148912
0.191696	0.149283
0.196986	0.149496
0.199794	0.149603
0.201239	0.149656
0.20193	0.149683
0.202284	0.149696
0.202548	0.149703
0.221254	0.00616997
0.266866	0.00562091
0.266866	0.00562091
0.316601	0.00508729
0.370479	0.0045785
0.426659	0.00408281
0.485653	0.00361403
0.5479	0.00316129
0.612384	0.0027378
0.676049	0.00233484
0.742507	0.00196225
0.780503	8.24209e-05
0.80096	0.00161491
0.834295	0.00148162
0.854037	7.51027e-05
0.861919	0.00135359
0.887776	0.00121571
0.910732	9.16272e-05
0.913737	0.00108578
0.938033	0.000948577
0.953436	0.000128905
0.962031	0.000821378
0.980466	0.000188002
0.982364	0.000690801
0.998101	0.000262319
1.00031	0.000572092
1.0099	0.000354999
1.01319	0.000456317
)
