(title "Pressure Coefficient")
(labels "Pressure Coefficient" "Position")

((xy/key/label "middleplane_pressureside")
-0.370082	0.0363576
-0.369883	0.0356509
-0.369534	0.0384625
-0.369106	0.039153
-0.369106	0.039153
-0.368983	0.0370652
-0.368863	0.0377634
-0.368061	0.0349369
-0.367807	0.0398444
-0.367187	0.0405259
-0.367166	0.0412082
-0.367119	0.0342241
-0.367084	0.0335023
-0.366066	0.0418814
-0.365937	0.0327822
-0.364547	0.0425547
-0.363863	0.0320552
-0.363288	0.0432186
-0.362505	0.0438826
-0.361975	0.0313298
-0.361424	0.0447112
-0.359978	0.0305971
-0.359726	0.0455399
-0.357869	0.0463705
-0.357724	0.0298666
-0.355778	0.0291293
-0.35569	0.0472014
-0.353381	0.048034
-0.352588	0.028394
-0.350943	0.0488669
-0.348405	0.0497014
-0.348405	0.0497014
-0.347709	0.0276544
-0.34576	0.0505361
-0.343634	0.0269173
-0.343033	0.0513722
-0.340198	0.0522086
-0.340113	0.0261741
-0.337294	0.0530463
-0.335413	0.025434
-0.334289	0.0538842
-0.33123	0.0547234
-0.329936	0.0246907
-0.328043	0.0555626
-0.324739	0.0564031
-0.324426	0.0239499
-0.321434	0.0572435
-0.319229	0.0232065
-0.318143	0.0580851
-0.314734	0.0589267
-0.312469	0.0224653
-0.311261	0.0597694
-0.307736	0.060612
-0.304154	0.0614555
-0.303858	0.0217252
-0.300533	0.0622991
-0.29686	0.0631434
-0.295237	0.0209874
-0.293157	0.0639878
-0.289411	0.0648328
-0.286283	0.0202499
-0.285633	0.0656779
-0.281829	0.0665235
-0.277981	0.0673691
-0.276454	0.0195158
-0.274132	0.0682153
-0.270224	0.0690614
-0.266299	0.0699078
-0.265648	0.0187837
-0.262281	0.0707541
-0.258161	0.0716004
-0.253848	0.0724461
-0.253825	0.0180555
-0.249608	0.0732934
-0.245449	0.0741398
-0.245449	0.0741398
-0.241349	0.0749879
-0.240918	0.0173306
-0.237401	0.0758352
-0.233408	0.0766826
-0.232727	0.126801
-0.22938	0.0775295
-0.226912	0.0166104
-0.225299	0.0783763
-0.221148	0.0792222
-0.217026	0.0800698
-0.215328	0.125988
-0.212972	0.0809161
-0.212022	0.0158947
-0.209828	0.127613
-0.208969	0.0817641
-0.205072	0.0826112
-0.201182	0.0834577
-0.197289	0.0843034
-0.195834	0.0151843
-0.19342	0.0851494
-0.18959	0.0859941
-0.186388	0.131647
-0.185813	0.0868405
-0.184633	0.132452
-0.182124	0.0876854
-0.178522	0.0885319
-0.178166	0.0144803
-0.174996	0.0893774
-0.172928	0.128421
-0.171564	0.0902219
-0.1682	0.0910655
-0.164923	0.0919092
-0.164479	0.125175
-0.162371	0.130842
-0.161714	0.0927515
-0.159091	0.0137824
-0.158611	0.0935954
-0.156633	0.133252
-0.155644	0.0944376
-0.152812	0.0952813
-0.150143	0.0961238
-0.147624	0.0969657
-0.14577	0.129229
-0.145238	0.0978067
-0.145238	0.0978067
-0.142924	0.0986468
-0.14145	0.130036
-0.140661	0.0994857
-0.138563	0.0130921
-0.138386	0.100326
-0.136154	0.101164
-0.133995	0.102004
-0.132012	0.102843
-0.131974	0.118626
-0.131661	0.117803
-0.130291	0.10368
-0.128918	0.104516
-0.127916	0.105352
-0.127385	0.11698
-0.127256	0.106186
-0.126666	0.107021
-0.125812	0.107855
-0.124568	0.108689
-0.124072	0.119447
-0.123047	0.116155
-0.122797	0.109523
-0.120535	0.110355
-0.118982	0.115328
-0.11792	0.111185
-0.116484	0.12436
-0.116414	0.012409
-0.115652	0.1145
-0.115169	0.112015
-0.115169	0.112015
-0.113757	0.134051
-0.113618	0.113672
-0.113372	0.112843
-0.109877	0.120268
-0.0941274	0.121088
-0.0925764	0.011735
-0.0877595	0.123544
-0.0807326	0.121909
-0.0765131	0.122728
-0.067738	0.0110691
-0.0629673	0.13485
-0.0428824	0.0104136
-0.014816	0.00976589
-0.00847179	0.135647
0.00551746	0.145084
0.00841592	0.144306
0.01812	0.00913456
0.0241265	0.145858
0.0302936	0.143527
0.0448327	0.136443
0.0527409	0.00851326
0.0586402	0.146632
0.062367	0.142747
0.0894251	0.0079052
0.0924152	0.137238
0.0945838	0.141966
0.10131	0.147401
0.121925	0.141182
0.129082	0.00731205
0.130592	0.138029
0.138812	0.14817
0.140898	0.140397
0.150438	0.138819
0.151398	0.139608
0.152768	0.149696
0.153485	0.149703
0.155656	0.149683
0.15866	0.148541
0.159532	0.149656
0.164497	0.149603
0.170584	0.149496
0.171683	0.148912
0.172669	0.00673192
0.175034	0.149283
0.218532	0.00616997
0.264153	0.00562091
0.264153	0.00562091
0.313917	0.00508729
0.367839	0.0045785
0.424056	0.00408281
0.483105	0.00361403
0.54542	0.00316129
0.61	0.0027378
0.67383	0.00233484
0.740464	0.00196225
0.783159	8.24209e-05
0.799088	0.00161491
0.832567	0.00148162
0.856385	7.51027e-05
0.860319	0.00135359
0.886325	0.00121571
0.912453	0.00108578
0.912721	9.16272e-05
0.93695	0.000948577
0.954954	0.000128905
0.961155	0.000821378
0.981369	0.000188002
0.981687	0.000690801
0.998361	0.000262319
0.99982	0.000572092
1.00971	0.000354999
1.01282	0.000456317
)
