(title "Pressure Coefficient")
(labels "Pressure Coefficient" "Position")

((xy/key/label "middleplane_pressureside")
-0.368735	0.0363576
-0.36847	0.0356509
-0.368349	0.0384625
-0.367989	0.039153
-0.367989	0.039153
-0.367689	0.0370652
-0.367625	0.0377634
-0.366736	0.0398444
-0.366577	0.0349369
-0.366204	0.0412082
-0.366168	0.0405259
-0.365576	0.0342241
-0.365486	0.0335023
-0.365155	0.0418814
-0.364284	0.0327822
-0.363692	0.0425547
-0.362488	0.0432186
-0.362144	0.0320552
-0.361771	0.0438826
-0.360734	0.0447112
-0.360195	0.0313298
-0.359108	0.0455399
-0.358134	0.0305971
-0.357311	0.0463705
-0.355814	0.0298666
-0.355188	0.0472014
-0.353804	0.0291293
-0.352955	0.048034
-0.350563	0.0488669
-0.350532	0.028394
-0.348112	0.0497014
-0.348112	0.0497014
-0.345584	0.0276544
-0.345513	0.0505361
-0.342862	0.0513722
-0.341453	0.0269173
-0.34009	0.0522086
-0.337863	0.0261741
-0.337243	0.0530463
-0.334312	0.0538842
-0.333094	0.025434
-0.331294	0.0547234
-0.328199	0.0555626
-0.327542	0.0246907
-0.324933	0.0564031
-0.321959	0.0239499
-0.321715	0.0572435
-0.318472	0.0580851
-0.316686	0.0232065
-0.315157	0.0589267
-0.311745	0.0597694
-0.309856	0.0224653
-0.308281	0.060612
-0.304777	0.0614555
-0.301196	0.0622991
-0.301171	0.0217252
-0.297622	0.0631434
-0.293949	0.0639878
-0.292468	0.0209874
-0.290308	0.0648328
-0.286573	0.0656779
-0.283441	0.0202499
-0.282866	0.0665235
-0.279094	0.0673691
-0.275316	0.0682153
-0.273534	0.0195158
-0.271508	0.0690614
-0.267629	0.0699078
-0.263711	0.0707541
-0.26265	0.0187837
-0.259633	0.0716004
-0.255401	0.0724461
-0.251216	0.0732934
-0.250749	0.0180555
-0.247134	0.0741398
-0.247134	0.0741398
-0.243119	0.0749879
-0.239264	0.0758352
-0.237761	0.0173306
-0.235386	0.0766826
-0.231459	0.0775295
-0.227497	0.0783763
-0.223676	0.0166104
-0.223446	0.0792222
-0.219425	0.0800698
-0.215445	0.0809161
-0.211521	0.0817641
-0.208706	0.0158947
-0.207685	0.0826112
-0.203877	0.0834577
-0.200073	0.0843034
-0.196321	0.0851494
-0.192624	0.0859941
-0.192439	0.0151843
-0.188976	0.0868405
-0.185424	0.0876854
-0.181913	0.0885319
-0.17848	0.0893774
-0.175111	0.0902219
-0.174691	0.0144803
-0.171822	0.0910655
-0.168611	0.0919092
-0.165534	0.0927515
-0.162571	0.0935954
-0.159775	0.0944376
-0.15709	0.0952813
-0.155535	0.0137824
-0.154492	0.0961238
-0.151992	0.0969657
-0.149542	0.0978067
-0.149542	0.0978067
-0.147176	0.0986468
-0.144884	0.0994857
-0.143002	0.12436
-0.142746	0.100326
-0.140798	0.101164
-0.140582	0.123544
-0.140361	0.125175
-0.139098	0.102004
-0.137619	0.102843
-0.137245	0.132452
-0.136303	0.10368
-0.135071	0.104516
-0.134926	0.0130921
-0.13378	0.105352
-0.133122	0.122728
-0.133061	0.125988
-0.132236	0.106186
-0.130544	0.131647
-0.130339	0.107021
-0.130077	0.1145
-0.129791	0.113672
-0.128355	0.115328
-0.128261	0.107855
-0.12784	0.112843
-0.126913	0.130842
-0.12632	0.108689
-0.125565	0.112015
-0.125565	0.112015
-0.124956	0.133252
-0.124823	0.116155
-0.124807	0.109523
-0.124358	0.126801
-0.124162	0.111185
-0.123947	0.110355
-0.122952	0.130036
-0.122056	0.121909
-0.11964	0.11698
-0.118291	0.127613
-0.114513	0.129229
-0.113906	0.128421
-0.113091	0.117803
-0.112695	0.012409
-0.111312	0.121088
-0.106445	0.118626
-0.104135	0.120268
-0.102522	0.119447
-0.100401	0.138029
-0.097787	0.138819
-0.0904759	0.137238
-0.090138	0.134051
-0.0887772	0.011735
-0.08444	0.139608
-0.0729668	0.136443
-0.0668704	0.140397
-0.0638632	0.0110691
-0.0603783	0.13485
-0.0574454	0.135647
-0.0452372	0.141182
-0.0389297	0.0104136
-0.0126481	0.141966
-0.0107829	0.00976589
0.0222229	0.00913456
0.0329002	0.142747
0.0569029	0.00851326
0.0850526	0.143527
0.0936377	0.0079052
0.133346	0.00731205
0.137786	0.144306
0.173392	0.149496
0.173483	0.149656
0.173485	0.149603
0.173555	0.149696
0.173579	0.149283
0.173591	0.149683
0.17451	0.149703
0.176877	0.148912
0.176982	0.00673192
0.183933	0.145084
0.184446	0.148541
0.194757	0.14817
0.211754	0.147401
0.214302	0.145858
0.222882	0.00616997
0.22346	0.146632
0.268537	0.00562091
0.268537	0.00562091
0.318297	0.00508729
0.372187	0.0045785
0.428384	0.00408281
0.487378	0.00361403
0.549617	0.00316129
0.614083	0.0027378
0.677691	0.00233484
0.744101	0.00196225
0.778282	8.24209e-05
0.802506	0.00161491
0.835782	0.00148162
0.852015	7.51027e-05
0.86335	0.00135359
0.889132	0.00121571
0.909102	9.16272e-05
0.914989	0.00108578
0.939158	0.000948577
0.952483	0.000128905
0.962988	0.000821378
0.980379	0.000188002
0.983191	0.000690801
0.998773	0.000262319
1.00107	0.000572092
1.01077	0.000354999
1.01392	0.000456317
)
