(title "Pressure Coefficient")
(labels "Pressure Coefficient" "Position")

((xy/key/label "middleplane_pressureside")
-0.375895	0.0363576
-0.375664	0.0356509
-0.375431	0.0384625
-0.375042	0.039153
-0.375042	0.039153
-0.374819	0.0370652
-0.374728	0.0377634
-0.3738	0.0349369
-0.373765	0.0398444
-0.373204	0.0412082
-0.373183	0.0405259
-0.372827	0.0342241
-0.372767	0.0335023
-0.372136	0.0418814
-0.371592	0.0327822
-0.370644	0.0425547
-0.369483	0.0320552
-0.369448	0.0432186
-0.368705	0.0438826
-0.367666	0.0447112
-0.367568	0.0313298
-0.366017	0.0455399
-0.365541	0.0305971
-0.364203	0.0463705
-0.363265	0.0298666
-0.36209	0.0472014
-0.361297	0.0291293
-0.35982	0.048034
-0.358092	0.028394
-0.357448	0.0488669
-0.354956	0.0497014
-0.354956	0.0497014
-0.353191	0.0276544
-0.352377	0.0505361
-0.34971	0.0513722
-0.349082	0.0269173
-0.346934	0.0522086
-0.345546	0.0261741
-0.344107	0.0530463
-0.341162	0.0538842
-0.340823	0.025434
-0.338187	0.0547234
-0.335327	0.0246907
-0.335064	0.0555626
-0.331835	0.0564031
-0.329801	0.0239499
-0.328598	0.0572435
-0.325379	0.0580851
-0.324587	0.0232065
-0.322057	0.0589267
-0.318654	0.0597694
-0.317813	0.0224653
-0.315225	0.060612
-0.311722	0.0614555
-0.309177	0.0217252
-0.308201	0.0622991
-0.304623	0.0631434
-0.301014	0.0639878
-0.30054	0.0209874
-0.297376	0.0648328
-0.293688	0.0656779
-0.29157	0.0202499
-0.289999	0.0665235
-0.286246	0.0673691
-0.282511	0.0682153
-0.281725	0.0195158
-0.278713	0.0690614
-0.274899	0.0699078
-0.271003	0.0707541
-0.270907	0.0187837
-0.266985	0.0716004
-0.262786	0.0724461
-0.259066	0.0180555
-0.25865	0.0732934
-0.254613	0.0741398
-0.254613	0.0741398
-0.250635	0.0749879
-0.246829	0.0758352
-0.246146	0.0173306
-0.24297	0.0766826
-0.23908	0.0775295
-0.235136	0.0783763
-0.232124	0.0166104
-0.231106	0.0792222
-0.227118	0.0800698
-0.223188	0.0809161
-0.219306	0.0817641
-0.217219	0.0158947
-0.215519	0.0826112
-0.211735	0.0834577
-0.20793	0.0843034
-0.204162	0.0851494
-0.201017	0.0151843
-0.20042	0.0859941
-0.196737	0.0868405
-0.193879	0.127613
-0.193133	0.0876854
-0.189591	0.0885319
-0.187517	0.136443
-0.18613	0.0893774
-0.183333	0.0144803
-0.182726	0.0902219
-0.180038	0.137238
-0.179364	0.0910655
-0.177289	0.128421
-0.176064	0.0919092
-0.172844	0.0927515
-0.169708	0.0935954
-0.167172	0.135647
-0.167037	0.126801
-0.166709	0.0944376
-0.164243	0.0137824
-0.163831	0.0952813
-0.161097	0.0961238
-0.158496	0.0969657
-0.155995	0.0978067
-0.155995	0.0978067
-0.153562	0.0986468
-0.151174	0.0994857
-0.148779	0.100326
-0.146393	0.101164
-0.144646	0.138029
-0.144033	0.102004
-0.143699	0.0130921
-0.141778	0.102843
-0.139738	0.10368
-0.137982	0.104516
-0.136534	0.105352
-0.135421	0.106186
-0.134602	0.107021
-0.134144	0.129229
-0.133896	0.107855
-0.132961	0.108689
-0.131514	0.109523
-0.130243	0.119447
-0.130061	0.118626
-0.129702	0.13485
-0.129495	0.110355
-0.128678	0.125988
-0.127867	0.117803
-0.127005	0.111185
-0.126931	0.120268
-0.124707	0.11698
-0.124217	0.112015
-0.124217	0.112015
-0.121533	0.012409
-0.12135	0.112843
-0.121319	0.116155
-0.118747	0.113672
-0.118567	0.115328
-0.118477	0.121088
-0.117517	0.1145
-0.105564	0.121909
-0.103941	0.125175
-0.0976772	0.011735
-0.092813	0.134051
-0.0923577	0.122728
-0.090383	0.138819
-0.0892771	0.130036
-0.0891274	0.12436
-0.0852192	0.123544
-0.0728182	0.0110691
-0.0659354	0.133252
-0.0612363	0.130842
-0.052843	0.132452
-0.0527044	0.131647
-0.0479466	0.0104136
-0.0322355	0.139608
-0.0198601	0.00976589
0.0131111	0.00913456
0.0175573	0.140397
0.0477735	0.00851326
0.0547265	0.141182
0.0821092	0.141966
0.0845047	0.0079052
0.101667	0.142747
0.110695	0.143527
0.113761	0.144306
0.117694	0.145084
0.123729	0.145858
0.124218	0.00731205
0.130602	0.146632
0.140811	0.147401
0.154552	0.14817
0.164407	0.148541
0.167874	0.00673192
0.174391	0.148912
0.183812	0.149283
0.189713	0.149496
0.193003	0.149603
0.194881	0.149656
0.196157	0.149683
0.196943	0.149696
0.197812	0.149703
0.213808	0.00616997
0.259502	0.00562091
0.259502	0.00562091
0.309373	0.00508729
0.363431	0.0045785
0.41979	0.00408281
0.479012	0.00361403
0.541531	0.00316129
0.606357	0.0027378
0.670497	0.00233484
0.737486	0.00196225
0.787006	8.24209e-05
0.796452	0.00161491
0.830175	0.00148162
0.858148	0.00135359
0.859544	7.51027e-05
0.884387	0.00121571
0.910778	0.00108578
0.915036	9.16272e-05
0.935541	0.000948577
0.956162	0.000128905
0.960047	0.000821378
0.980789	0.000690801
0.981417	0.000188002
0.997399	0.000262319
0.998984	0.000572092
1.00849	0.000354999
1.01192	0.000456317
)
