(title "Pressure Coefficient")
(labels "Pressure Coefficient" "Position")

((xy/key/label "middleplane_pressureside")
-0.36713	0.0363576
-0.366959	0.0356509
-0.366477	0.0384625
-0.366002	0.039153
-0.366002	0.039153
-0.36599	0.0370652
-0.365825	0.0377634
-0.365176	0.0349369
-0.364673	0.0398444
-0.364273	0.0335023
-0.364268	0.0342241
-0.364014	0.0405259
-0.363968	0.0412082
-0.363151	0.0327822
-0.36282	0.0418814
-0.361268	0.0425547
-0.361122	0.0320552
-0.359964	0.0432186
-0.359265	0.0313298
-0.359117	0.0438826
-0.35805	0.0447112
-0.357311	0.0305971
-0.3563	0.0455399
-0.355101	0.0298666
-0.354439	0.0463705
-0.35319	0.0291293
-0.352207	0.0472014
-0.350056	0.028394
-0.349844	0.048034
-0.347375	0.0488669
-0.345208	0.0276544
-0.344762	0.0497014
-0.344762	0.0497014
-0.342095	0.0505361
-0.341166	0.0269173
-0.339303	0.0513722
-0.337689	0.0261741
-0.33645	0.0522086
-0.333486	0.0530463
-0.33303	0.025434
-0.330462	0.0538842
-0.327599	0.0246907
-0.327362	0.0547234
-0.324141	0.0555626
-0.322127	0.0239499
-0.320794	0.0564031
-0.317424	0.0572435
-0.316974	0.0232065
-0.314102	0.0580851
-0.310635	0.0589267
-0.310254	0.0224653
-0.307131	0.0597694
-0.303539	0.060612
-0.301683	0.0217252
-0.299931	0.0614555
-0.296261	0.0622991
-0.29311	0.0209874
-0.292565	0.0631434
-0.28882	0.0639878
-0.285038	0.0648328
-0.284197	0.0202499
-0.28122	0.0656779
-0.277364	0.0665235
-0.274414	0.0195158
-0.273476	0.0673691
-0.269562	0.0682153
-0.265615	0.0690614
-0.263653	0.0187837
-0.261626	0.0699078
-0.257567	0.0707541
-0.253389	0.0716004
-0.251873	0.0180555
-0.249024	0.0724461
-0.244732	0.0732934
-0.240516	0.0741398
-0.240516	0.0741398
-0.239014	0.0173306
-0.236362	0.0749879
-0.232359	0.0758352
-0.228304	0.0766826
-0.225051	0.0166104
-0.224206	0.0775295
-0.220061	0.0783763
-0.215835	0.0792222
-0.211647	0.0800698
-0.210206	0.0158947
-0.207519	0.0809161
-0.203444	0.0817641
-0.199462	0.0826112
-0.195479	0.0834577
-0.194067	0.0151843
-0.191464	0.0843034
-0.187464	0.0851494
-0.183477	0.0859941
-0.181583	0.129229
-0.17953	0.0868405
-0.176444	0.0144803
-0.175671	0.0876854
-0.171889	0.0885319
-0.168233	0.130036
-0.168216	0.0893774
-0.164638	0.0902219
-0.161135	0.0910655
-0.157696	0.0919092
-0.157416	0.0137824
-0.154324	0.0927515
-0.152939	0.128421
-0.150979	0.0935954
-0.1477	0.0944376
-0.144477	0.0952813
-0.141356	0.0961238
-0.138387	0.0969657
-0.136937	0.0130921
-0.135587	0.0978067
-0.135587	0.0978067
-0.132969	0.0986468
-0.13052	0.0994857
-0.128178	0.100326
-0.12637	0.130842
-0.125874	0.101164
-0.123551	0.102004
-0.121153	0.102843
-0.118735	0.10368
-0.116367	0.104516
-0.114835	0.012409
-0.114117	0.105352
-0.112124	0.106186
-0.111857	0.120268
-0.11053	0.107021
-0.109434	0.107855
-0.108641	0.108689
-0.107813	0.109523
-0.107423	0.121088
-0.106781	0.119447
-0.106713	0.110355
-0.105136	0.111185
-0.103304	0.127613
-0.102788	0.112015
-0.102788	0.112015
-0.0994392	0.112843
-0.0990777	0.118626
-0.0951345	0.113672
-0.0935433	0.117803
-0.0935432	0.121909
-0.0910464	0.011735
-0.0909456	0.1145
-0.0898435	0.11698
-0.0883949	0.115328
-0.0880449	0.116155
-0.0824033	0.138029
-0.0755083	0.131647
-0.0752033	0.122728
-0.0748345	0.137238
-0.0662572	0.0110691
-0.063552	0.126801
-0.0579062	0.138819
-0.0568852	0.123544
-0.0453992	0.136443
-0.0414511	0.0104136
-0.0407142	0.12436
-0.0399192	0.125988
-0.0329683	0.125175
-0.0329484	0.132452
-0.0156949	0.135647
-0.0134348	0.00976589
-0.0059402	0.139608
-0.00536251	0.133252
0.00290588	0.13485
0.00660271	0.134051
0.0194524	0.00913456
0.0315895	0.149703
0.0370092	0.149696
0.0437955	0.149683
0.0519561	0.149656
0.0540256	0.00851326
0.0608112	0.149603
0.0648892	0.140397
0.0719316	0.149496
0.0843073	0.149283
0.0906626	0.0079052
0.0960452	0.148912
0.106938	0.148541
0.12058	0.14817
0.130273	0.00731205
0.138188	0.141182
0.145679	0.147401
0.173815	0.00673192
0.177588	0.146632
0.198347	0.141966
0.21412	0.145858
0.219633	0.00616997
0.240737	0.142747
0.249335	0.145084
0.265211	0.00562091
0.265211	0.00562091
0.266049	0.143527
0.269305	0.144306
0.314937	0.00508729
0.368825	0.0045785
0.42501	0.00408281
0.484033	0.00361403
0.546325	0.00316129
0.61089	0.0027378
0.674713	0.00233484
0.741342	0.00196225
0.783843	8.24209e-05
0.799966	0.00161491
0.83345	0.00148162
0.857055	7.51027e-05
0.861207	0.00135359
0.887219	0.00121571
0.913339	9.16272e-05
0.913356	0.00108578
0.937854	0.000948577
0.95547	0.000128905
0.962066	0.000821378
0.981793	0.000188002
0.98257	0.000690801
0.99878	0.000262319
1.00063	0.000572092
1.01027	0.000354999
1.01354	0.000456317
)
