(title "Pressure Coefficient")
(labels "Pressure Coefficient" "Position")

((xy/key/label "middleplane_pressureside")
-0.37086	0.0363576
-0.370671	0.0356509
-0.370319	0.0384625
-0.369893	0.039153
-0.369893	0.039153
-0.36977	0.0370652
-0.369648	0.0377634
-0.368848	0.0349369
-0.368594	0.0398444
-0.36798	0.0405259
-0.367964	0.0412082
-0.367907	0.0342241
-0.367871	0.0335023
-0.366869	0.0418814
-0.366738	0.0327822
-0.365332	0.0425547
-0.364662	0.0320552
-0.364113	0.0432186
-0.363327	0.0438826
-0.362779	0.0313298
-0.362244	0.0447112
-0.360792	0.0305971
-0.36055	0.0455399
-0.358683	0.0463705
-0.35854	0.0298666
-0.356609	0.0291293
-0.356547	0.0472014
-0.35423	0.048034
-0.3534	0.028394
-0.35182	0.0488669
-0.349281	0.0497014
-0.349281	0.0497014
-0.348529	0.0276544
-0.346654	0.0505361
-0.344474	0.0269173
-0.343934	0.0513722
-0.341101	0.0522086
-0.340955	0.0261741
-0.338223	0.0530463
-0.336265	0.025434
-0.335214	0.0538842
-0.332186	0.0547234
-0.330794	0.0246907
-0.329007	0.0555626
-0.325734	0.0564031
-0.325294	0.0239499
-0.322447	0.0572435
-0.320106	0.0232065
-0.319176	0.0580851
-0.315801	0.0589267
-0.313364	0.0224653
-0.312342	0.0597694
-0.30885	0.060612
-0.305281	0.0614555
-0.304762	0.0217252
-0.301693	0.0622991
-0.298043	0.0631434
-0.296144	0.0209874
-0.294365	0.0639878
-0.290654	0.0648328
-0.287208	0.0202499
-0.286903	0.0656779
-0.283143	0.0665235
-0.279328	0.0673691
-0.277386	0.0195158
-0.275523	0.0682153
-0.271656	0.0690614
-0.26777	0.0699078
-0.266596	0.0187837
-0.263791	0.0707541
-0.259696	0.0716004
-0.255407	0.0724461
-0.254785	0.0180555
-0.251188	0.0732934
-0.247063	0.0741398
-0.247063	0.0741398
-0.243003	0.0749879
-0.241888	0.0173306
-0.239111	0.0758352
-0.23517	0.0766826
-0.23119	0.0775295
-0.227898	0.0166104
-0.227148	0.0783763
-0.223019	0.0792222
-0.218921	0.0800698
-0.214877	0.0809161
-0.213019	0.0158947
-0.210876	0.0817641
-0.206973	0.0826112
-0.20308	0.0834577
-0.199177	0.0843034
-0.196846	0.0151843
-0.195311	0.0851494
-0.191475	0.0859941
-0.187682	0.0868405
-0.183957	0.0876854
-0.180277	0.0885319
-0.179193	0.0144803
-0.176651	0.0893774
-0.173085	0.0902219
-0.169571	0.0910655
-0.16614	0.0919092
-0.162819	0.0927515
-0.160129	0.0137824
-0.159617	0.0935954
-0.156559	0.0944376
-0.153602	0.0952813
-0.150747	0.0961238
-0.147953	0.0969657
-0.146926	0.128421
-0.14521	0.0978067
-0.14521	0.0978067
-0.144967	0.127613
-0.142508	0.0986468
-0.13989	0.0994857
-0.139615	0.0130921
-0.137349	0.100326
-0.13718	0.126801
-0.136974	0.13485
-0.134948	0.101164
-0.134749	0.129229
-0.132731	0.102004
-0.130722	0.102843
-0.129824	0.134051
-0.129249	0.125988
-0.128946	0.10368
-0.127347	0.104516
-0.125865	0.105352
-0.12439	0.106186
-0.124123	0.135647
-0.122817	0.107021
-0.121021	0.107855
-0.119874	0.125175
-0.118987	0.108689
-0.11748	0.012409
-0.116846	0.109523
-0.11503	0.116155
-0.114878	0.110355
-0.114604	0.115328
-0.113926	0.11698
-0.113294	0.111185
-0.113294	0.1145
-0.113177	0.136443
-0.112175	0.130036
-0.11216	0.113672
-0.112153	0.112015
-0.112153	0.112015
-0.111738	0.112843
-0.111537	0.117803
-0.108931	0.12436
-0.10806	0.118626
-0.104561	0.137238
-0.103437	0.119447
-0.0993372	0.133252
-0.0988931	0.123544
-0.0983339	0.120268
-0.0936561	0.011735
-0.0935603	0.121088
-0.0925438	0.122728
-0.0909688	0.121909
-0.0909031	0.138029
-0.0897033	0.130842
-0.0753357	0.132452
-0.0745386	0.131647
-0.071838	0.138819
-0.0688298	0.0110691
-0.0495528	0.139608
-0.0439883	0.0104136
-0.0245634	0.140397
-0.0159339	0.00976589
0.00571872	0.141182
0.0169974	0.00913456
0.0358411	0.141966
0.0516169	0.00851326
0.0588776	0.142747
0.0769617	0.143527
0.0883025	0.0079052
0.0935344	0.144306
0.107141	0.145084
0.107329	0.148541
0.107839	0.14817
0.109381	0.148912
0.111169	0.147401
0.113172	0.149283
0.114953	0.145858
0.115516	0.146632
0.115811	0.149496
0.116666	0.149696
0.116677	0.149603
0.116931	0.149656
0.116998	0.149683
0.117665	0.149703
0.127966	0.00731205
0.171568	0.00673192
0.217449	0.00616997
0.263091	0.00562091
0.263091	0.00562091
0.312892	0.00508729
0.366868	0.0045785
0.423148	0.00408281
0.482279	0.00361403
0.544698	0.00316129
0.609404	0.0027378
0.673376	0.00233484
0.740189	0.00196225
0.785206	8.24209e-05
0.798987	0.00161491
0.832576	0.00148162
0.858063	7.51027e-05
0.860429	0.00135359
0.886532	0.00121571
0.912766	0.00108578
0.913889	9.16272e-05
0.937343	0.000948577
0.95545	0.000128905
0.96165	0.000821378
0.981254	0.000188002
0.982199	0.000690801
0.997867	0.000262319
1.00022	0.000572092
1.00945	0.000354999
1.01305	0.000456317
)
