(title "Pressure Coefficient")
(labels "Pressure Coefficient" "Position")

((xy/key/label "middleplane_pressureside")
-0.370931	0.0363576
-0.370672	0.0356509
-0.37056	0.0384625
-0.370199	0.039153
-0.370199	0.039153
-0.3699	0.0370652
-0.369827	0.0377634
-0.368953	0.0398444
-0.368775	0.0349369
-0.368454	0.0412082
-0.368398	0.0405259
-0.367768	0.0342241
-0.367678	0.0335023
-0.367384	0.0418814
-0.366479	0.0327822
-0.365905	0.0425547
-0.36473	0.0432186
-0.364341	0.0320552
-0.363964	0.0438826
-0.362985	0.0447112
-0.362385	0.0313298
-0.361362	0.0455399
-0.360337	0.0305971
-0.359579	0.0463705
-0.358014	0.0298666
-0.357503	0.0472014
-0.356015	0.0291293
-0.355236	0.048034
-0.352897	0.0488669
-0.352726	0.028394
-0.350411	0.0497014
-0.350411	0.0497014
-0.347847	0.0505361
-0.347765	0.0276544
-0.345177	0.0513722
-0.343658	0.0269173
-0.342414	0.0522086
-0.340068	0.0261741
-0.339597	0.0530463
-0.336658	0.0538842
-0.335305	0.025434
-0.333699	0.0547234
-0.33058	0.0555626
-0.329756	0.0246907
-0.327377	0.0564031
-0.324174	0.0239499
-0.324144	0.0572435
-0.320933	0.0580851
-0.318911	0.0232065
-0.317609	0.0589267
-0.314212	0.0597694
-0.312078	0.0224653
-0.310776	0.060612
-0.307259	0.0614555
-0.303733	0.0622991
-0.303399	0.0217252
-0.300143	0.0631434
-0.296542	0.0639878
-0.294704	0.0209874
-0.292897	0.0648328
-0.289216	0.0656779
-0.285681	0.0202499
-0.285519	0.0665235
-0.281763	0.0673691
-0.278022	0.0682153
-0.275782	0.0195158
-0.274205	0.0690614
-0.270384	0.0699078
-0.266465	0.0707541
-0.264902	0.0187837
-0.262448	0.0716004
-0.258242	0.0724461
-0.254108	0.0732934
-0.253008	0.0180555
-0.250075	0.0741398
-0.250075	0.0741398
-0.246099	0.0749879
-0.242291	0.0758352
-0.240026	0.0173306
-0.238433	0.0766826
-0.23454	0.0775295
-0.230587	0.0783763
-0.226563	0.0792222
-0.225945	0.0166104
-0.224124	0.136443
-0.222674	0.137238
-0.22258	0.0800698
-0.218665	0.0809161
-0.214813	0.0817641
-0.211079	0.0826112
-0.210982	0.0158947
-0.20736	0.0834577
-0.203629	0.0843034
-0.199928	0.0851494
-0.19625	0.0859941
-0.19472	0.0151843
-0.192627	0.0868405
-0.189081	0.0876854
-0.185619	0.0885319
-0.185305	0.135647
-0.182248	0.0893774
-0.181284	0.138029
-0.178983	0.0902219
-0.176977	0.0144803
-0.175804	0.0910655
-0.172717	0.0919092
-0.169726	0.0927515
-0.169117	0.128421
-0.166807	0.0935954
-0.164007	0.0944376
-0.161281	0.0952813
-0.160639	0.127613
-0.158674	0.0961238
-0.157826	0.0137824
-0.156163	0.0969657
-0.154259	0.129229
-0.153772	0.0978067
-0.153772	0.0978067
-0.151494	0.0986468
-0.149348	0.0994857
-0.147296	0.100326
-0.145348	0.101164
-0.143497	0.102004
-0.141729	0.102843
-0.14008	0.10368
-0.138518	0.104516
-0.137794	0.126801
-0.137221	0.0130921
-0.137097	0.105352
-0.13582	0.106186
-0.13469	0.107021
-0.13356	0.107855
-0.132385	0.108689
-0.131772	0.13485
-0.131193	0.109523
-0.129908	0.110355
-0.128514	0.111185
-0.127653	0.118626
-0.127318	0.119447
-0.126923	0.112015
-0.126923	0.112015
-0.126703	0.117803
-0.125669	0.11698
-0.125341	0.112843
-0.12485	0.116155
-0.124332	0.115328
-0.124284	0.113672
-0.124052	0.1145
-0.123956	0.130036
-0.123912	0.120268
-0.117518	0.121088
-0.117485	0.125988
-0.114994	0.012409
-0.113199	0.138819
-0.11033	0.121909
-0.105675	0.125175
-0.104845	0.122728
-0.101642	0.123544
-0.101021	0.12436
-0.0936389	0.130842
-0.0912943	0.134051
-0.0910799	0.011735
-0.0728898	0.131647
-0.0703659	0.133252
-0.0661679	0.0110691
-0.0648794	0.132452
-0.0412379	0.0104136
-0.0330722	0.139608
-0.0130927	0.00976589
0.0199178	0.00913456
0.0418307	0.140397
0.0546064	0.00851326
0.0913525	0.0079052
0.0955828	0.141182
0.116912	0.148541
0.11861	0.148912
0.119212	0.14817
0.120943	0.143527
0.121208	0.144306
0.121825	0.141966
0.122859	0.149283
0.125889	0.142747
0.126305	0.149496
0.127942	0.147401
0.128236	0.149603
0.128696	0.145084
0.129288	0.149656
0.129937	0.149683
0.130356	0.149696
0.131075	0.00731205
0.131145	0.149703
0.134943	0.145858
0.135634	0.146632
0.17473	0.00673192
0.220652	0.00616997
0.26633	0.00562091
0.26633	0.00562091
0.316129	0.00508729
0.370069	0.0045785
0.426316	0.00408281
0.485375	0.00361403
0.547692	0.00316129
0.612252	0.0027378
0.675982	0.00233484
0.74253	0.00196225
0.780697	8.24209e-05
0.801066	0.00161491
0.834439	0.00148162
0.854124	7.51027e-05
0.862094	0.00135359
0.887971	0.00121571
0.910703	9.16272e-05
0.913941	0.00108578
0.938227	0.000948577
0.953315	0.000128905
0.962211	0.000821378
0.980319	0.000188002
0.982516	0.000690801
0.998007	0.000262319
1.00043	0.000572092
1.00988	0.000354999
1.01326	0.000456317
)
