(title "Pressure Coefficient")
(labels "Pressure Coefficient" "Position")

((xy/key/label "middleplane_pressureside")
-0.36963	0.0363576
-0.369413	0.0356509
-0.369126	0.0384625
-0.368711	0.039153
-0.368711	0.039153
-0.368548	0.0370652
-0.368435	0.0377634
-0.367573	0.0349369
-0.367427	0.0398444
-0.366822	0.0412082
-0.366821	0.0405259
-0.36661	0.0342241
-0.366559	0.0335023
-0.365726	0.0418814
-0.365393	0.0327822
-0.36422	0.0425547
-0.363305	0.0320552
-0.36298	0.0432186
-0.362195	0.0438826
-0.361397	0.0313298
-0.361159	0.0447112
-0.359479	0.0455399
-0.359389	0.0305971
-0.357662	0.0463705
-0.357122	0.0298666
-0.3555	0.0472014
-0.355162	0.0291293
-0.353206	0.048034
-0.35196	0.028394
-0.350793	0.0488669
-0.348262	0.0497014
-0.348262	0.0497014
-0.347059	0.0276544
-0.345646	0.0505361
-0.34297	0.0269173
-0.34293	0.0513722
-0.340132	0.0522086
-0.339434	0.0261741
-0.337242	0.0530463
-0.334718	0.025434
-0.334277	0.0538842
-0.331239	0.0547234
-0.329227	0.0246907
-0.328091	0.0555626
-0.324809	0.0564031
-0.323698	0.0239499
-0.321523	0.0572435
-0.318485	0.0232065
-0.318261	0.0580851
-0.314871	0.0589267
-0.311707	0.0224653
-0.311431	0.0597694
-0.307917	0.060612
-0.304382	0.0614555
-0.303078	0.0217252
-0.300781	0.0622991
-0.297165	0.0631434
-0.294443	0.0209874
-0.293488	0.0639878
-0.28979	0.0648328
-0.286043	0.0656779
-0.28547	0.0202499
-0.28227	0.0665235
-0.278464	0.0673691
-0.275627	0.0195158
-0.274632	0.0682153
-0.270778	0.0690614
-0.266872	0.0699078
-0.264804	0.0187837
-0.262909	0.0707541
-0.258818	0.0716004
-0.254544	0.0724461
-0.252964	0.0180555
-0.250347	0.0732934
-0.246217	0.0741398
-0.246217	0.0741398
-0.242163	0.0749879
-0.240043	0.0173306
-0.238254	0.0758352
-0.234304	0.0766826
-0.230317	0.0775295
-0.226289	0.0783763
-0.226017	0.0166104
-0.222185	0.0792222
-0.21812	0.0800698
-0.214115	0.0809161
-0.211111	0.0158947
-0.210153	0.0817641
-0.206278	0.0826112
-0.202399	0.0834577
-0.198509	0.0843034
-0.196336	0.125988
-0.194909	0.0151843
-0.19465	0.0851494
-0.193802	0.126801
-0.192191	0.134051
-0.190836	0.0859941
-0.187081	0.0868405
-0.183417	0.0876854
-0.180277	0.13485
-0.17983	0.0885319
-0.177222	0.0144803
-0.176317	0.0893774
-0.172882	0.0902219
-0.169492	0.0910655
-0.16882	0.133252
-0.16617	0.0919092
-0.165763	0.125175
-0.162915	0.0927515
-0.159742	0.0935954
-0.158131	0.0137824
-0.156684	0.0944376
-0.153736	0.0952813
-0.15095	0.0961238
-0.148307	0.0969657
-0.147276	0.127613
-0.145807	0.0978067
-0.145807	0.0978067
-0.143405	0.0986468
-0.141091	0.0994857
-0.13879	0.100326
-0.13826	0.135647
-0.137587	0.0130921
-0.13653	0.101164
-0.1343	0.102004
-0.132661	0.12436
-0.13214	0.102843
-0.130102	0.10368
-0.128242	0.104516
-0.126605	0.105352
-0.125201	0.106186
-0.123995	0.107021
-0.123007	0.132452
-0.122807	0.107855
-0.121576	0.108689
-0.120201	0.109523
-0.118562	0.110355
-0.116803	0.111185
-0.116165	0.11698
-0.115686	0.117803
-0.115419	0.012409
-0.11541	0.116155
-0.114921	0.112015
-0.114921	0.112015
-0.114449	0.115328
-0.113668	0.1145
-0.113463	0.112843
-0.113184	0.113672
-0.112098	0.118626
-0.108421	0.123544
-0.104255	0.119447
-0.093497	0.120268
-0.0920221	0.122728
-0.0915657	0.011735
-0.0850474	0.121088
-0.0840959	0.121909
-0.082519	0.128421
-0.0806109	0.136443
-0.0734677	0.131647
-0.066712	0.0110691
-0.0418398	0.0104136
-0.0344582	0.130842
-0.0334925	0.129229
-0.0230534	0.137238
-0.0181994	0.130036
-0.013756	0.00976589
0.0144753	0.143527
0.0191952	0.00913456
0.0207334	0.138029
0.0212109	0.142747
0.0213206	0.144306
0.0344244	0.145084
0.0395103	0.141966
0.0485459	0.138819
0.0538294	0.00851326
0.0546454	0.145858
0.0546836	0.141182
0.0636461	0.139608
0.0638965	0.140397
0.0756311	0.146632
0.0905254	0.0079052
0.0952982	0.147401
0.114131	0.14817
0.126456	0.148541
0.130195	0.00731205
0.139134	0.148912
0.150812	0.149283
0.157603	0.149496
0.161038	0.149603
0.162546	0.149656
0.163192	0.149683
0.163569	0.149696
0.164521	0.149703
0.173796	0.00673192
0.219672	0.00616997
0.265305	0.00562091
0.265305	0.00562091
0.315073	0.00508729
0.368991	0.0045785
0.425209	0.00408281
0.484251	0.00361403
0.546552	0.00316129
0.611103	0.0027378
0.674865	0.00233484
0.741425	0.00196225
0.781956	8.24209e-05
0.799975	0.00161491
0.833388	0.00148162
0.855318	7.51027e-05
0.86108	0.00135359
0.887017	0.00121571
0.911789	9.16272e-05
0.913067	0.00108578
0.937468	0.000948577
0.95419	0.000128905
0.961573	0.000821378
0.980847	0.000188002
0.982001	0.000690801
0.998133	0.000262319
1.00003	0.000572092
1.00974	0.000354999
1.01297	0.000456317
)
