(title "Pressure Coefficient")
(labels "Pressure Coefficient" "Position")

((xy/key/label "middleplane_pressureside")
-0.370482	0.0363576
-0.370255	0.0356509
-0.369995	0.0384625
-0.369599	0.039153
-0.369599	0.039153
-0.369395	0.0370652
-0.369308	0.0377634
-0.368398	0.0349369
-0.368312	0.0398444
-0.367715	0.0405259
-0.367712	0.0412082
-0.367433	0.0342241
-0.367369	0.0335023
-0.366654	0.0418814
-0.36619	0.0327822
-0.365162	0.0425547
-0.364078	0.0320552
-0.363936	0.0432186
-0.363214	0.0438826
-0.36217	0.0313298
-0.36212	0.0447112
-0.360462	0.0455399
-0.360134	0.0305971
-0.35861	0.0463705
-0.35786	0.0298666
-0.356456	0.0472014
-0.355884	0.0291293
-0.354181	0.048034
-0.3527	0.028394
-0.351762	0.0488669
-0.34928	0.0497014
-0.34928	0.0497014
-0.347808	0.0276544
-0.346645	0.0505361
-0.343983	0.0513722
-0.34367	0.0269173
-0.341163	0.0522086
-0.340129	0.0261741
-0.338302	0.0530463
-0.335395	0.025434
-0.335341	0.0538842
-0.332307	0.0547234
-0.329895	0.0246907
-0.329165	0.0555626
-0.325863	0.0564031
-0.324358	0.0239499
-0.322602	0.0572435
-0.319328	0.0580851
-0.319131	0.0232065
-0.315964	0.0589267
-0.312512	0.0597694
-0.312344	0.0224653
-0.309024	0.060612
-0.305482	0.0614555
-0.303695	0.0217252
-0.301895	0.0622991
-0.298273	0.0631434
-0.29505	0.0209874
-0.294599	0.0639878
-0.290907	0.0648328
-0.287153	0.0656779
-0.286064	0.0202499
-0.283394	0.0665235
-0.279569	0.0673691
-0.276205	0.0195158
-0.275753	0.0682153
-0.271879	0.0690614
-0.267981	0.0699078
-0.265372	0.0187837
-0.264006	0.0707541
-0.25991	0.0716004
-0.255636	0.0724461
-0.253514	0.0180555
-0.251427	0.0732934
-0.247307	0.0741398
-0.247307	0.0741398
-0.243244	0.0749879
-0.24058	0.0173306
-0.239338	0.0758352
-0.235372	0.0766826
-0.231369	0.0775295
-0.227309	0.0783763
-0.22654	0.0166104
-0.223171	0.0792222
-0.219068	0.0800698
-0.21503	0.0809161
-0.21162	0.0158947
-0.211043	0.0817641
-0.207157	0.0826112
-0.203277	0.0834577
-0.199374	0.0843034
-0.195504	0.0851494
-0.195403	0.0151843
-0.19164	0.0859941
-0.187833	0.0868405
-0.184083	0.0876854
-0.180407	0.0885319
-0.1777	0.0144803
-0.176821	0.0893774
-0.173306	0.0902219
-0.169863	0.0910655
-0.166498	0.0919092
-0.163236	0.0927515
-0.160037	0.0935954
-0.158594	0.0137824
-0.15699	0.0944376
-0.154021	0.0952813
-0.151197	0.0961238
-0.149655	0.129229
-0.148478	0.0969657
-0.147719	0.136443
-0.146464	0.130036
-0.145856	0.0978067
-0.145856	0.0978067
-0.144023	0.137238
-0.143303	0.0986468
-0.142466	0.135647
-0.140798	0.0994857
-0.138311	0.100326
-0.138033	0.0130921
-0.136267	0.128421
-0.135837	0.101164
-0.135828	0.138029
-0.133466	0.102004
-0.13121	0.102843
-0.13061	0.130842
-0.129833	0.138819
-0.129201	0.10368
-0.127533	0.13485
-0.127436	0.104516
-0.125962	0.105352
-0.124714	0.106186
-0.123643	0.107021
-0.123426	0.120268
-0.123171	0.139608
-0.122655	0.107855
-0.121558	0.108689
-0.120573	0.119447
-0.1202	0.109523
-0.119901	0.121088
-0.118511	0.110355
-0.116518	0.111185
-0.115849	0.012409
-0.115024	0.118626
-0.114183	0.112015
-0.114183	0.112015
-0.112681	0.127613
-0.111735	0.131647
-0.111498	0.112843
-0.110495	0.117803
-0.110387	0.121909
-0.109241	0.134051
-0.108526	0.113672
-0.107299	0.11698
-0.106064	0.1145
-0.10538	0.116155
-0.104926	0.115328
-0.103803	0.140397
-0.0997021	0.132452
-0.098684	0.133252
-0.0975761	0.122728
-0.0919789	0.011735
-0.08927	0.126801
-0.0848134	0.123544
-0.0738089	0.125988
-0.0737731	0.12436
-0.0688158	0.125175
-0.068339	0.141182
-0.0671091	0.0110691
-0.0422221	0.0104136
-0.0230908	0.141966
-0.0141209	0.00976589
0.00545478	0.144306
0.00723234	0.143527
0.00935401	0.142747
0.01885	0.00913456
0.0372272	0.145084
0.0535026	0.00851326
0.0793272	0.145858
0.0902166	0.0079052
0.1095	0.146632
0.127627	0.147401
0.129907	0.00731205
0.141689	0.14817
0.157144	0.148541
0.17353	0.00673192
0.178515	0.148912
0.196031	0.149283
0.201938	0.149703
0.202144	0.149696
0.202852	0.149496
0.202954	0.149683
0.203791	0.149656
0.204149	0.149603
0.219426	0.00616997
0.265077	0.00562091
0.265077	0.00562091
0.314863	0.00508729
0.368799	0.0045785
0.425033	0.00408281
0.484089	0.00361403
0.546401	0.00316129
0.610964	0.0027378
0.674752	0.00233484
0.741343	0.00196225
0.782347	8.24209e-05
0.799932	0.00161491
0.833389	0.00148162
0.855682	7.51027e-05
0.861129	0.00135359
0.887125	0.00121571
0.912198	9.16272e-05
0.913256	0.00108578
0.937758	0.000948577
0.95474	0.000128905
0.961992	0.000821378
0.98161	0.000188002
0.982562	0.000690801
0.999053	0.000262319
1.00073	0.000572092
1.01067	0.000354999
1.0138	0.000456317
)
