(title "Pressure Coefficient")
(labels "Pressure Coefficient" "Position")

((xy/key/label "middleplane_pressureside")
-0.370628	0.0363576
-0.370427	0.0356509
-0.370066	0.0384625
-0.369623	0.039153
-0.369623	0.039153
-0.369525	0.0370652
-0.369381	0.0377634
-0.368616	0.0349369
-0.368326	0.0398444
-0.367696	0.0405259
-0.367685	0.0412082
-0.367675	0.0342241
-0.367654	0.0335023
-0.366548	0.0418814
-0.366512	0.0327822
-0.365036	0.0425547
-0.364456	0.0320552
-0.363704	0.0432186
-0.362878	0.0438826
-0.362564	0.0313298
-0.361903	0.0447112
-0.36059	0.0305971
-0.360176	0.0455399
-0.358384	0.0463705
-0.358347	0.0298666
-0.35642	0.0291293
-0.356157	0.0472014
-0.353859	0.048034
-0.353237	0.028394
-0.351425	0.0488669
-0.348839	0.0497014
-0.348839	0.0497014
-0.348345	0.0276544
-0.346229	0.0505361
-0.344297	0.0269173
-0.343453	0.0513722
-0.340791	0.0261741
-0.340638	0.0522086
-0.337694	0.0530463
-0.336101	0.025434
-0.334724	0.0538842
-0.331653	0.0547234
-0.330631	0.0246907
-0.328483	0.0555626
-0.325174	0.0564031
-0.325138	0.0239499
-0.321863	0.0572435
-0.319952	0.0232065
-0.318586	0.0580851
-0.315153	0.0589267
-0.313205	0.0224653
-0.311695	0.0597694
-0.308136	0.060612
-0.304617	0.0217252
-0.304586	0.0614555
-0.300941	0.0622991
-0.297297	0.0631434
-0.296	0.0209874
-0.293583	0.0639878
-0.289854	0.0648328
-0.287064	0.0202499
-0.286087	0.0656779
-0.282285	0.0665235
-0.278462	0.0673691
-0.277251	0.0195158
-0.274594	0.0682153
-0.270711	0.0690614
-0.266752	0.0699078
-0.266457	0.0187837
-0.26275	0.0707541
-0.258606	0.0716004
-0.254653	0.0180555
-0.254298	0.0724461
-0.250066	0.0732934
-0.245905	0.0741398
-0.245905	0.0741398
-0.241836	0.0749879
-0.241759	0.0173306
-0.237893	0.0758352
-0.233912	0.0766826
-0.229884	0.0775295
-0.227766	0.0166104
-0.225806	0.0783763
-0.221638	0.0792222
-0.217518	0.0800698
-0.213464	0.0809161
-0.212893	0.0158947
-0.209471	0.0817641
-0.205575	0.0826112
-0.201685	0.0834577
-0.19778	0.0843034
-0.196717	0.0151843
-0.1965	0.133252
-0.193886	0.0851494
-0.192489	0.134051
-0.190011	0.0859941
-0.186158	0.0868405
-0.182387	0.0876854
-0.179749	0.132452
-0.179066	0.0144803
-0.178686	0.0885319
-0.175101	0.0893774
-0.171628	0.0902219
-0.168261	0.0910655
-0.16499	0.0919092
-0.161815	0.0927515
-0.160005	0.0137824
-0.158683	0.0935954
-0.156126	0.13485
-0.155605	0.0944376
-0.152545	0.0952813
-0.149527	0.0961238
-0.146607	0.0969657
-0.14382	0.0978067
-0.14382	0.0978067
-0.141228	0.0986468
-0.14062	0.131647
-0.13949	0.0130921
-0.138868	0.0994857
-0.136743	0.100326
-0.136546	0.12436
-0.134815	0.101164
-0.132984	0.102004
-0.132457	0.123544
-0.13115	0.102843
-0.130713	0.125175
-0.129237	0.10368
-0.127196	0.104516
-0.125001	0.105352
-0.122681	0.106186
-0.1216	0.122728
-0.120305	0.107021
-0.118111	0.107855
-0.117356	0.012409
-0.116967	0.113672
-0.116404	0.108689
-0.116369	0.112843
-0.11577	0.1145
-0.115286	0.112015
-0.115286	0.112015
-0.115282	0.109523
-0.114737	0.110355
-0.114725	0.111185
-0.112522	0.115328
-0.110533	0.125988
-0.107751	0.116155
-0.106902	0.121909
-0.101784	0.11698
-0.0948482	0.117803
-0.093532	0.011735
-0.0927525	0.121088
-0.0924085	0.135647
-0.0891145	0.130842
-0.0874284	0.118626
-0.0838591	0.120268
-0.0824278	0.119447
-0.0771364	0.126801
-0.0687054	0.0110691
-0.0438631	0.0104136
-0.0432964	0.130036
-0.0393966	0.127613
-0.0341106	0.141966
-0.0300084	0.142747
-0.0243988	0.136443
-0.0207083	0.141182
-0.0165035	0.129229
-0.0158074	0.00976589
-0.0148971	0.128421
-0.00974992	0.143527
0.00591062	0.140397
0.0171243	0.00913456
0.0225682	0.144306
0.0339883	0.137238
0.0364944	0.139608
0.0517433	0.00851326
0.0592578	0.138819
0.0609383	0.145084
0.0627639	0.138029
0.0884282	0.0079052
0.0957468	0.145858
0.121646	0.146632
0.128091	0.00731205
0.142255	0.147401
0.15775	0.14817
0.165483	0.148541
0.17128	0.148912
0.17169	0.00673192
0.176025	0.149283
0.177016	0.149703
0.178144	0.149696
0.178837	0.149496
0.179288	0.149683
0.18003	0.149603
0.180133	0.149656
0.217568	0.00616997
0.263205	0.00562091
0.263205	0.00562091
0.312996	0.00508729
0.366957	0.0045785
0.423219	0.00408281
0.482326	0.00361403
0.544712	0.00316129
0.609378	0.0027378
0.673304	0.00233484
0.740062	0.00196225
0.784953	8.24209e-05
0.798809	0.00161491
0.832369	0.00148162
0.857895	7.51027e-05
0.860198	0.00135359
0.88628	0.00121571
0.912497	0.00108578
0.9138	9.16272e-05
0.937066	0.000948577
0.955411	0.000128905
0.961371	0.000821378
0.981222	0.000188002
0.981932	0.000690801
0.997802	0.000262319
0.999981	0.000572092
1.00931	0.000354999
1.01284	0.000456317
)
