(title "Pressure Coefficient")
(labels "Pressure Coefficient" "Position")

((xy/key/label "middleplane_pressureside")
-0.367725	0.0363576
-0.367543	0.0356509
-0.367158	0.0384625
-0.366721	0.039153
-0.366721	0.039153
-0.366625	0.0370652
-0.36649	0.0377634
-0.36573	0.0349369
-0.365418	0.0398444
-0.3648	0.0342241
-0.36479	0.0405259
-0.364775	0.0412082
-0.364775	0.0335023
-0.363651	0.0327822
-0.363648	0.0418814
-0.362104	0.0425547
-0.361589	0.0320552
-0.360839	0.0432186
-0.360009	0.0438826
-0.359711	0.0313298
-0.358959	0.0447112
-0.357735	0.0305971
-0.357232	0.0455399
-0.355484	0.0298666
-0.355392	0.0463705
-0.353557	0.0291293
-0.353205	0.0472014
-0.350873	0.048034
-0.350307	0.028394
-0.348447	0.0488669
-0.345879	0.0497014
-0.345879	0.0497014
-0.345435	0.0276544
-0.343239	0.0505361
-0.341423	0.0269173
-0.340472	0.0513722
-0.337903	0.0261741
-0.337648	0.0522086
-0.334699	0.0530463
-0.333223	0.025434
-0.331691	0.0538842
-0.328605	0.0547234
-0.327746	0.0246907
-0.325415	0.0555626
-0.322247	0.0239499
-0.322105	0.0564031
-0.318778	0.0572435
-0.317059	0.0232065
-0.315501	0.0580851
-0.31206	0.0589267
-0.310321	0.0224653
-0.308602	0.0597694
-0.305039	0.060612
-0.301725	0.0217252
-0.301474	0.0614555
-0.297826	0.0622991
-0.294152	0.0631434
-0.293098	0.0209874
-0.29043	0.0639878
-0.286664	0.0648328
-0.284164	0.0202499
-0.282884	0.0656779
-0.279058	0.0665235
-0.275227	0.0673691
-0.27434	0.0195158
-0.271355	0.0682153
-0.267471	0.0690614
-0.263548	0.0187837
-0.263522	0.0699078
-0.259513	0.0707541
-0.255373	0.0716004
-0.251738	0.0180555
-0.251043	0.0724461
-0.246803	0.0732934
-0.242614	0.0741398
-0.242614	0.0741398
-0.238837	0.0173306
-0.23852	0.0749879
-0.234567	0.0758352
-0.230579	0.0766826
-0.226563	0.0775295
-0.224847	0.0166104
-0.224833	0.126801
-0.222517	0.0783763
-0.218392	0.0792222
-0.216912	0.127613
-0.214305	0.0800698
-0.210281	0.0809161
-0.209966	0.0158947
-0.2063	0.0817641
-0.202412	0.0826112
-0.198956	0.125988
-0.198524	0.0834577
-0.194638	0.0843034
-0.193791	0.0151843
-0.190783	0.0851494
-0.186984	0.0859941
-0.183241	0.0868405
-0.182502	0.128421
-0.179611	0.0876854
-0.176138	0.0144803
-0.176066	0.0885319
-0.172635	0.0893774
-0.169292	0.0902219
-0.166013	0.0910655
-0.162812	0.0919092
-0.159691	0.0927515
-0.157073	0.0137824
-0.156652	0.0935954
-0.154175	0.125175
-0.153706	0.0944376
-0.150898	0.0952813
-0.148209	0.0961238
-0.145675	0.0969657
-0.143277	0.0978067
-0.143277	0.0978067
-0.142889	0.135647
-0.141009	0.0986468
-0.138873	0.0994857
-0.136822	0.100326
-0.13656	0.0130921
-0.136331	0.129229
-0.134898	0.101164
-0.134784	0.136443
-0.133074	0.102004
-0.131378	0.102843
-0.13086	0.13485
-0.129803	0.10368
-0.128362	0.104516
-0.12701	0.105352
-0.125722	0.106186
-0.124351	0.107021
-0.123394	0.117803
-0.122851	0.107855
-0.122837	0.11698
-0.122027	0.116155
-0.121896	0.118626
-0.121315	0.108689
-0.120609	0.115328
-0.11975	0.109523
-0.118778	0.1145
-0.118295	0.110355
-0.117023	0.111185
-0.116915	0.113672
-0.115987	0.112015
-0.115987	0.112015
-0.115781	0.112843
-0.115017	0.119447
-0.114426	0.012409
-0.114417	0.12436
-0.109728	0.137238
-0.103284	0.120268
-0.0989311	0.134051
-0.0922688	0.130036
-0.0906039	0.011735
-0.0899894	0.121088
-0.0898652	0.123544
-0.0801514	0.121909
-0.0793291	0.122728
-0.0697069	0.133252
-0.0657813	0.0110691
-0.0598449	0.130842
-0.0562169	0.138029
-0.0505342	0.132452
-0.0453889	0.131647
-0.0409424	0.0104136
-0.0128949	0.00976589
0.00880361	0.138819
0.0200209	0.00913456
0.0546213	0.00851326
0.0657837	0.139608
0.0912848	0.0079052
0.0979262	0.145084
0.0997528	0.144306
0.105985	0.145858
0.115125	0.140397
0.11863	0.143527
0.122598	0.146632
0.130918	0.00731205
0.146965	0.142747
0.147311	0.147401
0.153662	0.141182
0.164731	0.141966
0.166831	0.14817
0.173239	0.148541
0.174477	0.00673192
0.175699	0.148912
0.176849	0.149696
0.176864	0.149683
0.176949	0.149656
0.176978	0.149283
0.177171	0.149603
0.177291	0.149496
0.177331	0.149703
0.22031	0.00616997
0.265901	0.00562091
0.265901	0.00562091
0.315637	0.00508729
0.36953	0.0045785
0.425709	0.00408281
0.484721	0.00361403
0.546995	0.00316129
0.611539	0.0027378
0.675355	0.00233484
0.741962	0.00196225
0.783624	8.24209e-05
0.80056	0.00161491
0.834038	0.00148162
0.856998	7.51027e-05
0.861787	0.00135359
0.887793	0.00121571
0.913567	9.16272e-05
0.913914	0.00108578
0.938415	0.000948577
0.956164	0.000128905
0.962595	0.000821378
0.982978	0.000188002
0.983135	0.000690801
1.0002	0.000262319
1.0013	0.000572092
1.01142	0.000354999
1.0143	0.000456317
)
