(title "Pressure Coefficient")
(labels "Pressure Coefficient" "Position")

((xy/key/label "middleplane_pressureside")
-0.373139	0.0363576
-0.372927	0.0356509
-0.372598	0.0384625
-0.372169	0.039153
-0.372169	0.039153
-0.37203	0.0370652
-0.37191	0.0377634
-0.371106	0.0349369
-0.370875	0.0398444
-0.370256	0.0405259
-0.370247	0.0412082
-0.370154	0.0342241
-0.37012	0.0335023
-0.369142	0.0418814
-0.368961	0.0327822
-0.367658	0.0425547
-0.366888	0.0320552
-0.366333	0.0432186
-0.365568	0.0438826
-0.365001	0.0313298
-0.364553	0.0447112
-0.363001	0.0305971
-0.362866	0.0455399
-0.361058	0.0463705
-0.360756	0.0298666
-0.358836	0.0472014
-0.358805	0.0291293
-0.356581	0.048034
-0.355652	0.028394
-0.354107	0.0488669
-0.351602	0.0497014
-0.351602	0.0497014
-0.350783	0.0276544
-0.348975	0.0505361
-0.346684	0.0269173
-0.346243	0.0513722
-0.343479	0.0522086
-0.343168	0.0261741
-0.340561	0.0530463
-0.338473	0.025434
-0.337618	0.0538842
-0.334547	0.0547234
-0.333005	0.0246907
-0.331415	0.0555626
-0.32811	0.0564031
-0.327499	0.0239499
-0.324828	0.0572435
-0.322311	0.0232065
-0.321551	0.0580851
-0.31816	0.0589267
-0.315557	0.0224653
-0.31472	0.0597694
-0.311192	0.060612
-0.307671	0.0614555
-0.306951	0.0217252
-0.304062	0.0622991
-0.300466	0.0631434
-0.298341	0.0209874
-0.296774	0.0639878
-0.293089	0.0648328
-0.289395	0.0202499
-0.289332	0.0656779
-0.28557	0.0665235
-0.281762	0.0673691
-0.279576	0.0195158
-0.277932	0.0682153
-0.274075	0.0690614
-0.270155	0.0699078
-0.268781	0.0187837
-0.26619	0.0707541
-0.262081	0.0716004
-0.257811	0.0724461
-0.256967	0.0180555
-0.253596	0.0732934
-0.249475	0.0741398
-0.249475	0.0741398
-0.245416	0.0749879
-0.244071	0.0173306
-0.241508	0.0758352
-0.237559	0.0766826
-0.233558	0.0775295
-0.230074	0.0166104
-0.229516	0.0783763
-0.227401	0.132452
-0.225387	0.0792222
-0.221292	0.0800698
-0.217245	0.0809161
-0.216385	0.131647
-0.215194	0.0158947
-0.213258	0.0817641
-0.211469	0.133252
-0.209355	0.0826112
-0.20546	0.0834577
-0.201537	0.0843034
-0.199017	0.0151843
-0.197641	0.0851494
-0.193773	0.0859941
-0.18995	0.0868405
-0.186222	0.0876854
-0.182552	0.0885319
-0.18187	0.134051
-0.181359	0.0144803
-0.178974	0.0893774
-0.175469	0.0902219
-0.172029	0.0910655
-0.168648	0.0919092
-0.166905	0.130842
-0.165357	0.0927515
-0.162295	0.0137824
-0.162128	0.0935954
-0.159015	0.0944376
-0.156886	0.13485
-0.156009	0.0952813
-0.154763	0.12436
-0.153123	0.0961238
-0.151949	0.123544
-0.150391	0.0969657
-0.147939	0.125175
-0.147795	0.0978067
-0.147795	0.0978067
-0.145329	0.0986468
-0.144069	0.122728
-0.143105	0.135647
-0.142985	0.0994857
-0.141779	0.0130921
-0.14072	0.100326
-0.138523	0.101164
-0.136385	0.102004
-0.134315	0.102843
-0.132365	0.10368
-0.131898	0.121909
-0.130563	0.104516
-0.128942	0.105352
-0.127487	0.106186
-0.126177	0.107021
-0.125883	0.136443
-0.124968	0.107855
-0.124261	0.125988
-0.123919	0.108689
-0.123035	0.109523
-0.122269	0.110355
-0.121621	0.111185
-0.121171	0.112015
-0.121171	0.112015
-0.121067	0.112843
-0.120936	0.113672
-0.120172	0.1145
-0.119641	0.012409
-0.118868	0.121088
-0.11858	0.115328
-0.11653	0.116155
-0.114132	0.11698
-0.111415	0.117803
-0.11011	0.120268
-0.108441	0.118626
-0.107089	0.119447
-0.104969	0.130036
-0.103715	0.137238
-0.0958145	0.011735
-0.0891137	0.138029
-0.0864079	0.126801
-0.0806153	0.138819
-0.0709845	0.0110691
-0.0626175	0.139608
-0.0621851	0.129229
-0.0530683	0.127613
-0.0461404	0.0104136
-0.0438404	0.128421
-0.035857	0.140397
-0.0180855	0.00976589
-0.00396253	0.141182
0.014848	0.00913456
0.033939	0.141966
0.0494709	0.00851326
0.0771307	0.142747
0.0861605	0.0079052
0.124966	0.143527
0.125827	0.00731205
0.135753	0.146632
0.14044	0.147401
0.142518	0.145858
0.148587	0.14817
0.152704	0.148541
0.154982	0.145084
0.155352	0.144306
0.156564	0.148912
0.160621	0.149283
0.163157	0.149496
0.164501	0.149603
0.165316	0.149656
0.165757	0.149683
0.166005	0.149696
0.166273	0.149703
0.169429	0.00673192
0.215309	0.00616997
0.260947	0.00562091
0.260947	0.00562091
0.310755	0.00508729
0.364744	0.0045785
0.421028	0.00408281
0.480172	0.00361403
0.542608	0.00316129
0.607348	0.0027378
0.671397	0.00233484
0.738292	0.00196225
0.785969	8.24209e-05
0.797171	0.00161491
0.830836	0.00148162
0.858759	0.00135359
0.858784	7.51027e-05
0.884945	0.00121571
0.911275	0.00108578
0.9145	9.16272e-05
0.935972	0.000948577
0.955814	0.000128905
0.960404	0.000821378
0.98108	0.000690801
0.981243	0.000188002
0.997395	0.000262319
0.999219	0.000572092
1.00863	0.000354999
1.01212	0.000456317
)
