(title "Pressure Coefficient")
(labels "Pressure Coefficient" "Position")

((xy/key/label "middleplane_pressureside")
-0.375465	0.0363576
-0.375211	0.0356509
-0.375036	0.0384625
-0.374659	0.039153
-0.374659	0.039153
-0.374396	0.0370652
-0.374316	0.0377634
-0.373394	0.0398444
-0.373331	0.0349369
-0.372853	0.0412082
-0.372819	0.0405259
-0.372344	0.0342241
-0.372274	0.0335023
-0.37179	0.0418814
-0.37108	0.0327822
-0.370323	0.0425547
-0.369107	0.0432186
-0.36896	0.0320552
-0.368379	0.0438826
-0.367362	0.0447112
-0.367029	0.0313298
-0.365728	0.0455399
-0.364989	0.0305971
-0.363946	0.0463705
-0.3627	0.0298666
-0.361812	0.0472014
-0.360712	0.0291293
-0.359573	0.048034
-0.357498	0.028394
-0.357186	0.0488669
-0.354715	0.0497014
-0.354715	0.0497014
-0.352574	0.0276544
-0.352141	0.0505361
-0.34948	0.0513722
-0.348448	0.0269173
-0.346732	0.0522086
-0.344893	0.0261741
-0.343892	0.0530463
-0.340981	0.0538842
-0.340153	0.025434
-0.337987	0.0547234
-0.334889	0.0555626
-0.334639	0.0246907
-0.331648	0.0564031
-0.32909	0.0239499
-0.32842	0.0572435
-0.325204	0.0580851
-0.323859	0.0232065
-0.321877	0.0589267
-0.31849	0.0597694
-0.317061	0.0224653
-0.315046	0.060612
-0.311566	0.0614555
-0.308408	0.0217252
-0.308027	0.0622991
-0.30447	0.0631434
-0.300848	0.0639878
-0.299751	0.0209874
-0.29722	0.0648328
-0.293524	0.0656779
-0.29076	0.0202499
-0.289828	0.0665235
-0.286075	0.0673691
-0.282318	0.0682153
-0.280896	0.0195158
-0.278527	0.0690614
-0.274684	0.0699078
-0.270796	0.0707541
-0.270055	0.0187837
-0.266756	0.0716004
-0.262557	0.0724461
-0.258411	0.0732934
-0.258194	0.0180555
-0.254359	0.0741398
-0.254359	0.0741398
-0.250376	0.0749879
-0.246539	0.0758352
-0.245253	0.0173306
-0.242664	0.0766826
-0.238731	0.0775295
-0.234759	0.0783763
-0.231208	0.0166104
-0.2307	0.0792222
-0.226696	0.0800698
-0.222746	0.0809161
-0.218856	0.0817641
-0.216282	0.0158947
-0.215052	0.0826112
-0.211242	0.0834577
-0.207398	0.0843034
-0.203563	0.0851494
-0.200058	0.0151843
-0.199749	0.0859941
-0.195969	0.0868405
-0.193888	0.127613
-0.192293	0.0876854
-0.189266	0.128421
-0.188683	0.0885319
-0.185187	0.0893774
-0.182351	0.0144803
-0.181766	0.0902219
-0.178418	0.0910655
-0.17512	0.0919092
-0.171891	0.0927515
-0.168693	0.0935954
-0.165566	0.0944376
-0.163239	0.0137824
-0.162527	0.0952813
-0.161655	0.126801
-0.159582	0.0961238
-0.156811	0.0969657
-0.15418	0.0978067
-0.15418	0.0978067
-0.151721	0.0986468
-0.149385	0.0994857
-0.147554	0.129229
-0.147148	0.100326
-0.144955	0.101164
-0.142741	0.102004
-0.142673	0.0130921
-0.142606	0.136443
-0.142507	0.135647
-0.140499	0.102843
-0.138249	0.10368
-0.136072	0.104516
-0.134005	0.105352
-0.132166	0.106186
-0.130616	0.107021
-0.129472	0.107855
-0.128648	0.108689
-0.127933	0.109523
-0.127152	0.110355
-0.126687	0.13485
-0.126098	0.111185
-0.124808	0.120268
-0.124775	0.125988
-0.124602	0.112015
-0.124602	0.112015
-0.124167	0.119447
-0.122486	0.112843
-0.120484	0.012409
-0.120093	0.118626
-0.119645	0.113672
-0.118255	0.121088
-0.116717	0.117803
-0.116699	0.1145
-0.116274	0.137238
-0.114686	0.115328
-0.114681	0.11698
-0.113984	0.116155
-0.106445	0.121909
-0.10152	0.125175
-0.0988859	0.134051
-0.0966065	0.011735
-0.0943999	0.122728
-0.0922854	0.130036
-0.0893952	0.12436
-0.0874574	0.123544
-0.0717276	0.0110691
-0.0668792	0.143527
-0.0656585	0.133252
-0.0627418	0.138029
-0.0561285	0.142747
-0.0534342	0.144306
-0.0469933	0.130842
-0.046835	0.0104136
-0.0383133	0.132452
-0.0300386	0.141966
-0.028837	0.131647
-0.0187267	0.00976589
-0.0160492	0.145084
-0.0126972	0.138819
-0.00448904	0.141182
0.0105959	0.139608
0.0108269	0.140397
0.0142618	0.00913456
0.0375624	0.145858
0.0489383	0.00851326
0.0856806	0.0079052
0.0936118	0.146632
0.125403	0.00731205
0.145241	0.147401
0.169066	0.00673192
0.181774	0.14817
0.196637	0.148541
0.203836	0.148912
0.20592	0.149703
0.205988	0.149696
0.206231	0.149683
0.206557	0.149656
0.206602	0.149283
0.206804	0.149603
0.207001	0.149496
0.215006	0.00616997
0.260704	0.00562091
0.260704	0.00562091
0.310565	0.00508729
0.364601	0.0045785
0.420939	0.00408281
0.480127	0.00361403
0.542598	0.00316129
0.607358	0.0027378
0.671398	0.00233484
0.738274	0.00196225
0.785271	8.24209e-05
0.797132	0.00161491
0.830775	0.00148162
0.858078	7.51027e-05
0.858678	0.00135359
0.884844	0.00121571
0.911159	0.00108578
0.913884	9.16272e-05
0.935848	0.000948577
0.955426	0.000128905
0.960284	0.000821378
0.980993	0.000690801
0.981156	0.000188002
0.997623	0.000262319
0.999216	0.000572092
1.0089	0.000354999
1.01223	0.000456317
)
