(title "Pressure Coefficient")
(labels "Pressure Coefficient" "Position")

((xy/key/label "middleplane_pressureside")
-0.372676	0.0363576
-0.372475	0.0356509
-0.372133	0.0384625
-0.371711	0.039153
-0.371711	0.039153
-0.371572	0.0370652
-0.37146	0.0377634
-0.37065	0.0349369
-0.370411	0.0398444
-0.369792	0.0405259
-0.369778	0.0412082
-0.369712	0.0342241
-0.369678	0.0335023
-0.368686	0.0418814
-0.368532	0.0327822
-0.367177	0.0425547
-0.366453	0.0320552
-0.365909	0.0432186
-0.365146	0.0438826
-0.364572	0.0313298
-0.364066	0.0447112
-0.362569	0.0305971
-0.36238	0.0455399
-0.360531	0.0463705
-0.360319	0.0298666
-0.358376	0.0291293
-0.358342	0.0472014
-0.356052	0.048034
-0.355191	0.028394
-0.353607	0.0488669
-0.351098	0.0497014
-0.351098	0.0497014
-0.350326	0.0276544
-0.348456	0.0505361
-0.346243	0.0269173
-0.345755	0.0513722
-0.342939	0.0522086
-0.342728	0.0261741
-0.340038	0.0530463
-0.338033	0.025434
-0.337057	0.0538842
-0.333998	0.0547234
-0.332559	0.0246907
-0.330835	0.0555626
-0.327521	0.0564031
-0.327059	0.0239499
-0.324234	0.0572435
-0.321869	0.0232065
-0.320949	0.0580851
-0.31757	0.0589267
-0.315122	0.0224653
-0.314114	0.0597694
-0.310613	0.060612
-0.307055	0.0614555
-0.306513	0.0217252
-0.303446	0.0622991
-0.299802	0.0631434
-0.297896	0.0209874
-0.296097	0.0639878
-0.292383	0.0648328
-0.288954	0.0202499
-0.288601	0.0656779
-0.284831	0.0665235
-0.28099	0.0673691
-0.279129	0.0195158
-0.277167	0.0682153
-0.273288	0.0690614
-0.269376	0.0699078
-0.268336	0.0187837
-0.265391	0.0707541
-0.261267	0.0716004
-0.256966	0.0724461
-0.256519	0.0180555
-0.252717	0.0732934
-0.24856	0.0741398
-0.24856	0.0741398
-0.244761	0.134051
-0.244465	0.0749879
-0.243619	0.0173306
-0.240536	0.0758352
-0.236563	0.0766826
-0.232556	0.0775295
-0.232369	0.133252
-0.229625	0.0166104
-0.228494	0.0783763
-0.224345	0.0792222
-0.220219	0.0800698
-0.21614	0.0809161
-0.21474	0.0158947
-0.212093	0.0817641
-0.210303	0.13485
-0.208133	0.0826112
-0.204191	0.0834577
-0.200247	0.0843034
-0.198562	0.0151843
-0.196358	0.0851494
-0.192502	0.0859941
-0.18871	0.0868405
-0.184976	0.0876854
-0.183492	0.125988
-0.1813	0.0885319
-0.180904	0.0144803
-0.177796	0.132452
-0.177686	0.0893774
-0.176211	0.125175
-0.174133	0.0902219
-0.170614	0.0910655
-0.167174	0.0919092
-0.163832	0.0927515
-0.161834	0.0137824
-0.160583	0.0935954
-0.157507	0.0944376
-0.15456	0.0952813
-0.151776	0.0961238
-0.149124	0.0969657
-0.147984	0.126801
-0.146577	0.0978067
-0.146577	0.0978067
-0.144463	0.12436
-0.144082	0.0986468
-0.141628	0.0994857
-0.141314	0.0130921
-0.14127	0.135647
-0.139148	0.100326
-0.136707	0.101164
-0.134353	0.102004
-0.132188	0.102843
-0.130287	0.10368
-0.128713	0.104516
-0.127489	0.105352
-0.126558	0.106186
-0.12566	0.107021
-0.124438	0.107855
-0.122792	0.108689
-0.120712	0.109523
-0.119708	0.11698
-0.119417	0.116155
-0.119172	0.012409
-0.118422	0.110355
-0.117927	0.117803
-0.117895	0.115328
-0.11628	0.123544
-0.116015	0.111185
-0.115736	0.1145
-0.113804	0.112015
-0.113804	0.112015
-0.113708	0.113672
-0.112831	0.112843
-0.11187	0.118626
-0.111261	0.131647
-0.10166	0.119447
-0.097781	0.122728
-0.0953407	0.011735
-0.0916517	0.120268
-0.0894817	0.127613
-0.0879978	0.121909
-0.0862652	0.121088
-0.0705072	0.0110691
-0.0619369	0.136443
-0.0590305	0.143527
-0.058355	0.130842
-0.0456586	0.0104136
-0.0415826	0.144306
-0.0406602	0.128421
-0.0389591	0.142747
-0.02655	0.130036
-0.0196061	0.129229
-0.0175969	0.00976589
0.00419337	0.145084
0.00530543	0.137238
0.0104844	0.141966
0.0153425	0.00913456
0.0499704	0.00851326
0.0534055	0.138029
0.0559703	0.141182
0.0625468	0.145858
0.0818048	0.140397
0.0818278	0.138819
0.0866645	0.0079052
0.0909108	0.139608
0.116018	0.146632
0.126336	0.00731205
0.160524	0.147401
0.169943	0.00673192
0.171493	0.149703
0.173109	0.149696
0.175359	0.149683
0.178425	0.149656
0.182157	0.149603
0.187192	0.149496
0.188767	0.14817
0.193291	0.149283
0.197566	0.148541
0.19804	0.148912
0.215826	0.00616997
0.261467	0.00562091
0.261467	0.00562091
0.311269	0.00508729
0.365242	0.0045785
0.421506	0.00408281
0.480616	0.00361403
0.543	0.00316129
0.607667	0.0027378
0.671629	0.00233484
0.738401	0.00196225
0.785509	8.24209e-05
0.79716	0.00161491
0.830756	0.00148162
0.858493	7.51027e-05
0.858615	0.00135359
0.884747	0.00121571
0.911029	0.00108578
0.914465	9.16272e-05
0.935707	0.000948577
0.95612	0.000128905
0.960123	0.000821378
0.980841	0.000690801
0.981815	0.000188002
0.99809	0.000262319
0.999112	0.000572092
1.00907	0.000354999
1.01217	0.000456317
)
