(title "Pressure Coefficient")
(labels "Pressure Coefficient" "Position")

((xy/key/label "middleplane_pressureside")
-0.371057	0.0363576
-0.370814	0.0356509
-0.370648	0.0384625
-0.370278	0.039153
-0.370278	0.039153
-0.370009	0.0370652
-0.369935	0.0377634
-0.369019	0.0398444
-0.368939	0.0349369
-0.36848	0.0412082
-0.36845	0.0405259
-0.367948	0.0342241
-0.367865	0.0335023
-0.36742	0.0418814
-0.366682	0.0327822
-0.365944	0.0425547
-0.36474	0.0432186
-0.364552	0.0320552
-0.364006	0.0438826
-0.362973	0.0447112
-0.362617	0.0313298
-0.361336	0.0455399
-0.360571	0.0305971
-0.359535	0.0463705
-0.358263	0.0298666
-0.357414	0.0472014
-0.356274	0.0291293
-0.355168	0.048034
-0.35301	0.028394
-0.352786	0.0488669
-0.350315	0.0497014
-0.350315	0.0497014
-0.348087	0.0276544
-0.347732	0.0505361
-0.345068	0.0513722
-0.343974	0.0269173
-0.342297	0.0522086
-0.340399	0.0261741
-0.33945	0.0530463
-0.336516	0.0538842
-0.33565	0.025434
-0.333514	0.0547234
-0.330396	0.0555626
-0.330115	0.0246907
-0.32715	0.0564031
-0.324556	0.0239499
-0.323915	0.0572435
-0.320696	0.0580851
-0.319303	0.0232065
-0.317361	0.0589267
-0.313967	0.0597694
-0.312498	0.0224653
-0.310507	0.060612
-0.307003	0.0614555
-0.303835	0.0217252
-0.303447	0.0622991
-0.299853	0.0631434
-0.296219	0.0639878
-0.295151	0.0209874
-0.292553	0.0648328
-0.288855	0.0656779
-0.286149	0.0202499
-0.285133	0.0665235
-0.281377	0.0673691
-0.27761	0.0682153
-0.276263	0.0195158
-0.273801	0.0690614
-0.269955	0.0699078
-0.266025	0.0707541
-0.265405	0.0187837
-0.261979	0.0716004
-0.257739	0.0724461
-0.253581	0.0732934
-0.253528	0.0180555
-0.249505	0.0741398
-0.249505	0.0741398
-0.245505	0.0749879
-0.241666	0.0758352
-0.240564	0.0173306
-0.237785	0.0766826
-0.233866	0.0775295
-0.229895	0.0783763
-0.226505	0.0166104
-0.225836	0.0792222
-0.221806	0.0800698
-0.217836	0.0809161
-0.213916	0.0817641
-0.211559	0.0158947
-0.210102	0.0826112
-0.2063	0.0834577
-0.202502	0.0843034
-0.198738	0.0851494
-0.195318	0.0151843
-0.195016	0.0859941
-0.191335	0.0868405
-0.187732	0.0876854
-0.184179	0.0885319
-0.180697	0.0893774
-0.179921	0.125988
-0.177596	0.0144803
-0.177288	0.0902219
-0.1756	0.126801
-0.173952	0.0910655
-0.173184	0.125175
-0.170714	0.0919092
-0.167594	0.0927515
-0.164607	0.0935954
-0.163206	0.12436
-0.161746	0.0944376
-0.159001	0.0952813
-0.158463	0.0137824
-0.156345	0.0961238
-0.153778	0.0969657
-0.151267	0.0978067
-0.151267	0.0978067
-0.149702	0.127613
-0.148829	0.0986468
-0.148054	0.123544
-0.147876	0.134051
-0.146683	0.133252
-0.146467	0.0994857
-0.144204	0.100326
-0.142111	0.101164
-0.141272	0.13485
-0.140232	0.102004
-0.138592	0.102843
-0.137879	0.0130921
-0.137151	0.10368
-0.135872	0.104516
-0.134672	0.105352
-0.133437	0.106186
-0.13275	0.135647
-0.131952	0.107021
-0.131127	0.115328
-0.130432	0.1145
-0.130245	0.116155
-0.130129	0.107855
-0.129148	0.122728
-0.12817	0.108689
-0.128041	0.113672
-0.127886	0.11698
-0.127002	0.132452
-0.126426	0.109523
-0.125284	0.112843
-0.124931	0.110355
-0.123888	0.111185
-0.123828	0.112015
-0.123828	0.112015
-0.123282	0.117803
-0.117119	0.136443
-0.115794	0.118626
-0.115673	0.012409
-0.112355	0.121909
-0.110143	0.128421
-0.106488	0.119447
-0.102029	0.121088
-0.100214	0.120268
-0.0975157	0.131647
-0.0922822	0.137238
-0.0917809	0.011735
-0.0750384	0.129229
-0.0731947	0.130842
-0.0668891	0.0110691
-0.06166	0.130036
-0.055227	0.138029
-0.0419793	0.0104136
-0.0138554	0.00976589
0.00199314	0.138819
0.0191354	0.00913456
0.0458795	0.139608
0.0529067	0.140397
0.0538068	0.00851326
0.0563831	0.141182
0.0761392	0.141966
0.0905381	0.0079052
0.098482	0.142747
0.113669	0.143527
0.126236	0.144306
0.130246	0.00731205
0.145489	0.145084
0.1736	0.145858
0.173889	0.00673192
0.210273	0.146632
0.219806	0.00616997
0.223562	0.149703
0.224774	0.149696
0.22645	0.149683
0.228804	0.149656
0.232079	0.149603
0.237402	0.149496
0.243777	0.147401
0.245435	0.149283
0.254435	0.148912
0.258242	0.14817
0.259404	0.148541
0.26548	0.00562091
0.26548	0.00562091
0.315282	0.00508729
0.369236	0.0045785
0.425501	0.00408281
0.484588	0.00361403
0.546942	0.00316129
0.611544	0.0027378
0.675318	0.00233484
0.741914	0.00196225
0.781432	8.24209e-05
0.800496	0.00161491
0.833898	0.00148162
0.854742	7.51027e-05
0.861581	0.00135359
0.887489	0.00121571
0.911119	9.16272e-05
0.913502	0.00108578
0.937833	0.000948577
0.953407	0.000128905
0.961884	0.000821378
0.980041	0.000188002
0.982237	0.000690801
0.997495	0.000262319
1.00017	0.000572092
1.00947	0.000354999
1.01301	0.000456317
)
