(title "Pressure Coefficient")
(labels "Pressure Coefficient" "Position")

((xy/key/label "middleplane_pressureside")
-0.372404	0.0363576
-0.372178	0.0356509
-0.371906	0.0384625
-0.3715	0.039153
-0.3715	0.039153
-0.371314	0.0370652
-0.371211	0.0377634
-0.370329	0.0349369
-0.370214	0.0398444
-0.369617	0.0412082
-0.36961	0.0405259
-0.369368	0.0342241
-0.369322	0.0335023
-0.368531	0.0418814
-0.368153	0.0327822
-0.367043	0.0425547
-0.366061	0.0320552
-0.365787	0.0432186
-0.365029	0.0438826
-0.364156	0.0313298
-0.363993	0.0447112
-0.362326	0.0455399
-0.362141	0.0305971
-0.360516	0.0463705
-0.359874	0.0298666
-0.358345	0.0472014
-0.357911	0.0291293
-0.356077	0.048034
-0.354709	0.028394
-0.353656	0.0488669
-0.351146	0.0497014
-0.351146	0.0497014
-0.349809	0.0276544
-0.348537	0.0505361
-0.345837	0.0513722
-0.345716	0.0269173
-0.343046	0.0522086
-0.342184	0.0261741
-0.340171	0.0530463
-0.337468	0.025434
-0.337224	0.0538842
-0.334196	0.0547234
-0.331978	0.0246907
-0.331059	0.0555626
-0.327779	0.0564031
-0.326455	0.0239499
-0.324515	0.0572435
-0.32126	0.0580851
-0.321245	0.0232065
-0.317892	0.0589267
-0.314474	0.0224653
-0.31446	0.0597694
-0.310972	0.060612
-0.307449	0.0614555
-0.305845	0.0217252
-0.303866	0.0622991
-0.300263	0.0631434
-0.297211	0.0209874
-0.296598	0.0639878
-0.292921	0.0648328
-0.289183	0.0656779
-0.288245	0.0202499
-0.285435	0.0665235
-0.281634	0.0673691
-0.278402	0.0195158
-0.277826	0.0682153
-0.27398	0.0690614
-0.270092	0.0699078
-0.267587	0.0187837
-0.266148	0.0707541
-0.262067	0.0716004
-0.257815	0.0724461
-0.255748	0.0180555
-0.253621	0.0732934
-0.249515	0.0741398
-0.249515	0.0741398
-0.245472	0.0749879
-0.242831	0.0173306
-0.241582	0.0758352
-0.237646	0.0766826
-0.233669	0.0775295
-0.229648	0.0783763
-0.228813	0.0166104
-0.225543	0.0792222
-0.223144	0.126801
-0.221481	0.0800698
-0.217474	0.0809161
-0.213909	0.0158947
-0.21352	0.0817641
-0.209654	0.0826112
-0.209459	0.127613
-0.20579	0.0834577
-0.201901	0.0843034
-0.198039	0.0851494
-0.197713	0.0151843
-0.194202	0.0859941
-0.190414	0.0868405
-0.187674	0.125988
-0.186718	0.0876854
-0.183087	0.0885319
-0.180031	0.0144803
-0.17955	0.0893774
-0.176082	0.0902219
-0.172672	0.0910655
-0.169314	0.0919092
-0.16604	0.0927515
-0.162818	0.0935954
-0.161518	0.136443
-0.160942	0.0137824
-0.159723	0.0944376
-0.156727	0.0952813
-0.154672	0.128421
-0.153875	0.0961238
-0.1525	0.135647
-0.151171	0.0969657
-0.148575	0.0978067
-0.148575	0.0978067
-0.146243	0.137238
-0.146083	0.0986468
-0.143658	0.0994857
-0.141283	0.100326
-0.140405	0.0130921
-0.13891	0.101164
-0.136572	0.102004
-0.136526	0.125175
-0.134304	0.102843
-0.132215	0.10368
-0.130352	0.104516
-0.12873	0.105352
-0.127382	0.106186
-0.126272	0.107021
-0.126236	0.13485
-0.125203	0.107855
-0.123826	0.108689
-0.123409	0.118626
-0.122705	0.117803
-0.122031	0.109523
-0.120377	0.11698
-0.119831	0.110355
-0.118496	0.119447
-0.118242	0.012409
-0.117648	0.116155
-0.117385	0.111185
-0.114804	0.112015
-0.114804	0.112015
-0.114313	0.115328
-0.112108	0.112843
-0.111531	0.1145
-0.111197	0.138029
-0.110613	0.113672
-0.104789	0.120268
-0.0978906	0.12436
-0.0943927	0.011735
-0.0910048	0.134051
-0.0853321	0.121088
-0.0828708	0.129229
-0.0718285	0.123544
-0.0695426	0.0110691
-0.0681881	0.138819
-0.0679627	0.121909
-0.0617759	0.122728
-0.0507581	0.133252
-0.0446771	0.0104136
-0.0263189	0.139608
-0.0220844	0.130036
-0.0165994	0.00976589
-0.0144066	0.132452
0.00748398	0.140397
0.00770849	0.131647
0.0082011	0.130842
0.0163535	0.00913456
0.0323979	0.141182
0.0509936	0.00851326
0.0564908	0.141966
0.0874456	0.142747
0.0876985	0.0079052
0.118497	0.143527
0.119442	0.146632
0.125284	0.145858
0.126539	0.147401
0.127379	0.00731205
0.133734	0.145084
0.134767	0.144306
0.143996	0.14817
0.157624	0.148541
0.170994	0.00673192
0.171803	0.148912
0.185264	0.149283
0.193281	0.149496
0.19704	0.149603
0.198953	0.149656
0.200131	0.149683
0.200768	0.149696
0.20201	0.149703
0.216884	0.00616997
0.262533	0.00562091
0.262533	0.00562091
0.31234	0.00508729
0.366315	0.0045785
0.422584	0.00408281
0.481696	0.00361403
0.544083	0.00316129
0.60875	0.0027378
0.672699	0.00233484
0.73946	0.00196225
0.784531	8.24209e-05
0.798204	0.00161491
0.831779	0.00148162
0.857574	7.51027e-05
0.859618	0.00135359
0.885721	0.00121571
0.911962	0.00108578
0.913702	9.16272e-05
0.936586	0.000948577
0.955685	0.000128905
0.960929	0.000821378
0.981582	0.000690801
0.981819	0.000188002
0.998562	0.000262319
0.999805	0.000572092
1.00978	0.000354999
1.01285	0.000456317
)
