(title "Pressure Coefficient")
(labels "Pressure Coefficient" "Position")

((xy/key/label "middleplane_pressureside")
-0.369093	0.0363576
-0.368864	0.0356509
-0.36864	0.0384625
-0.368248	0.039153
-0.368248	0.039153
-0.368029	0.0370652
-0.367935	0.0377634
-0.367002	0.0349369
-0.366977	0.0398444
-0.36641	0.0412082
-0.366394	0.0405259
-0.366028	0.0342241
-0.365964	0.0335023
-0.365331	0.0418814
-0.364794	0.0327822
-0.363828	0.0425547
-0.362686	0.0320552
-0.362623	0.0432186
-0.361861	0.0438826
-0.360819	0.0447112
-0.360764	0.0313298
-0.359154	0.0455399
-0.358739	0.0305971
-0.357336	0.0463705
-0.356446	0.0298666
-0.355213	0.0472014
-0.354474	0.0291293
-0.352939	0.048034
-0.351204	0.028394
-0.350549	0.0488669
-0.348048	0.0497014
-0.348048	0.0497014
-0.346283	0.0276544
-0.345446	0.0505361
-0.34275	0.0513722
-0.342211	0.0269173
-0.339956	0.0522086
-0.338651	0.0261741
-0.337088	0.0530463
-0.334131	0.0538842
-0.33392	0.025434
-0.331111	0.0547234
-0.328401	0.0246907
-0.327976	0.0555626
-0.324716	0.0564031
-0.322854	0.0239499
-0.321464	0.0572435
-0.318218	0.0580851
-0.317619	0.0232065
-0.314868	0.0589267
-0.311435	0.0597694
-0.310825	0.0224653
-0.307957	0.060612
-0.304424	0.0614555
-0.30218	0.0217252
-0.300844	0.0622991
-0.297246	0.0631434
-0.293581	0.0639878
-0.293512	0.0209874
-0.289924	0.0648328
-0.286186	0.0656779
-0.284524	0.0202499
-0.282467	0.0665235
-0.278676	0.0673691
-0.27489	0.0682153
-0.274655	0.0195158
-0.271063	0.0690614
-0.267174	0.0699078
-0.26381	0.0187837
-0.263244	0.0707541
-0.25916	0.0716004
-0.254933	0.0724461
-0.251948	0.0180555
-0.250757	0.0732934
-0.246689	0.0741398
-0.246689	0.0741398
-0.246616	0.132452
-0.242691	0.0749879
-0.239	0.0173306
-0.238843	0.0758352
-0.234963	0.0766826
-0.231025	0.0775295
-0.229332	0.131647
-0.227047	0.0783763
-0.224955	0.0166104
-0.222983	0.0792222
-0.22125	0.133252
-0.218964	0.0800698
-0.215003	0.0809161
-0.211121	0.0817641
-0.210025	0.0158947
-0.207348	0.0826112
-0.20361	0.0834577
-0.199871	0.0843034
-0.196158	0.0851494
-0.193798	0.0151843
-0.19247	0.0859941
-0.188796	0.0868405
-0.185201	0.0876854
-0.181647	0.0885319
-0.178207	0.0893774
-0.177674	0.130842
-0.17609	0.0144803
-0.174871	0.0902219
-0.171676	0.0910655
-0.168605	0.0919092
-0.167456	0.134051
-0.165694	0.0927515
-0.162862	0.0935954
-0.160126	0.0944376
-0.157448	0.0952813
-0.156972	0.0137824
-0.154746	0.0961238
-0.152095	0.0969657
-0.149463	0.0978067
-0.149463	0.0978067
-0.146956	0.0986468
-0.144597	0.0994857
-0.142492	0.100326
-0.140673	0.101164
-0.139138	0.102004
-0.137849	0.102843
-0.136662	0.10368
-0.136403	0.0130921
-0.135465	0.104516
-0.134081	0.105352
-0.132365	0.106186
-0.132216	0.12436
-0.130709	0.125175
-0.130203	0.107021
-0.127963	0.130036
-0.127807	0.107855
-0.127511	0.1145
-0.127295	0.115328
-0.12723	0.123544
-0.126138	0.113672
-0.125446	0.108689
-0.125292	0.116155
-0.124029	0.112843
-0.123459	0.109523
-0.122311	0.112015
-0.122311	0.112015
-0.122053	0.110355
-0.121572	0.111185
-0.121525	0.11698
-0.120185	0.125988
-0.119507	0.122728
-0.116458	0.117803
-0.114211	0.012409
-0.111242	0.121909
-0.110335	0.118626
-0.10443	0.121088
-0.104205	0.119447
-0.103368	0.13485
-0.10158	0.120268
-0.101194	0.126801
-0.0970113	0.129229
-0.0903325	0.011735
-0.0828813	0.127613
-0.0803786	0.128421
-0.0654557	0.0110691
-0.0484963	0.135647
-0.0405597	0.0104136
-0.0130628	0.136443
-0.0124497	0.00976589
0.00478753	0.137238
0.0106642	0.138029
0.0120034	0.138819
0.0155527	0.139608
0.0205245	0.00913456
0.0262937	0.140397
0.0459692	0.141182
0.0551772	0.00851326
0.0743983	0.141966
0.0918879	0.0079052
0.108744	0.142747
0.131573	0.00731205
0.144995	0.143527
0.175191	0.00673192
0.178842	0.144306
0.207327	0.145084
0.221076	0.00616997
0.223662	0.149703
0.226347	0.149696
0.227764	0.145858
0.229501	0.149683
0.23354	0.149656
0.237909	0.149603
0.240605	0.146632
0.242791	0.149496
0.247291	0.149283
0.249747	0.147401
0.250477	0.148912
0.252558	0.148541
0.253572	0.14817
0.266717	0.00562091
0.266717	0.00562091
0.316476	0.00508729
0.370374	0.0045785
0.426574	0.00408281
0.485584	0.00361403
0.547841	0.00316129
0.612331	0.0027378
0.675993	0.00233484
0.742448	0.00196225
0.781033	8.24209e-05
0.800899	0.00161491
0.834229	0.00148162
0.854551	7.51027e-05
0.861848	0.00135359
0.8877	0.00121571
0.911165	9.16272e-05
0.913658	0.00108578
0.937952	0.000948577
0.953719	0.000128905
0.961966	0.000821378
0.980557	0.000188002
0.982315	0.000690801
0.998054	0.000262319
1.00028	0.000572092
1.00983	0.000354999
1.01316	0.000456317
)
