(title "Pressure Coefficient")
(labels "Pressure Coefficient" "Position")

((xy/key/label "middleplane_pressureside")
-0.371511	0.0363576
-0.371257	0.0356509
-0.371085	0.0384625
-0.370703	0.039153
-0.370703	0.039153
-0.370447	0.0370652
-0.370361	0.0377634
-0.369442	0.0398444
-0.369384	0.0349369
-0.368898	0.0412082
-0.368862	0.0405259
-0.368391	0.0342241
-0.368318	0.0335023
-0.367817	0.0418814
-0.367126	0.0327822
-0.366353	0.0425547
-0.365102	0.0432186
-0.365009	0.0320552
-0.36435	0.0438826
-0.363373	0.0447112
-0.363073	0.0313298
-0.361724	0.0455399
-0.361036	0.0305971
-0.359968	0.0463705
-0.35874	0.0298666
-0.357807	0.0472014
-0.356751	0.0291293
-0.355574	0.048034
-0.353527	0.028394
-0.353182	0.0488669
-0.350684	0.0497014
-0.350684	0.0497014
-0.348595	0.0276544
-0.348125	0.0505361
-0.345422	0.0513722
-0.344471	0.0269173
-0.342679	0.0522086
-0.340908	0.0261741
-0.339805	0.0530463
-0.336906	0.0538842
-0.336162	0.025434
-0.333894	0.0547234
-0.330783	0.0555626
-0.330638	0.0246907
-0.327542	0.0564031
-0.32508	0.0239499
-0.324283	0.0572435
-0.321086	0.0580851
-0.319838	0.0232065
-0.317717	0.0589267
-0.314344	0.0597694
-0.313029	0.0224653
-0.310851	0.060612
-0.307363	0.0614555
-0.30437	0.0217252
-0.303797	0.0622991
-0.300218	0.0631434
-0.296605	0.0639878
-0.295702	0.0209874
-0.292936	0.0648328
-0.289265	0.0656779
-0.2867	0.0202499
-0.28552	0.0665235
-0.281783	0.0673691
-0.277985	0.0682153
-0.276826	0.0195158
-0.274179	0.0690614
-0.270873	0.133252
-0.270315	0.0699078
-0.26638	0.0707541
-0.265971	0.0187837
-0.262345	0.0716004
-0.258094	0.0724461
-0.2541	0.0180555
-0.253971	0.0732934
-0.249891	0.0741398
-0.249891	0.0741398
-0.245898	0.0749879
-0.243166	0.134051
-0.242059	0.0758352
-0.241145	0.0173306
-0.238162	0.0766826
-0.235479	0.132452
-0.234219	0.0775295
-0.230224	0.0783763
-0.227087	0.0166104
-0.22615	0.0792222
-0.222114	0.0800698
-0.218149	0.0809161
-0.214237	0.0817641
-0.21215	0.0158947
-0.210434	0.0826112
-0.20662	0.0834577
-0.202797	0.0843034
-0.198979	0.0851494
-0.195913	0.0151843
-0.1952	0.0859941
-0.191445	0.0868405
-0.187788	0.0876854
-0.184189	0.0885319
-0.180682	0.0893774
-0.178195	0.0144803
-0.177274	0.0902219
-0.173915	0.0910655
-0.170659	0.0919092
-0.168821	0.13485
-0.167468	0.0927515
-0.164406	0.0935954
-0.161932	0.131647
-0.161405	0.0944376
-0.15907	0.0137824
-0.158499	0.0952813
-0.155677	0.0961238
-0.152942	0.0969657
-0.150317	0.0978067
-0.150317	0.0978067
-0.147801	0.0986468
-0.145439	0.0994857
-0.1432	0.100326
-0.141129	0.101164
-0.139175	0.102004
-0.138492	0.0130921
-0.137353	0.102843
-0.135603	0.10368
-0.133891	0.104516
-0.133185	0.12436
-0.13255	0.123544
-0.132155	0.105352
-0.13039	0.106186
-0.129154	0.125175
-0.128576	0.107021
-0.126818	0.107855
-0.126779	0.122728
-0.125242	0.108689
-0.123981	0.109523
-0.123056	0.110355
-0.122457	0.111185
-0.12215	0.112015
-0.12215	0.112015
-0.121946	0.112843
-0.121573	0.113672
-0.120608	0.1145
-0.118794	0.115328
-0.118502	0.125988
-0.118068	0.121909
-0.116321	0.116155
-0.11629	0.012409
-0.113711	0.11698
-0.11127	0.121088
-0.111221	0.117803
-0.109165	0.118626
-0.108189	0.120268
-0.107929	0.119447
-0.0987136	0.144306
-0.0981966	0.143527
-0.0972406	0.130842
-0.0969063	0.126801
-0.092403	0.011735
-0.0772761	0.135647
-0.0711143	0.145084
-0.068074	0.142747
-0.0675159	0.0110691
-0.0637174	0.127613
-0.0545047	0.130036
-0.0426112	0.0104136
-0.0353845	0.128421
-0.0317389	0.129229
-0.0198646	0.141966
-0.0196341	0.145858
-0.0144943	0.00976589
0.0065194	0.136443
0.0184906	0.00913456
0.0309228	0.141182
0.0425648	0.146632
0.053158	0.00851326
0.0698402	0.137238
0.0755816	0.140397
0.0898865	0.0079052
0.106403	0.139608
0.106586	0.147401
0.10732	0.138029
0.11828	0.138819
0.129588	0.00731205
0.158849	0.14817
0.173218	0.00673192
0.183585	0.148541
0.200406	0.148912
0.212286	0.149283
0.217422	0.149496
0.21912	0.00616997
0.219177	0.149603
0.219719	0.149656
0.219751	0.149703
0.219772	0.149696
0.219812	0.149683
0.264776	0.00562091
0.264776	0.00562091
0.314569	0.00508729
0.368508	0.0045785
0.424738	0.00408281
0.483787	0.00361403
0.546085	0.00316129
0.610634	0.0027378
0.674428	0.00233484
0.741001	0.00196225
0.782488	8.24209e-05
0.799565	0.00161491
0.833018	0.00148162
0.855929	7.51027e-05
0.860748	0.00135359
0.886742	0.00121571
0.912566	9.16272e-05
0.912862	0.00108578
0.937375	0.000948577
0.955261	0.000128905
0.961586	0.000821378
0.98218	0.000690801
0.982187	0.000188002
0.999506	0.000262319
1.00042	0.000572092
1.01076	0.000354999
1.01355	0.000456317
)
