(title "Pressure Coefficient")
(labels "Pressure Coefficient" "Position")

((xy/key/label "middleplane_pressureside")
-0.37106	0.0363576
-0.370824	0.0356509
-0.37062	0.0384625
-0.370233	0.039153
-0.370233	0.039153
-0.369998	0.0370652
-0.369907	0.0377634
-0.36897	0.0398444
-0.368961	0.0349369
-0.36842	0.0412082
-0.368387	0.0405259
-0.367979	0.0342241
-0.36791	0.0335023
-0.367331	0.0418814
-0.366735	0.0327822
-0.365849	0.0425547
-0.364619	0.0320552
-0.364608	0.0432186
-0.363833	0.0438826
-0.362844	0.0447112
-0.362692	0.0313298
-0.36118	0.0455399
-0.360659	0.0305971
-0.359406	0.0463705
-0.35836	0.0298666
-0.357253	0.0472014
-0.35638	0.0291293
-0.354989	0.048034
-0.353121	0.028394
-0.352611	0.0488669
-0.350091	0.0497014
-0.350091	0.0497014
-0.348202	0.0276544
-0.347521	0.0505361
-0.34481	0.0513722
-0.344104	0.0269173
-0.342047	0.0522086
-0.340539	0.0261741
-0.339156	0.0530463
-0.336216	0.0538842
-0.335803	0.025434
-0.333197	0.0547234
-0.330278	0.0246907
-0.330058	0.0555626
-0.326807	0.0564031
-0.324728	0.0239499
-0.323525	0.0572435
-0.320313	0.0580851
-0.31949	0.0232065
-0.316935	0.0589267
-0.31354	0.0597694
-0.312696	0.0224653
-0.310047	0.060612
-0.306531	0.0614555
-0.304039	0.0217252
-0.302949	0.0622991
-0.299333	0.0631434
-0.295683	0.0639878
-0.295368	0.0209874
-0.291989	0.0648328
-0.288274	0.0656779
-0.286376	0.0202499
-0.284518	0.0665235
-0.28074	0.0673691
-0.276933	0.0682153
-0.276499	0.0195158
-0.273101	0.0690614
-0.269215	0.0699078
-0.265653	0.0187837
-0.265263	0.0707541
-0.261179	0.0716004
-0.256908	0.0724461
-0.253783	0.0180555
-0.252718	0.0732934
-0.248599	0.0741398
-0.248599	0.0741398
-0.244564	0.0749879
-0.24083	0.0173306
-0.240676	0.0758352
-0.236746	0.0766826
-0.232772	0.0775295
-0.228753	0.0783763
-0.226783	0.0166104
-0.224643	0.0792222
-0.220572	0.0800698
-0.216557	0.0809161
-0.212596	0.0817641
-0.211845	0.0158947
-0.208724	0.0826112
-0.204856	0.0834577
-0.200976	0.0843034
-0.197117	0.0851494
-0.195616	0.0151843
-0.193289	0.0859941
-0.189493	0.0868405
-0.185787	0.0876854
-0.182136	0.0885319
-0.178594	0.0893774
-0.177903	0.0144803
-0.175132	0.0902219
-0.171766	0.0910655
-0.168479	0.0919092
-0.165293	0.0927515
-0.162155	0.0935954
-0.159077	0.0944376
-0.158779	0.0137824
-0.156084	0.0952813
-0.153116	0.0961238
-0.150284	0.0969657
-0.147552	0.0978067
-0.147552	0.0978067
-0.145005	0.0986468
-0.142631	0.0994857
-0.140437	0.100326
-0.138478	0.131647
-0.138428	0.101164
-0.138205	0.0130921
-0.137141	0.132452
-0.136521	0.102004
-0.13555	0.138029
-0.13472	0.102843
-0.133789	0.130842
-0.132934	0.10368
-0.131478	0.133252
-0.131151	0.104516
-0.129314	0.105352
-0.127447	0.106186
-0.126732	0.138819
-0.125459	0.107021
-0.124082	0.130036
-0.123407	0.107855
-0.12282	0.125175
-0.122816	0.12436
-0.122113	0.134051
-0.121405	0.108689
-0.121285	0.137238
-0.119666	0.109523
-0.119597	0.1145
-0.119252	0.115328
-0.118778	0.113672
-0.118361	0.123544
-0.118329	0.110355
-0.117828	0.125988
-0.117646	0.112843
-0.117476	0.116155
-0.117438	0.111185
-0.117157	0.112015
-0.117157	0.112015
-0.116009	0.012409
-0.114377	0.11698
-0.11329	0.129229
-0.111041	0.13485
-0.111041	0.122728
-0.110076	0.117803
-0.109934	0.126801
-0.105355	0.136443
-0.105351	0.128421
-0.104475	0.118626
-0.104179	0.127613
-0.103324	0.121909
-0.10298	0.135647
-0.0989553	0.119447
-0.0979348	0.121088
-0.0970588	0.139608
-0.0963212	0.120268
-0.0921258	0.011735
-0.0672428	0.0110691
-0.0500663	0.140397
-0.0423431	0.0104136
-0.0177575	0.142747
-0.0142289	0.00976589
-0.00906297	0.141182
-0.00749793	0.143527
-0.00697988	0.141966
0.018441	0.144306
0.0187549	0.00913456
0.0417141	0.145084
0.0534204	0.00851326
0.0597814	0.145858
0.0804694	0.146632
0.0901467	0.0079052
0.0953236	0.147401
0.0996491	0.14817
0.100544	0.148541
0.103541	0.148912
0.109347	0.149283
0.114011	0.149496
0.11671	0.149603
0.118095	0.149656
0.118793	0.149683
0.119103	0.149696
0.119962	0.149703
0.12985	0.00731205
0.173488	0.00673192
0.219401	0.00616997
0.26507	0.00562091
0.26507	0.00562091
0.314874	0.00508729
0.368833	0.0045785
0.425099	0.00408281
0.484192	0.00361403
0.546553	0.00316129
0.61117	0.0027378
0.674988	0.00233484
0.741632	0.00196225
0.782232	8.24209e-05
0.800265	0.00161491
0.833723	0.00148162
0.855505	7.51027e-05
0.861458	0.00135359
0.887432	0.00121571
0.911894	9.16272e-05
0.913525	0.00108578
0.937957	0.000948577
0.954225	0.000128905
0.962121	0.000821378
0.980897	0.000188002
0.982593	0.000690801
0.998312	0.000262319
1.00065	0.000572092
1.01016	0.000354999
1.01359	0.000456317
)
