(title "Pressure Coefficient")
(labels "Pressure Coefficient" "Position")

((xy/key/label "middleplane_pressureside")
-0.372171	0.0363576
-0.37193	0.0356509
-0.371757	0.0384625
-0.37138	0.039153
-0.37138	0.039153
-0.371122	0.0370652
-0.371043	0.0377634
-0.370123	0.0398444
-0.370058	0.0349369
-0.369596	0.0412082
-0.369551	0.0405259
-0.369064	0.0342241
-0.368983	0.0335023
-0.368513	0.0418814
-0.367804	0.0327822
-0.367036	0.0425547
-0.365807	0.0432186
-0.365675	0.0320552
-0.365036	0.0438826
-0.364067	0.0447112
-0.363741	0.0313298
-0.362412	0.0455399
-0.36169	0.0305971
-0.360645	0.0463705
-0.359379	0.0298666
-0.358506	0.0472014
-0.357388	0.0291293
-0.356244	0.048034
-0.35412	0.028394
-0.353878	0.0488669
-0.351368	0.0497014
-0.351368	0.0497014
-0.349204	0.0276544
-0.348802	0.0505361
-0.346109	0.0513722
-0.345087	0.0269173
-0.34336	0.0522086
-0.341516	0.0261741
-0.340479	0.0530463
-0.337551	0.0538842
-0.336769	0.025434
-0.334531	0.0547234
-0.331407	0.0555626
-0.331234	0.0246907
-0.328155	0.0564031
-0.325681	0.0239499
-0.324884	0.0572435
-0.321677	0.0580851
-0.320429	0.0232065
-0.318302	0.0589267
-0.314919	0.0597694
-0.313622	0.0224653
-0.31142	0.060612
-0.307924	0.0614555
-0.304952	0.0217252
-0.304345	0.0622991
-0.300751	0.0631434
-0.297109	0.0639878
-0.296276	0.0209874
-0.293419	0.0648328
-0.289709	0.0656779
-0.287266	0.0202499
-0.285941	0.0665235
-0.282171	0.0673691
-0.278352	0.0682153
-0.277379	0.0195158
-0.274531	0.0690614
-0.27064	0.0699078
-0.266694	0.0707541
-0.266527	0.0187837
-0.262623	0.0716004
-0.258881	0.125988
-0.258354	0.0724461
-0.254637	0.0180555
-0.254189	0.0732934
-0.250069	0.0741398
-0.250069	0.0741398
-0.248163	0.125175
-0.246041	0.0749879
-0.242153	0.0758352
-0.241682	0.0173306
-0.23822	0.0766826
-0.234234	0.0775295
-0.231961	0.13485
-0.230208	0.0783763
-0.227622	0.0166104
-0.226107	0.0792222
-0.222049	0.0800698
-0.218059	0.0809161
-0.215563	0.134051
-0.214119	0.0817641
-0.212671	0.0158947
-0.210279	0.0826112
-0.206439	0.0834577
-0.204779	0.126801
-0.20259	0.0843034
-0.201504	0.135647
-0.19876	0.0851494
-0.196436	0.0151843
-0.195591	0.12436
-0.194966	0.0859941
-0.1912	0.0868405
-0.187526	0.0876854
-0.18392	0.0885319
-0.180422	0.0893774
-0.178707	0.0144803
-0.177029	0.0902219
-0.173733	0.0910655
-0.170553	0.0919092
-0.16749	0.0927515
-0.164511	0.0935954
-0.1616	0.0944376
-0.159574	0.0137824
-0.158772	0.0952813
-0.155983	0.0961238
-0.153941	0.133252
-0.153273	0.0969657
-0.150642	0.0978067
-0.150642	0.0978067
-0.148144	0.0986468
-0.145828	0.0994857
-0.144304	0.123544
-0.143705	0.100326
-0.141838	0.101164
-0.140192	0.102004
-0.138991	0.0130921
-0.138792	0.102843
-0.137534	0.10368
-0.137404	0.116155
-0.136336	0.104516
-0.136261	0.115328
-0.135576	0.11698
-0.135061	0.105352
-0.133587	0.106186
-0.133162	0.136443
-0.132715	0.1145
-0.131754	0.107021
-0.12949	0.107855
-0.129179	0.117803
-0.127797	0.113672
-0.126989	0.108689
-0.124528	0.109523
-0.123378	0.112843
-0.122421	0.110355
-0.12105	0.112015
-0.12105	0.112015
-0.121013	0.111185
-0.116782	0.012409
-0.11544	0.118626
-0.112944	0.127613
-0.107951	0.122728
-0.0966953	0.119447
-0.092887	0.011735
-0.0850233	0.121909
-0.0813722	0.120268
-0.0763656	0.121088
-0.0762422	0.132452
-0.0679936	0.0110691
-0.049285	0.137238
-0.0430833	0.0104136
-0.0197881	0.128421
-0.014958	0.00976589
-0.0114534	0.131647
0.0180369	0.00913456
0.0251966	0.138029
0.0353082	0.145084
0.03659	0.130842
0.0409071	0.145858
0.0476548	0.144306
0.0485379	0.129229
0.0527134	0.00851326
0.0600903	0.146632
0.0651368	0.130036
0.0746358	0.143527
0.0814836	0.138819
0.0894508	0.0079052
0.091922	0.147401
0.104498	0.142747
0.118356	0.139608
0.123915	0.14817
0.127022	0.141966
0.129166	0.00731205
0.136941	0.140397
0.138698	0.141182
0.141688	0.148541
0.156077	0.148912
0.168196	0.149283
0.172815	0.00673192
0.175425	0.149496
0.178942	0.149603
0.179419	0.149703
0.180094	0.149696
0.180372	0.149656
0.180502	0.149683
0.21874	0.00616997
0.264423	0.00562091
0.264423	0.00562091
0.314241	0.00508729
0.368218	0.0045785
0.424504	0.00408281
0.483621	0.00361403
0.546014	0.00316129
0.610667	0.0027378
0.674519	0.00233484
0.741204	0.00196225
0.782101	8.24209e-05
0.799871	0.00161491
0.833338	0.00148162
0.8553	7.51027e-05
0.861077	0.00135359
0.887043	0.00121571
0.911578	9.16272e-05
0.913119	0.00108578
0.937516	0.000948577
0.953747	0.000128905
0.961633	0.000821378
0.980227	0.000188002
0.982042	0.000690801
0.997517	0.000262319
1.00001	0.000572092
1.00937	0.000354999
1.01288	0.000456317
)
