(title "Pressure Coefficient")
(labels "Pressure Coefficient" "Position")

((xy/key/label "middleplane_pressureside")
-0.372102	0.0363576
-0.371908	0.0356509
-0.371526	0.0384625
-0.371087	0.039153
-0.371087	0.039153
-0.370985	0.0370652
-0.370859	0.0377634
-0.370094	0.0349369
-0.369777	0.0398444
-0.369167	0.0342241
-0.369147	0.0405259
-0.369145	0.0335023
-0.369121	0.0412082
-0.368012	0.0418814
-0.368007	0.0327822
-0.366493	0.0425547
-0.365944	0.0320552
-0.36521	0.0432186
-0.364429	0.0438826
-0.364072	0.0313298
-0.363352	0.0447112
-0.362086	0.0305971
-0.361647	0.0455399
-0.359849	0.0298666
-0.359805	0.0463705
-0.357919	0.0291293
-0.357595	0.0472014
-0.355301	0.048034
-0.354743	0.028394
-0.352838	0.0488669
-0.350306	0.0497014
-0.350306	0.0497014
-0.349882	0.0276544
-0.347664	0.0505361
-0.345822	0.0269173
-0.34492	0.0513722
-0.34232	0.0261741
-0.342105	0.0522086
-0.339177	0.0530463
-0.337638	0.025434
-0.336206	0.0538842
-0.33312	0.0547234
-0.332178	0.0246907
-0.329958	0.0555626
-0.32669	0.0239499
-0.326635	0.0564031
-0.323334	0.0572435
-0.321513	0.0232065
-0.320048	0.0580851
-0.31663	0.0589267
-0.314777	0.0224653
-0.313182	0.0597694
-0.309639	0.060612
-0.306185	0.0217252
-0.306099	0.0614555
-0.302458	0.0622991
-0.298825	0.0631434
-0.297583	0.0209874
-0.295112	0.0639878
-0.291394	0.0648328
-0.288652	0.0202499
-0.287627	0.0656779
-0.28383	0.0665235
-0.280011	0.0673691
-0.278845	0.0195158
-0.276147	0.0682153
-0.272279	0.0690614
-0.268334	0.0699078
-0.268063	0.0187837
-0.264352	0.0707541
-0.260226	0.0716004
-0.256262	0.0180555
-0.255933	0.0724461
-0.251718	0.0732934
-0.24757	0.0741398
-0.24757	0.0741398
-0.243516	0.0749879
-0.243378	0.0173306
-0.239588	0.0758352
-0.239455	0.130036
-0.236173	0.130842
-0.23562	0.0766826
-0.231607	0.0775295
-0.229395	0.0166104
-0.22755	0.0783763
-0.223404	0.0792222
-0.219312	0.0800698
-0.215292	0.0809161
-0.214527	0.0158947
-0.211339	0.0817641
-0.207483	0.0826112
-0.203626	0.0834577
-0.199753	0.0843034
-0.199034	0.122728
-0.198362	0.0151843
-0.196562	0.131647
-0.195887	0.0851494
-0.192044	0.0859941
-0.188229	0.0868405
-0.187179	0.121909
-0.185132	0.123544
-0.184514	0.0876854
-0.181417	0.129229
-0.180884	0.0885319
-0.180717	0.0144803
-0.177396	0.0893774
-0.174027	0.0902219
-0.170771	0.0910655
-0.167605	0.0919092
-0.16452	0.0927515
-0.161664	0.0137824
-0.161468	0.0935954
-0.158445	0.0944376
-0.157847	0.121088
-0.156072	0.132452
-0.155478	0.0952813
-0.152555	0.0961238
-0.149775	0.0969657
-0.147541	0.12436
-0.147182	0.0978067
-0.147182	0.0978067
-0.144841	0.0986468
-0.142788	0.0994857
-0.141158	0.0130921
-0.140991	0.100326
-0.139428	0.101164
-0.137949	0.102004
-0.136409	0.102843
-0.134746	0.10368
-0.13288	0.104516
-0.132018	0.112843
-0.131175	0.113672
-0.130746	0.105352
-0.129569	0.112015
-0.129569	0.112015
-0.128405	0.106186
-0.127811	0.133252
-0.127027	0.120268
-0.126872	0.1145
-0.126539	0.111185
-0.126049	0.107021
-0.124626	0.110355
-0.124187	0.107855
-0.1235	0.109523
-0.123291	0.108689
-0.12044	0.115328
-0.119031	0.012409
-0.113025	0.116155
-0.111499	0.134051
-0.108219	0.128421
-0.105616	0.119447
-0.10502	0.11698
-0.0985488	0.13485
-0.0980446	0.117803
-0.0969443	0.125175
-0.0966449	0.118626
-0.0952139	0.011735
-0.0802064	0.135647
-0.0703939	0.0110691
-0.0642262	0.127613
-0.0555351	0.125988
-0.0542584	0.136443
-0.0455597	0.0104136
-0.0442911	0.126801
-0.0238791	0.137238
-0.0175121	0.00976589
0.00439453	0.138029
0.0154153	0.00913456
0.0254605	0.138819
0.0263696	0.140397
0.0298858	0.139608
0.0319474	0.147401
0.0331624	0.14817
0.040912	0.148541
0.0448882	0.141182
0.0500324	0.00851326
0.0503566	0.146632
0.054343	0.148912
0.0706512	0.149283
0.0769526	0.149696
0.0786657	0.149496
0.079034	0.149683
0.0799407	0.149603
0.080039	0.149656
0.0801833	0.149703
0.0867169	0.0079052
0.088579	0.145858
0.0996637	0.141966
0.12638	0.00731205
0.135026	0.145084
0.168567	0.142747
0.169981	0.00673192
0.177884	0.144306
0.199443	0.143527
0.215859	0.00616997
0.261495	0.00562091
0.261495	0.00562091
0.311298	0.00508729
0.365279	0.0045785
0.421555	0.00408281
0.480683	0.00361403
0.543095	0.00316129
0.607799	0.0027378
0.671808	0.00233484
0.738644	0.00196225
0.786527	8.24209e-05
0.797467	0.00161491
0.831103	0.00148162
0.858999	0.00135359
0.859335	7.51027e-05
0.885162	0.00121571
0.911476	0.00108578
0.915114	9.16272e-05
0.936169	0.000948577
0.956524	0.000128905
0.960605	0.000821378
0.981307	0.000690801
0.982004	0.000188002
0.998134	0.000262319
0.99951	0.000572092
1.00918	0.000354999
1.01248	0.000456317
)
