(title "Pressure Coefficient")
(labels "Pressure Coefficient" "Position")

((xy/key/label "middleplane_pressureside")
-0.370377	0.0363576
-0.370165	0.0356509
-0.369876	0.0384625
-0.369458	0.039153
-0.369458	0.039153
-0.369304	0.0370652
-0.36918	0.0377634
-0.368329	0.0349369
-0.368181	0.0398444
-0.367587	0.0412082
-0.367577	0.0405259
-0.367366	0.0342241
-0.36732	0.0335023
-0.366472	0.0418814
-0.366161	0.0327822
-0.364961	0.0425547
-0.364079	0.0320552
-0.363715	0.0432186
-0.362887	0.0438826
-0.362165	0.0313298
-0.361906	0.0447112
-0.360214	0.0455399
-0.360169	0.0305971
-0.358412	0.0463705
-0.357901	0.0298666
-0.356267	0.0472014
-0.355952	0.0291293
-0.353938	0.048034
-0.352739	0.028394
-0.351565	0.0488669
-0.348997	0.0497014
-0.348997	0.0497014
-0.347828	0.0276544
-0.346397	0.0505361
-0.343758	0.0269173
-0.343657	0.0513722
-0.340866	0.0522086
-0.340225	0.0261741
-0.337971	0.0530463
-0.33551	0.025434
-0.334983	0.0538842
-0.331978	0.0547234
-0.330017	0.0246907
-0.328799	0.0555626
-0.325556	0.0564031
-0.324497	0.0239499
-0.322237	0.0572435
-0.319284	0.0232065
-0.319	0.0580851
-0.315609	0.0589267
-0.312511	0.0224653
-0.312166	0.0597694
-0.308661	0.060612
-0.305092	0.0614555
-0.303895	0.0217252
-0.301512	0.0622991
-0.29785	0.0631434
-0.295254	0.0209874
-0.294193	0.0639878
-0.290469	0.0648328
-0.286738	0.0656779
-0.286292	0.0202499
-0.282969	0.0665235
-0.279162	0.0673691
-0.276451	0.0195158
-0.275348	0.0682153
-0.27147	0.0690614
-0.267578	0.0699078
-0.265631	0.0187837
-0.263578	0.0707541
-0.259489	0.0716004
-0.255195	0.0724461
-0.253799	0.0180555
-0.250988	0.0732934
-0.246869	0.0741398
-0.246869	0.0741398
-0.24281	0.0749879
-0.240878	0.0173306
-0.238912	0.0758352
-0.234966	0.0766826
-0.230974	0.0775295
-0.226917	0.0783763
-0.22686	0.0166104
-0.222775	0.0792222
-0.218665	0.0800698
-0.214631	0.0809161
-0.211958	0.0158947
-0.210649	0.0817641
-0.206789	0.0826112
-0.202946	0.0834577
-0.199108	0.0843034
-0.195758	0.0151843
-0.195286	0.0851494
-0.19148	0.0859941
-0.187685	0.0868405
-0.183933	0.0876854
-0.182887	0.139608
-0.180244	0.0885319
-0.17808	0.0144803
-0.176631	0.0893774
-0.173145	0.0902219
-0.172503	0.131647
-0.169766	0.0910655
-0.167009	0.123544
-0.166541	0.0919092
-0.163438	0.0927515
-0.162265	0.12436
-0.16044	0.0935954
-0.158992	0.0137824
-0.158552	0.130842
-0.157525	0.0944376
-0.156253	0.132452
-0.154627	0.0952813
-0.153493	0.122728
-0.151739	0.0961238
-0.149666	0.138819
-0.149618	0.140397
-0.148877	0.0969657
-0.146085	0.0978067
-0.146085	0.0978067
-0.143411	0.0986468
-0.140935	0.0994857
-0.138704	0.100326
-0.138452	0.0130921
-0.136798	0.101164
-0.135167	0.102004
-0.134903	0.125175
-0.133722	0.102843
-0.132301	0.10368
-0.130798	0.104516
-0.130393	0.121909
-0.129039	0.105352
-0.126889	0.106186
-0.125416	0.1145
-0.12532	0.113672
-0.12427	0.107021
-0.124173	0.133252
-0.122349	0.115328
-0.122312	0.112843
-0.121467	0.107855
-0.119095	0.108689
-0.119024	0.112015
-0.119024	0.112015
-0.117431	0.109523
-0.117236	0.111185
-0.117006	0.116155
-0.116741	0.110355
-0.116291	0.012409
-0.11381	0.130036
-0.109478	0.11698
-0.106257	0.121088
-0.101752	0.138029
-0.0995783	0.117803
-0.0925671	0.125988
-0.0924424	0.011735
-0.091834	0.134051
-0.0889898	0.120268
-0.0888959	0.118626
-0.0834188	0.119447
-0.0768569	0.137238
-0.0720852	0.13485
-0.0675925	0.0110691
-0.0667371	0.136443
-0.0652703	0.129229
-0.0649886	0.135647
-0.0551753	0.141182
-0.0514015	0.126801
-0.0427253	0.0104136
-0.0354526	0.128421
-0.0294675	0.127613
-0.0146459	0.00976589
0.0183035	0.00913456
0.0479571	0.141966
0.0529373	0.00851326
0.0896339	0.0079052
0.106364	0.147401
0.109636	0.14817
0.11541	0.148541
0.118735	0.146632
0.123218	0.148912
0.129306	0.00731205
0.129738	0.142747
0.13197	0.149283
0.137867	0.149496
0.140709	0.149603
0.141963	0.149656
0.142527	0.149683
0.142661	0.149696
0.144277	0.149703
0.14965	0.145858
0.172911	0.00673192
0.184057	0.145084
0.186206	0.143527
0.202986	0.144306
0.218794	0.00616997
0.264435	0.00562091
0.264435	0.00562091
0.314217	0.00508729
0.368157	0.0045785
0.424401	0.00408281
0.483477	0.00361403
0.545823	0.00316129
0.61043	0.0027378
0.674258	0.00233484
0.740903	0.00196225
0.782523	8.24209e-05
0.799537	0.00161491
0.833005	0.00148162
0.855735	7.51027e-05
0.860749	0.00135359
0.886737	0.00121571
0.911994	9.16272e-05
0.912844	0.00108578
0.937292	0.000948577
0.954109	0.000128905
0.961456	0.000821378
0.980492	0.000188002
0.98191	0.000690801
0.997649	0.000262319
0.999916	0.000572092
1.00939	0.000354999
1.01282	0.000456317
)
