(title "Pressure Coefficient")
(labels "Pressure Coefficient" "Position")

((xy/key/label "middleplane_pressureside")
-0.370744	0.0363576
-0.370512	0.0356509
-0.370293	0.0384625
-0.369907	0.039153
-0.369907	0.039153
-0.369677	0.0370652
-0.369592	0.0377634
-0.368648	0.0349369
-0.368634	0.0398444
-0.368063	0.0412082
-0.368048	0.0405259
-0.367676	0.0342241
-0.367609	0.0335023
-0.366996	0.0418814
-0.366434	0.0327822
-0.365503	0.0425547
-0.36432	0.0320552
-0.364289	0.0432186
-0.363548	0.0438826
-0.362495	0.0447112
-0.362402	0.0313298
-0.360837	0.0455399
-0.360369	0.0305971
-0.359017	0.0463705
-0.35808	0.0298666
-0.356882	0.0472014
-0.356105	0.0291293
-0.354618	0.048034
-0.352866	0.028394
-0.352226	0.0488669
-0.349734	0.0497014
-0.349734	0.0497014
-0.347956	0.0276544
-0.347138	0.0505361
-0.344453	0.0513722
-0.343852	0.0269173
-0.341666	0.0522086
-0.340295	0.0261741
-0.338801	0.0530463
-0.335846	0.0538842
-0.335561	0.025434
-0.33283	0.0547234
-0.330044	0.0246907
-0.329694	0.0555626
-0.326437	0.0564031
-0.3245	0.0239499
-0.32318	0.0572435
-0.319946	0.0580851
-0.319266	0.0232065
-0.316594	0.0589267
-0.313175	0.0597694
-0.312473	0.0224653
-0.309698	0.060612
-0.306167	0.0614555
-0.303826	0.0217252
-0.302592	0.0622991
-0.298973	0.0631434
-0.295315	0.0639878
-0.295162	0.0209874
-0.291633	0.0648328
-0.287908	0.0656779
-0.286176	0.0202499
-0.284177	0.0665235
-0.280392	0.0673691
-0.276609	0.0682153
-0.276309	0.0195158
-0.272765	0.0690614
-0.268889	0.0699078
-0.265467	0.0187837
-0.264927	0.0707541
-0.26084	0.0716004
-0.256573	0.0724461
-0.253607	0.0180555
-0.252372	0.0732934
-0.248273	0.0741398
-0.248273	0.0741398
-0.244239	0.0749879
-0.240746	0.12436
-0.240661	0.0173306
-0.240373	0.0758352
-0.239798	0.131647
-0.237282	0.132452
-0.236459	0.0766826
-0.232504	0.0775295
-0.228486	0.0783763
-0.226618	0.0166104
-0.224378	0.0792222
-0.220288	0.0800698
-0.216256	0.0809161
-0.212406	0.123544
-0.212273	0.0817641
-0.211691	0.0158947
-0.208586	0.125175
-0.208403	0.0826112
-0.204565	0.0834577
-0.200733	0.0843034
-0.196952	0.0851494
-0.195961	0.133252
-0.195466	0.0151843
-0.193929	0.130842
-0.193192	0.0859941
-0.189474	0.0868405
-0.185797	0.0876854
-0.182165	0.0885319
-0.178587	0.0893774
-0.17776	0.0144803
-0.175095	0.0902219
-0.171689	0.0910655
-0.168414	0.0919092
-0.165296	0.0927515
-0.162329	0.122728
-0.162313	0.0935954
-0.159493	0.0944376
-0.158646	0.0137824
-0.156753	0.0952813
-0.154093	0.0961238
-0.151462	0.0969657
-0.14885	0.0978067
-0.14885	0.0978067
-0.146275	0.0986468
-0.143787	0.0994857
-0.141445	0.100326
-0.139385	0.101164
-0.138079	0.0130921
-0.137667	0.102004
-0.136293	0.102843
-0.135278	0.115328
-0.135176	0.10368
-0.134482	0.1145
-0.134248	0.104516
-0.133279	0.105352
-0.133149	0.116155
-0.132025	0.106186
-0.13185	0.125988
-0.130535	0.113672
-0.130156	0.107021
-0.127814	0.134051
-0.127658	0.107855
-0.127384	0.11698
-0.125229	0.112843
-0.125044	0.108689
-0.122632	0.109523
-0.12153	0.121909
-0.121379	0.112015
-0.121379	0.112015
-0.120741	0.110355
-0.120046	0.111185
-0.1192	0.130036
-0.11633	0.117803
-0.11589	0.012409
-0.100745	0.118626
-0.0928901	0.121088
-0.0920141	0.011735
-0.0855618	0.119447
-0.0806509	0.120268
-0.0671396	0.0110691
-0.0572091	0.129229
-0.0561753	0.13485
-0.0525579	0.126801
-0.0422481	0.0104136
-0.0213282	0.128421
-0.0141418	0.00976589
-0.0129611	0.127613
-0.00284336	0.135647
0.018833	0.00913456
0.0289872	0.136443
0.0477838	0.137238
0.0499477	0.140397
0.0534884	0.00851326
0.0584663	0.139608
0.0611799	0.138029
0.0655733	0.141182
0.0672839	0.138819
0.0828316	0.144306
0.0890196	0.145084
0.0902039	0.0079052
0.0902197	0.143527
0.0910262	0.141966
0.0991525	0.142747
0.107099	0.145858
0.129051	0.146632
0.129896	0.00731205
0.155466	0.147401
0.173522	0.00673192
0.18133	0.14817
0.196403	0.148541
0.208859	0.148912
0.217217	0.149283
0.219421	0.00616997
0.220288	0.149496
0.221057	0.149603
0.221161	0.149656
0.221235	0.149683
0.221294	0.149696
0.221503	0.149703
0.265076	0.00562091
0.265076	0.00562091
0.314863	0.00508729
0.368802	0.0045785
0.425047	0.00408281
0.484116	0.00361403
0.546448	0.00316129
0.611032	0.0027378
0.674815	0.00233484
0.741413	0.00196225
0.781748	8.24209e-05
0.800002	0.00161491
0.833432	0.00148162
0.855067	7.51027e-05
0.861142	0.00135359
0.88709	0.00121571
0.911487	9.16272e-05
0.913155	0.00108578
0.937561	0.000948577
0.953846	0.000128905
0.961695	0.000821378
0.980526	0.000188002
0.982143	0.000690801
0.997919	0.000262319
1.00018	0.000572092
1.00971	0.000354999
1.0131	0.000456317
)
