(title "Pressure Coefficient")
(labels "Pressure Coefficient" "Position")

((xy/key/label "middleplane_pressureside")
-0.373046	0.0363576
-0.372801	0.0356509
-0.372637	0.0384625
-0.372271	0.039153
-0.372271	0.039153
-0.371993	0.0370652
-0.371925	0.0377634
-0.371006	0.0398444
-0.370916	0.0349369
-0.370472	0.0412082
-0.370442	0.0405259
-0.369931	0.0342241
-0.369849	0.0335023
-0.369426	0.0418814
-0.368666	0.0327822
-0.367943	0.0425547
-0.366767	0.0432186
-0.366534	0.0320552
-0.366052	0.0438826
-0.364992	0.0447112
-0.364602	0.0313298
-0.363361	0.0455399
-0.362553	0.0305971
-0.361543	0.0463705
-0.360248	0.0298666
-0.359443	0.0472014
-0.358259	0.0291293
-0.357202	0.048034
-0.355	0.028394
-0.354833	0.0488669
-0.352373	0.0497014
-0.352373	0.0497014
-0.350078	0.0276544
-0.349792	0.0505361
-0.34715	0.0513722
-0.345963	0.0269173
-0.344372	0.0522086
-0.342394	0.0261741
-0.341544	0.0530463
-0.338609	0.0538842
-0.337647	0.025434
-0.335625	0.0547234
-0.332523	0.0555626
-0.332115	0.0246907
-0.329283	0.0564031
-0.32656	0.0239499
-0.326072	0.0572435
-0.322854	0.0580851
-0.321312	0.0232065
-0.319546	0.0589267
-0.31615	0.0597694
-0.314511	0.0224653
-0.312719	0.060612
-0.30923	0.0614555
-0.305849	0.0217252
-0.305691	0.0622991
-0.302123	0.0631434
-0.298496	0.0639878
-0.297169	0.0209874
-0.294868	0.0648328
-0.291179	0.0656779
-0.288171	0.0202499
-0.287497	0.0665235
-0.283759	0.0673691
-0.280023	0.0682153
-0.278289	0.0195158
-0.276247	0.0690614
-0.272424	0.0699078
-0.26854	0.0707541
-0.267436	0.0187837
-0.264516	0.0716004
-0.260314	0.0724461
-0.25759	0.126801
-0.256184	0.0732934
-0.255562	0.0180555
-0.252142	0.0741398
-0.252142	0.0741398
-0.248181	0.0749879
-0.244388	0.0758352
-0.242602	0.0173306
-0.241358	0.125988
-0.240557	0.0766826
-0.236692	0.0775295
-0.232781	0.0783763
-0.228781	0.0792222
-0.228547	0.0166104
-0.227393	0.127613
-0.224816	0.0800698
-0.220902	0.0809161
-0.217039	0.0817641
-0.213605	0.0158947
-0.213276	0.0826112
-0.209528	0.0834577
-0.205784	0.0843034
-0.202087	0.0851494
-0.198444	0.0859941
-0.197368	0.0151843
-0.195486	0.125175
-0.194855	0.0868405
-0.191356	0.0876854
-0.1879	0.0885319
-0.184509	0.0893774
-0.18117	0.0902219
-0.179649	0.0144803
-0.17788	0.0910655
-0.174683	0.0919092
-0.171619	0.0927515
-0.168704	0.0935954
-0.165962	0.0944376
-0.163822	0.136443
-0.163378	0.0952813
-0.160895	0.0961238
-0.160519	0.0137824
-0.158484	0.0969657
-0.156864	0.128421
-0.156083	0.0978067
-0.156083	0.0978067
-0.153681	0.0986468
-0.151285	0.0994857
-0.150758	0.135647
-0.148915	0.100326
-0.146669	0.101164
-0.145188	0.12436
-0.144651	0.102004
-0.142991	0.102843
-0.141757	0.11698
-0.141709	0.10368
-0.141612	0.116155
-0.140762	0.104516
-0.140052	0.105352
-0.139939	0.0130921
-0.1394	0.106186
-0.138882	0.117803
-0.138485	0.107021
-0.137837	0.115328
-0.137465	0.137238
-0.137022	0.107855
-0.134779	0.108689
-0.13213	0.118626
-0.132049	0.109523
-0.131986	0.1145
-0.129302	0.110355
-0.127275	0.113672
-0.12684	0.111185
-0.125226	0.112015
-0.125226	0.112015
-0.125121	0.112843
-0.119644	0.119447
-0.117736	0.012409
-0.104653	0.123544
-0.104285	0.13485
-0.10227	0.120268
-0.093846	0.011735
-0.0843089	0.121088
-0.082652	0.138029
-0.0805312	0.122728
-0.0743633	0.121909
-0.0689565	0.0110691
-0.0675854	0.129229
-0.0458808	0.134051
-0.0440508	0.0104136
-0.0168593	0.138819
-0.0159305	0.00976589
0.00741986	0.133252
0.0131688	0.130036
0.0170612	0.00913456
0.0406893	0.139608
0.0470859	0.132452
0.0517356	0.00851326
0.0611571	0.130842
0.0663835	0.143527
0.0682919	0.131647
0.0717345	0.142747
0.0795428	0.140397
0.0797755	0.144306
0.0884717	0.0079052
0.0903725	0.141966
0.097416	0.145084
0.0974536	0.141182
0.110115	0.145858
0.124129	0.146632
0.128184	0.00731205
0.140208	0.147401
0.155682	0.14817
0.165233	0.148541
0.171518	0.148912
0.17183	0.00673192
0.177756	0.149283
0.182517	0.149496
0.185139	0.149603
0.186436	0.149656
0.187027	0.149683
0.187372	0.149696
0.187702	0.149703
0.217749	0.00616997
0.263424	0.00562091
0.263424	0.00562091
0.313238	0.00508729
0.367207	0.0045785
0.423474	0.00408281
0.482567	0.00361403
0.544922	0.00316129
0.609534	0.0027378
0.673381	0.00233484
0.740032	0.00196225
0.782344	8.24209e-05
0.798673	0.00161491
0.832163	0.00148162
0.855619	7.51027e-05
0.859929	0.00135359
0.885952	0.00121571
0.91202	9.16272e-05
0.912106	0.00108578
0.936633	0.000948577
0.95438	0.000128905
0.960879	0.000821378
0.981	0.000188002
0.98146	0.000690801
0.998197	0.000262319
0.999653	0.000572092
1.00966	0.000354999
1.01274	0.000456317
)
