(title "Pressure Coefficient")
(labels "Pressure Coefficient" "Position")

((xy/key/label "middleplane_pressureside")
-0.370586	0.0363576
-0.370359	0.0356509
-0.370102	0.0384625
-0.3697	0.039153
-0.3697	0.039153
-0.369506	0.0370652
-0.369407	0.0377634
-0.368506	0.0349369
-0.368419	0.0398444
-0.367823	0.0412082
-0.36782	0.0405259
-0.36754	0.0342241
-0.367484	0.0335023
-0.366744	0.0418814
-0.366311	0.0327822
-0.36525	0.0425547
-0.364212	0.0320552
-0.364017	0.0432186
-0.363262	0.0438826
-0.3623	0.0313298
-0.362204	0.0447112
-0.360534	0.0455399
-0.36028	0.0305971
-0.358706	0.0463705
-0.358004	0.0298666
-0.356548	0.0472014
-0.356034	0.0291293
-0.354272	0.048034
-0.352822	0.028394
-0.351854	0.0488669
-0.349351	0.0497014
-0.349351	0.0497014
-0.347914	0.0276544
-0.346734	0.0505361
-0.34404	0.0513722
-0.343815	0.0269173
-0.34124	0.0522086
-0.340271	0.0261741
-0.338361	0.0530463
-0.335546	0.025434
-0.335396	0.0538842
-0.332359	0.0547234
-0.330044	0.0246907
-0.329217	0.0555626
-0.325929	0.0564031
-0.324506	0.0239499
-0.322661	0.0572435
-0.319394	0.0580851
-0.319285	0.0232065
-0.31603	0.0589267
-0.312583	0.0597694
-0.312496	0.0224653
-0.309086	0.060612
-0.305543	0.0614555
-0.303858	0.0217252
-0.301941	0.0622991
-0.298325	0.0631434
-0.295212	0.0209874
-0.294637	0.0639878
-0.290955	0.0648328
-0.287196	0.0656779
-0.286231	0.0202499
-0.283447	0.0665235
-0.27963	0.0673691
-0.276378	0.0195158
-0.275812	0.0682153
-0.271954	0.0690614
-0.268043	0.0699078
-0.265544	0.0187837
-0.264084	0.0707541
-0.259976	0.0716004
-0.25571	0.0724461
-0.253695	0.0180555
-0.251492	0.0732934
-0.247373	0.0741398
-0.247373	0.0741398
-0.243315	0.0749879
-0.240762	0.0173306
-0.239412	0.0758352
-0.235472	0.0766826
-0.232578	0.128421
-0.231483	0.0775295
-0.227454	0.0783763
-0.227435	0.138029
-0.226949	0.137238
-0.226726	0.0166104
-0.223344	0.0792222
-0.222644	0.127613
-0.219275	0.0800698
-0.215256	0.0809161
-0.21181	0.0158947
-0.211292	0.0817641
-0.207409	0.0826112
-0.20354	0.0834577
-0.199651	0.0843034
-0.195804	0.0851494
-0.195595	0.0151843
-0.19315	0.136443
-0.192315	0.138819
-0.191996	0.0859941
-0.191811	0.129229
-0.188252	0.0868405
-0.184612	0.0876854
-0.181038	0.0885319
-0.177899	0.0144803
-0.177553	0.0893774
-0.174135	0.0902219
-0.172193	0.126801
-0.170767	0.0910655
-0.167444	0.0919092
-0.164206	0.0927515
-0.161033	0.0935954
-0.158797	0.0137824
-0.158018	0.0944376
-0.155149	0.0952813
-0.152473	0.0961238
-0.14998	0.0969657
-0.147629	0.0978067
-0.147629	0.0978067
-0.145374	0.0986468
-0.143155	0.0994857
-0.141945	0.135647
-0.1411	0.119447
-0.140901	0.100326
-0.138578	0.101164
-0.13824	0.0130921
-0.137484	0.118626
-0.136228	0.102004
-0.134449	0.120268
-0.133938	0.102843
-0.131932	0.139608
-0.131856	0.10368
-0.130101	0.104516
-0.129589	0.117803
-0.128781	0.105352
-0.127979	0.106186
-0.127701	0.107021
-0.127595	0.107855
-0.127181	0.108689
-0.126221	0.109523
-0.124484	0.110355
-0.122954	0.130036
-0.122588	0.11698
-0.121902	0.111185
-0.119961	0.125988
-0.118562	0.121088
-0.118473	0.112015
-0.118473	0.112015
-0.116754	0.116155
-0.116062	0.012409
-0.114308	0.112843
-0.112502	0.115328
-0.111066	0.113672
-0.110478	0.1145
-0.0988792	0.121909
-0.0921964	0.011735
-0.0863865	0.13485
-0.0853538	0.125175
-0.0802348	0.122728
-0.0682036	0.12436
-0.0679127	0.123544
-0.0673307	0.0110691
-0.060721	0.140397
-0.0534775	0.130842
-0.042448	0.0104136
-0.0361301	0.134051
-0.0143519	0.00976589
-0.00443042	0.131647
5.57075e-05	0.133252
0.00612391	0.141182
0.0133681	0.132452
0.0186136	0.00913456
0.0532619	0.00851326
0.0617067	0.141966
0.089972	0.0079052
0.0979253	0.142747
0.115764	0.143527
0.129593	0.144306
0.129658	0.00731205
0.140315	0.145084
0.151302	0.145858
0.173277	0.00673192
0.177788	0.146632
0.214505	0.147401
0.219172	0.00616997
0.224604	0.149703
0.225356	0.149696
0.226316	0.149683
0.227826	0.149656
0.229942	0.149603
0.232953	0.149496
0.237013	0.149283
0.238084	0.14817
0.241308	0.148912
0.243011	0.148541
0.264824	0.00562091
0.264824	0.00562091
0.314612	0.00508729
0.368556	0.0045785
0.424804	0.00408281
0.48388	0.00361403
0.546223	0.00316129
0.610824	0.0027378
0.674637	0.00233484
0.741269	0.00196225
0.782179	8.24209e-05
0.799891	0.00161491
0.833348	0.00148162
0.855425	7.51027e-05
0.861082	0.00135359
0.887058	0.00121571
0.911787	9.16272e-05
0.913153	0.00108578
0.937592	0.000948577
0.954092	0.000128905
0.961752	0.000821378
0.980719	0.000188002
0.982217	0.000690801
0.99806	0.000262319
1.00025	0.000572092
1.00982	0.000354999
1.01319	0.000456317
)
