(title "Pressure Coefficient")
(labels "Pressure Coefficient" "Position")

((xy/key/label "middleplane_pressureside")
-0.372751	0.0363576
-0.372496	0.0356509
-0.372313	0.0384625
-0.371929	0.039153
-0.371929	0.039153
-0.371677	0.0370652
-0.371591	0.0377634
-0.370665	0.0398444
-0.37062	0.0349369
-0.370118	0.0412082
-0.370083	0.0405259
-0.369633	0.0342241
-0.369565	0.0335023
-0.369045	0.0418814
-0.368366	0.0327822
-0.367583	0.0425547
-0.366347	0.0432186
-0.366252	0.0320552
-0.3656	0.0438826
-0.364611	0.0447112
-0.364318	0.0313298
-0.362961	0.0455399
-0.362279	0.0305971
-0.361195	0.0463705
-0.35999	0.0298666
-0.359042	0.0472014
-0.357997	0.0291293
-0.356798	0.048034
-0.354787	0.028394
-0.35441	0.0488669
-0.351912	0.0497014
-0.351912	0.0497014
-0.349859	0.0276544
-0.34935	0.0505361
-0.346663	0.0513722
-0.345731	0.0269173
-0.343924	0.0522086
-0.342175	0.0261741
-0.341066	0.0530463
-0.338158	0.0538842
-0.337432	0.025434
-0.335164	0.0547234
-0.332054	0.0555626
-0.331918	0.0246907
-0.328818	0.0564031
-0.326365	0.0239499
-0.325566	0.0572435
-0.322359	0.0580851
-0.321128	0.0232065
-0.319009	0.0589267
-0.315624	0.0597694
-0.314327	0.0224653
-0.312168	0.060612
-0.308684	0.0614555
-0.305668	0.0217252
-0.305622	0.130842
-0.305149	0.0622991
-0.301581	0.0631434
-0.29797	0.0639878
-0.297009	0.0209874
-0.294328	0.0648328
-0.291712	0.130036
-0.290643	0.0656779
-0.28801	0.0202499
-0.286936	0.0665235
-0.283183	0.0673691
-0.279423	0.0682153
-0.278141	0.0195158
-0.275625	0.0690614
-0.271793	0.0699078
-0.267899	0.0707541
-0.267295	0.0187837
-0.263882	0.0716004
-0.259688	0.0724461
-0.259005	0.131647
-0.255568	0.0732934
-0.255427	0.0180555
-0.251536	0.0741398
-0.251536	0.0741398
-0.24757	0.0749879
-0.243763	0.0758352
-0.242481	0.0173306
-0.239901	0.0766826
-0.235999	0.0775295
-0.232049	0.0783763
-0.228429	0.0166104
-0.22802	0.0792222
-0.224044	0.0800698
-0.220142	0.0809161
-0.217245	0.129229
-0.216314	0.0817641
-0.213498	0.0158947
-0.212595	0.0826112
-0.208881	0.0834577
-0.205134	0.0843034
-0.201402	0.0851494
-0.197674	0.0859941
-0.19727	0.0151843
-0.193987	0.0868405
-0.190386	0.0876854
-0.186873	0.0885319
-0.183491	0.0893774
-0.180228	0.0902219
-0.179555	0.0144803
-0.177065	0.0910655
-0.176043	0.121909
-0.173984	0.0919092
-0.170983	0.0927515
-0.167998	0.0935954
-0.167567	0.122728
-0.165071	0.0944376
-0.163561	0.121088
-0.163083	0.132452
-0.16217	0.0952813
-0.160438	0.0137824
-0.159359	0.0961238
-0.156695	0.0969657
-0.154229	0.0978067
-0.154229	0.0978067
-0.151998	0.0986468
-0.150018	0.0994857
-0.148228	0.100326
-0.14653	0.101164
-0.144814	0.102004
-0.143036	0.120268
-0.14295	0.102843
-0.140924	0.10368
-0.140516	0.123544
-0.139867	0.0130921
-0.138755	0.104516
-0.13657	0.105352
-0.134514	0.106186
-0.133482	0.111185
-0.133398	0.112015
-0.133398	0.112015
-0.132951	0.110355
-0.132767	0.107021
-0.132192	0.109523
-0.13218	0.112843
-0.131703	0.107855
-0.131596	0.108689
-0.130416	0.128421
-0.128955	0.113672
-0.12764	0.119447
-0.123463	0.1145
-0.117671	0.012409
-0.117569	0.118626
-0.116956	0.115328
-0.111901	0.116155
-0.111847	0.117803
-0.110082	0.11698
-0.104267	0.12436
-0.0937897	0.011735
-0.0708579	0.127613
-0.0689088	0.0110691
-0.0674484	0.125175
-0.0440118	0.0104136
-0.0413199	0.125988
-0.0405678	0.133252
-0.0404229	0.126801
-0.0159011	0.00976589
-0.0117437	0.141182
0.000212304	0.140397
0.000989889	0.141966
0.0170812	0.00913456
0.0297238	0.139608
0.0363006	0.142747
0.0517471	0.00851326
0.0635224	0.134051
0.0647432	0.138819
0.0838594	0.143527
0.0884752	0.0079052
0.0970316	0.138029
0.123097	0.137238
0.124357	0.13485
0.128178	0.00731205
0.1293	0.144306
0.141188	0.136443
0.14612	0.135647
0.161708	0.145084
0.171813	0.00673192
0.176841	0.145858
0.181767	0.146632
0.183976	0.149696
0.184083	0.149703
0.184354	0.149683
0.185218	0.149656
0.18583	0.147401
0.186441	0.149603
0.188056	0.149496
0.189243	0.14817
0.189534	0.149283
0.189615	0.148541
0.189662	0.148912
0.217722	0.00616997
0.263387	0.00562091
0.263387	0.00562091
0.313194	0.00508729
0.367157	0.0045785
0.423413	0.00408281
0.482499	0.00361403
0.544844	0.00316129
0.609451	0.0027378
0.673308	0.00233484
0.739962	0.00196225
0.782656	8.24209e-05
0.798606	0.00161491
0.832106	0.00148162
0.855936	7.51027e-05
0.85988	0.00135359
0.885915	0.00121571
0.912081	0.00108578
0.912361	9.16272e-05
0.93663	0.000948577
0.954753	0.000128905
0.960894	0.000821378
0.981376	0.000188002
0.981504	0.000690801
0.99851	0.000262319
0.99973	0.000572092
1.00983	0.000354999
1.01282	0.000456317
)
