(title "Pressure Coefficient")
(labels "Pressure Coefficient" "Position")

((xy/key/label "middleplane_pressureside")
-0.369605	0.0363576
-0.369352	0.0356509
-0.369161	0.0384625
-0.368777	0.039153
-0.368777	0.039153
-0.36853	0.0370652
-0.368453	0.0377634
-0.367506	0.0398444
-0.367481	0.0349369
-0.366926	0.0412082
-0.366916	0.0405259
-0.366497	0.0342241
-0.366426	0.0335023
-0.365865	0.0418814
-0.365228	0.0327822
-0.364399	0.0425547
-0.363153	0.0432186
-0.363111	0.0320552
-0.362435	0.0438826
-0.361376	0.0447112
-0.361187	0.0313298
-0.359742	0.0455399
-0.359139	0.0305971
-0.357916	0.0463705
-0.356851	0.0298666
-0.355766	0.0472014
-0.35485	0.0291293
-0.353508	0.048034
-0.351651	0.028394
-0.351075	0.0488669
-0.348617	0.0497014
-0.348617	0.0497014
-0.346733	0.0276544
-0.345972	0.0505361
-0.343329	0.0513722
-0.342583	0.0269173
-0.340521	0.0522086
-0.339019	0.0261741
-0.337659	0.0530463
-0.334725	0.0538842
-0.334271	0.025434
-0.33169	0.0547234
-0.32875	0.0246907
-0.328573	0.0555626
-0.325268	0.0564031
-0.323184	0.0239499
-0.322027	0.0572435
-0.318757	0.0580851
-0.317939	0.0232065
-0.315412	0.0589267
-0.311956	0.0597694
-0.311125	0.0224653
-0.308471	0.060612
-0.304929	0.0614555
-0.302459	0.0217252
-0.301335	0.0622991
-0.297723	0.0631434
-0.294038	0.0639878
-0.293792	0.0209874
-0.290372	0.0648328
-0.286606	0.0656779
-0.284785	0.0202499
-0.282873	0.0665235
-0.279042	0.0673691
-0.275236	0.0682153
-0.274906	0.0195158
-0.271374	0.0690614
-0.267471	0.0699078
-0.264045	0.0187837
-0.263513	0.0707541
-0.259408	0.0716004
-0.255142	0.0724461
-0.252168	0.0180555
-0.250921	0.0732934
-0.246802	0.0741398
-0.246802	0.0741398
-0.242731	0.0749879
-0.239208	0.0173306
-0.238836	0.0758352
-0.23489	0.0766826
-0.230912	0.0775295
-0.226887	0.0783763
-0.225144	0.0166104
-0.222776	0.0792222
-0.22108	0.129229
-0.218688	0.0800698
-0.218454	0.128421
-0.214659	0.0809161
-0.210684	0.0817641
-0.210199	0.0158947
-0.206785	0.0826112
-0.20292	0.0834577
-0.199034	0.0843034
-0.195226	0.0851494
-0.193956	0.0151843
-0.191445	0.0859941
-0.189979	0.130036
-0.187743	0.0868405
-0.184125	0.0876854
-0.18187	0.127613
-0.180565	0.0885319
-0.177091	0.0893774
-0.17623	0.0144803
-0.173668	0.0902219
-0.170304	0.0910655
-0.167011	0.0919092
-0.163837	0.0927515
-0.160746	0.0935954
-0.158759	0.137238
-0.157828	0.0944376
-0.157099	0.0137824
-0.155042	0.0952813
-0.152433	0.0961238
-0.149983	0.0969657
-0.14769	0.0978067
-0.14769	0.0978067
-0.145502	0.0986468
-0.143431	0.0994857
-0.142592	0.136443
-0.141403	0.100326
-0.14107	0.130842
-0.13941	0.101164
-0.139183	0.121088
-0.137437	0.102004
-0.136763	0.120268
-0.136709	0.138029
-0.136511	0.0130921
-0.136409	0.126801
-0.135864	0.121909
-0.135493	0.102843
-0.133649	0.10368
-0.131931	0.104516
-0.130348	0.105352
-0.12948	0.119447
-0.128899	0.106186
-0.127777	0.107021
-0.127473	0.112015
-0.127473	0.112015
-0.127262	0.111185
-0.127045	0.107855
-0.126797	0.110355
-0.126757	0.122728
-0.126703	0.108689
-0.126628	0.109523
-0.126552	0.112843
-0.124379	0.113672
-0.121476	0.1145
-0.120866	0.118626
-0.118369	0.115328
-0.1155	0.116155
-0.115085	0.117803
-0.114302	0.012409
-0.113765	0.11698
-0.11221	0.123544
-0.105172	0.125988
-0.0976259	0.135647
-0.0969515	0.12436
-0.094665	0.138819
-0.0941522	0.131647
-0.0920703	0.125175
-0.0904066	0.011735
-0.0664808	0.13485
-0.0659561	0.132452
-0.065512	0.0110691
-0.0587836	0.134051
-0.0576475	0.133252
-0.0475772	0.139608
-0.0405979	0.0104136
-0.0124692	0.00976589
-0.0041446	0.140397
0.0205224	0.00913456
0.0322854	0.141182
0.055191	0.00851326
0.061439	0.141966
0.0826628	0.142747
0.0919174	0.0079052
0.0977743	0.143527
0.109912	0.144306
0.120237	0.145084
0.128667	0.145858
0.131619	0.00731205
0.135187	0.146632
0.140923	0.147401
0.146295	0.14817
0.149984	0.148541
0.154128	0.148912
0.158721	0.149283
0.162051	0.149496
0.163866	0.149603
0.164891	0.149656
0.165619	0.149683
0.166036	0.149696
0.167629	0.149703
0.175252	0.00673192
0.221152	0.00616997
0.266805	0.00562091
0.266805	0.00562091
0.316571	0.00508729
0.370472	0.0045785
0.426673	0.00408281
0.485674	0.00361403
0.547913	0.00316129
0.612375	0.0027378
0.67601	0.00233484
0.74243	0.00196225
0.780307	8.24209e-05
0.800851	0.00161491
0.834179	0.00148162
0.853919	7.51027e-05
0.861803	0.00135359
0.887674	0.00121571
0.910749	9.16272e-05
0.913665	0.00108578
0.938018	0.000948577
0.953699	0.000128905
0.962098	0.000821378
0.981015	0.000188002
0.98255	0.000690801
0.998848	0.000262319
1.00065	0.000572092
1.01061	0.000354999
1.0137	0.000456317
)
