(title "Pressure Coefficient")
(labels "Pressure Coefficient" "Position")

((xy/key/label "middleplane_pressureside")
-0.365493	0.0363576
-0.365298	0.0356509
-0.364951	0.0384625
-0.364521	0.039153
-0.364521	0.039153
-0.364403	0.0370652
-0.364278	0.0377634
-0.363478	0.0349369
-0.363224	0.0398444
-0.362601	0.0405259
-0.36259	0.0412082
-0.362536	0.0342241
-0.362498	0.0335023
-0.361469	0.0418814
-0.361359	0.0327822
-0.35994	0.0425547
-0.359282	0.0320552
-0.35867	0.0432186
-0.357852	0.0438826
-0.35739	0.0313298
-0.356808	0.0447112
-0.355398	0.0305971
-0.355089	0.0455399
-0.353259	0.0463705
-0.353134	0.0298666
-0.351193	0.0291293
-0.351065	0.0472014
-0.348747	0.048034
-0.347954	0.028394
-0.346314	0.0488669
-0.343746	0.0497014
-0.343746	0.0497014
-0.343069	0.0276544
-0.341111	0.0505361
-0.339023	0.0269173
-0.338354	0.0513722
-0.33553	0.0522086
-0.335488	0.0261741
-0.332578	0.0530463
-0.330787	0.025434
-0.329578	0.0538842
-0.326486	0.0547234
-0.325296	0.0246907
-0.323305	0.0555626
-0.319981	0.0564031
-0.319779	0.0239499
-0.316652	0.0572435
-0.314569	0.0232065
-0.313368	0.0580851
-0.309922	0.0589267
-0.307806	0.0224653
-0.306458	0.0597694
-0.302878	0.060612
-0.299313	0.0614555
-0.299192	0.0217252
-0.295654	0.0622991
-0.291986	0.0631434
-0.290551	0.0209874
-0.288255	0.0639878
-0.284485	0.0648328
-0.281592	0.0202499
-0.280694	0.0656779
-0.276853	0.0665235
-0.273008	0.0673691
-0.27175	0.0195158
-0.269114	0.0682153
-0.265208	0.0690614
-0.261231	0.0699078
-0.260935	0.0187837
-0.257195	0.0707541
-0.253037	0.0716004
-0.249102	0.0180555
-0.248693	0.0724461
-0.244444	0.0732934
-0.240246	0.0741398
-0.240246	0.0741398
-0.236183	0.0173306
-0.236135	0.0749879
-0.232166	0.0758352
-0.228151	0.0766826
-0.224095	0.0775295
-0.222168	0.0166104
-0.219999	0.0783763
-0.215825	0.0792222
-0.211684	0.0800698
-0.208552	0.127613
-0.207605	0.0809161
-0.207267	0.0158947
-0.203578	0.0817641
-0.199659	0.0826112
-0.196327	0.126801
-0.195756	0.0834577
-0.191858	0.0843034
-0.191071	0.0151843
-0.187983	0.0851494
-0.18415	0.0859941
-0.181762	0.128421
-0.180339	0.0868405
-0.176614	0.0876854
-0.173395	0.0144803
-0.172942	0.0885319
-0.169362	0.0893774
-0.165893	0.0902219
-0.165175	0.125988
-0.162531	0.0910655
-0.159297	0.0919092
-0.156198	0.0927515
-0.15431	0.0137824
-0.153229	0.0935954
-0.150343	0.0944376
-0.150131	0.135647
-0.147691	0.13485
-0.147546	0.0952813
-0.144767	0.0961238
-0.142022	0.0969657
-0.13929	0.0978067
-0.13929	0.0978067
-0.136608	0.0986468
-0.134049	0.0994857
-0.133825	0.125175
-0.133776	0.0130921
-0.132726	0.136443
-0.131665	0.100326
-0.129603	0.101164
-0.127878	0.102004
-0.126494	0.102843
-0.125369	0.10368
-0.124911	0.11698
-0.124443	0.104516
-0.123526	0.105352
-0.122817	0.116155
-0.122691	0.117803
-0.12231	0.106186
-0.120411	0.107021
-0.119444	0.115328
-0.117874	0.107855
-0.117688	0.129229
-0.115333	0.137238
-0.115241	0.1145
-0.114927	0.108689
-0.113085	0.118626
-0.111829	0.109523
-0.111619	0.012409
-0.110616	0.113672
-0.108771	0.110355
-0.107645	0.12436
-0.106745	0.112843
-0.106407	0.134051
-0.106047	0.111185
-0.105035	0.112015
-0.105035	0.112015
-0.0982974	0.119447
-0.0877758	0.011735
-0.0871041	0.123544
-0.0835384	0.120268
-0.0784211	0.138029
-0.0742765	0.122728
-0.0733716	0.121088
-0.0700098	0.121909
-0.0629347	0.0110691
-0.0463592	0.133252
-0.0432531	0.130036
-0.0380738	0.0104136
-0.0113838	0.138819
-0.0100048	0.00976589
-0.00154458	0.132452
0.00705328	0.130842
0.0173208	0.131647
0.0229235	0.00913456
0.0575314	0.00851326
0.0770511	0.139608
0.0941976	0.0079052
0.133832	0.00731205
0.141214	0.147401
0.141578	0.146632
0.146515	0.149703
0.147338	0.14817
0.148803	0.149696
0.151057	0.149683
0.151765	0.145858
0.152708	0.148541
0.153717	0.149656
0.156413	0.149603
0.157872	0.148912
0.159127	0.149496
0.160412	0.149283
0.169526	0.145084
0.169851	0.140397
0.177393	0.00673192
0.195667	0.144306
0.223223	0.00616997
0.22598	0.143527
0.237239	0.141182
0.251104	0.142747
0.26097	0.141966
0.268813	0.00562091
0.268813	0.00562091
0.318521	0.00508729
0.372369	0.0045785
0.428522	0.00408281
0.487486	0.00361403
0.549707	0.00316129
0.614169	0.0027378
0.677795	0.00233484
0.744222	0.00196225
0.779406	8.24209e-05
0.802638	0.00161491
0.835925	0.00148162
0.853122	7.51027e-05
0.863494	0.00135359
0.889275	0.00121571
0.910063	9.16272e-05
0.915122	0.00108578
0.939269	0.000948577
0.9531	0.000128905
0.963063	0.000821378
0.980511	0.000188002
0.983192	0.000690801
0.998496	0.000262319
1.00097	0.000572092
1.0104	0.000354999
1.0137	0.000456317
)
