(title "Pressure Coefficient")
(labels "Pressure Coefficient" "Position")

((xy/key/label "middleplane_pressureside")
-0.373092	0.0363576
-0.372897	0.0356509
-0.372537	0.0384625
-0.37211	0.039153
-0.37211	0.039153
-0.371987	0.0370652
-0.371869	0.0377634
-0.371073	0.0349369
-0.370804	0.0398444
-0.370183	0.0405259
-0.370156	0.0412082
-0.370138	0.0342241
-0.370107	0.0335023
-0.369066	0.0418814
-0.368967	0.0327822
-0.367542	0.0425547
-0.366892	0.0320552
-0.366298	0.0432186
-0.365533	0.0438826
-0.365011	0.0313298
-0.364428	0.0447112
-0.363017	0.0305971
-0.362736	0.0455399
-0.360859	0.0463705
-0.360768	0.0298666
-0.358832	0.0291293
-0.358696	0.0472014
-0.356379	0.048034
-0.355639	0.028394
-0.353951	0.0488669
-0.351417	0.0497014
-0.351417	0.0497014
-0.35077	0.0276544
-0.348767	0.0505361
-0.346703	0.0269173
-0.346057	0.0513722
-0.343198	0.0522086
-0.343189	0.0261741
-0.340321	0.0530463
-0.338499	0.025434
-0.337298	0.0538842
-0.334249	0.0547234
-0.333028	0.0246907
-0.33106	0.0555626
-0.327755	0.0564031
-0.327529	0.0239499
-0.324461	0.0572435
-0.322342	0.0232065
-0.321156	0.0580851
-0.317767	0.0589267
-0.315594	0.0224653
-0.314285	0.0597694
-0.310775	0.060612
-0.307176	0.0614555
-0.306992	0.0217252
-0.303561	0.0622991
-0.299886	0.0631434
-0.298377	0.0209874
-0.296182	0.0639878
-0.29244	0.0648328
-0.289437	0.0202499
-0.288646	0.0656779
-0.28485	0.0665235
-0.28098	0.0673691
-0.279617	0.0195158
-0.277137	0.0682153
-0.27321	0.0690614
-0.269276	0.0699078
-0.268824	0.0187837
-0.265245	0.0707541
-0.261095	0.0716004
-0.257012	0.0180555
-0.256765	0.0724461
-0.25249	0.0732934
-0.248308	0.0741398
-0.248308	0.0741398
-0.244185	0.0749879
-0.244116	0.0173306
-0.240216	0.0758352
-0.236188	0.0766826
-0.232117	0.0775295
-0.230121	0.0166104
-0.227987	0.0783763
-0.22377	0.0792222
-0.21958	0.0800698
-0.215443	0.0809161
-0.215241	0.0158947
-0.211357	0.0817641
-0.207369	0.0826112
-0.203394	0.0834577
-0.199405	0.0843034
-0.199065	0.0151843
-0.195436	0.0851494
-0.191489	0.0859941
-0.187568	0.0868405
-0.18372	0.0876854
-0.183084	0.133252
-0.181407	0.0144803
-0.179917	0.0885319
-0.176198	0.0893774
-0.173786	0.134051
-0.172549	0.0902219
-0.168979	0.0910655
-0.165482	0.0919092
-0.162342	0.0137824
-0.162092	0.0927515
-0.158767	0.0935954
-0.155579	0.0944376
-0.152503	0.0952813
-0.149862	0.132452
-0.149518	0.0961238
-0.147395	0.125175
-0.14667	0.0969657
-0.143891	0.0978067
-0.143891	0.0978067
-0.141825	0.0130921
-0.14122	0.0986468
-0.138602	0.0994857
-0.136743	0.125988
-0.136043	0.100326
-0.135871	0.12436
-0.13351	0.101164
-0.131065	0.102004
-0.128738	0.102843
-0.1278	0.13485
-0.126614	0.10368
-0.124736	0.104516
-0.123098	0.105352
-0.121753	0.106186
-0.120574	0.107021
-0.119685	0.012409
-0.119368	0.107855
-0.117898	0.108689
-0.117071	0.123544
-0.116119	0.109523
-0.11403	0.110355
-0.111697	0.111185
-0.109254	0.112015
-0.109254	0.112015
-0.107684	0.117803
-0.107502	0.11698
-0.107124	0.112843
-0.106628	0.116155
-0.106165	0.126801
-0.105902	0.115328
-0.105891	0.113672
-0.105627	0.118626
-0.10556	0.1145
-0.104138	0.122728
-0.101865	0.119447
-0.0981288	0.120268
-0.0976088	0.121909
-0.0970662	0.131647
-0.0960524	0.121088
-0.0958554	0.011735
-0.091999	0.141182
-0.0913393	0.141966
-0.0710229	0.0110691
-0.0687886	0.135647
-0.0682668	0.127613
-0.0599076	0.142747
-0.0585571	0.140397
-0.0550019	0.130842
-0.0461759	0.0104136
-0.0372689	0.128421
-0.0312413	0.130036
-0.0243748	0.143527
-0.024303	0.129229
-0.0210145	0.136443
-0.0204264	0.139608
-0.0181151	0.00976589
-0.000999397	0.144306
0.00238028	0.138819
0.00626112	0.137238
0.00881829	0.145084
0.0125436	0.138029
0.0131076	0.145858
0.0148256	0.00913456
0.0196631	0.146632
0.0331508	0.147401
0.049456	0.00851326
0.050061	0.14817
0.0606108	0.148541
0.0716034	0.148912
0.0816848	0.149283
0.0861099	0.149496
0.0861542	0.0079052
0.0862449	0.149696
0.0873765	0.149603
0.0880062	0.149683
0.0882779	0.149656
0.0895327	0.149703
0.125831	0.00731205
0.169447	0.00673192
0.21534	0.00616997
0.260993	0.00562091
0.260993	0.00562091
0.310811	0.00508729
0.364807	0.0045785
0.421098	0.00408281
0.48024	0.00361403
0.542663	0.00316129
0.607377	0.0027378
0.671392	0.00233484
0.738231	0.00196225
0.78572	8.24209e-05
0.797055	0.00161491
0.830692	0.00148162
0.858509	7.51027e-05
0.85859	0.00135359
0.884756	0.00121571
0.911074	0.00108578
0.914329	9.16272e-05
0.935776	0.000948577
0.955867	0.000128905
0.960216	0.000821378
0.980933	0.000690801
0.981526	0.000188002
0.997832	0.000262319
0.999162	0.000572092
1.00893	0.000354999
1.01217	0.000456317
)
