(title "Pressure Coefficient")
(labels "Pressure Coefficient" "Position")

((xy/key/label "middleplane_pressureside")
-0.3662	0.0363576
-0.365992	0.0356509
-0.365683	0.0384625
-0.365266	0.039153
-0.365266	0.039153
-0.365115	0.0370652
-0.365001	0.0377634
-0.364149	0.0349369
-0.36397	0.0398444
-0.363363	0.0405259
-0.363355	0.0412082
-0.363199	0.0342241
-0.363154	0.0335023
-0.362263	0.0418814
-0.362003	0.0327822
-0.360734	0.0425547
-0.359916	0.0320552
-0.359516	0.0432186
-0.358742	0.0438826
-0.358014	0.0313298
-0.357659	0.0447112
-0.356014	0.0305971
-0.355974	0.0455399
-0.354114	0.0463705
-0.353745	0.0298666
-0.351974	0.0472014
-0.351798	0.0291293
-0.34967	0.048034
-0.348567	0.028394
-0.347248	0.0488669
-0.344724	0.0497014
-0.344724	0.0497014
-0.343664	0.0276544
-0.34208	0.0505361
-0.339603	0.0269173
-0.339371	0.0513722
-0.336535	0.0522086
-0.336067	0.0261741
-0.33365	0.0530463
-0.331358	0.025434
-0.33066	0.0538842
-0.327618	0.0547234
-0.325863	0.0246907
-0.324462	0.0555626
-0.321163	0.0564031
-0.320336	0.0239499
-0.317892	0.0572435
-0.315125	0.0232065
-0.314601	0.0580851
-0.311223	0.0589267
-0.308348	0.0224653
-0.307754	0.0597694
-0.304245	0.060612
-0.300688	0.0614555
-0.299724	0.0217252
-0.297072	0.0622991
-0.293449	0.0631434
-0.291084	0.0209874
-0.289747	0.0639878
-0.286061	0.0648328
-0.282289	0.0656779
-0.282115	0.0202499
-0.27853	0.0665235
-0.274704	0.0673691
-0.272271	0.0195158
-0.27087	0.0682153
-0.267006	0.0690614
-0.263076	0.0699078
-0.261448	0.0187837
-0.25911	0.0707541
-0.254984	0.0716004
-0.250706	0.0724461
-0.249609	0.0180555
-0.246483	0.0732934
-0.242354	0.0741398
-0.242354	0.0741398
-0.238302	0.0749879
-0.236686	0.0173306
-0.23439	0.0758352
-0.232137	0.130036
-0.230446	0.0766826
-0.226442	0.0775295
-0.222661	0.0166104
-0.222389	0.0783763
-0.221087	0.129229
-0.218248	0.0792222
-0.214158	0.0800698
-0.210122	0.0809161
-0.207756	0.0158947
-0.206148	0.0817641
-0.202267	0.0826112
-0.198391	0.0834577
-0.196842	0.130842
-0.1945	0.0843034
-0.191552	0.0151843
-0.190626	0.0851494
-0.190179	0.128421
-0.186778	0.0859941
-0.182953	0.0868405
-0.179213	0.0876854
-0.175523	0.0885319
-0.173866	0.0144803
-0.171936	0.0893774
-0.168432	0.0902219
-0.165021	0.0910655
-0.161702	0.0919092
-0.158495	0.0927515
-0.155355	0.0935954
-0.154776	0.0137824
-0.152279	0.0944376
-0.151446	0.127613
-0.149262	0.0952813
-0.146263	0.0961238
-0.143363	0.0969657
-0.14056	0.0978067
-0.14056	0.0978067
-0.137928	0.0986468
-0.135481	0.0994857
-0.134232	0.0130921
-0.133229	0.100326
-0.132976	0.131647
-0.131169	0.101164
-0.129195	0.102004
-0.127238	0.102843
-0.125209	0.10368
-0.123111	0.104516
-0.121159	0.121088
-0.120932	0.105352
-0.120303	0.120268
-0.118757	0.106186
-0.116728	0.107021
-0.115171	0.107855
-0.114227	0.108689
-0.113741	0.109523
-0.113474	0.110355
-0.113104	0.111185
-0.113025	0.119447
-0.112312	0.112015
-0.112312	0.112015
-0.112065	0.012409
-0.111111	0.121909
-0.110557	0.112843
-0.1074	0.113672
-0.10674	0.126801
-0.106167	0.118626
-0.103353	0.1145
-0.101505	0.117803
-0.0998166	0.115328
-0.0987527	0.11698
-0.0981487	0.116155
-0.0931234	0.122728
-0.0882131	0.011735
-0.0737084	0.125988
-0.0731728	0.123544
-0.0713897	0.132452
-0.0633643	0.0110691
-0.0587241	0.12436
-0.0579531	0.125175
-0.0384969	0.0104136
-0.0266458	0.133252
-0.0109184	0.138819
-0.0104172	0.00976589
-0.00899714	0.138029
0.00498362	0.134051
0.0225235	0.00913456
0.0241875	0.139608
0.0248321	0.137238
0.0484662	0.13485
0.0571403	0.00851326
0.0632984	0.136443
0.0777994	0.140397
0.0780831	0.135647
0.0938128	0.0079052
0.123077	0.149696
0.123333	0.149703
0.124131	0.149683
0.125166	0.149656
0.126589	0.141182
0.127403	0.149603
0.131123	0.149496
0.133456	0.00731205
0.136901	0.149283
0.144899	0.148912
0.153463	0.148541
0.159272	0.141966
0.165202	0.14817
0.177029	0.00673192
0.177712	0.142747
0.186173	0.147401
0.1899	0.143527
0.203275	0.144306
0.207498	0.146632
0.21581	0.145084
0.218684	0.145858
0.222864	0.00616997
0.268452	0.00562091
0.268452	0.00562091
0.318155	0.00508729
0.371993	0.0045785
0.42813	0.00408281
0.487076	0.00361403
0.549272	0.00316129
0.61371	0.0027378
0.67733	0.00233484
0.743762	0.00196225
0.779479	8.24209e-05
0.802201	0.00161491
0.835523	0.00148162
0.853094	7.51027e-05
0.863137	0.00135359
0.888976	0.00121571
0.909949	9.16272e-05
0.914906	0.00108578
0.939152	0.000948577
0.952967	0.000128905
0.963086	0.000821378
0.98047	0.000188002
0.983348	0.000690801
0.998594	0.000262319
1.00122	0.000572092
1.01066	0.000354999
1.01402	0.000456317
)
