(title "Pressure Coefficient")
(labels "Pressure Coefficient" "Position")

((xy/key/label "middleplane_pressureside")
-0.368461	0.0363576
-0.368225	0.0356509
-0.367985	0.0384625
-0.3676	0.039153
-0.3676	0.039153
-0.367376	0.0370652
-0.367298	0.0377634
-0.366364	0.0349369
-0.366319	0.0398444
-0.365725	0.0405259
-0.365722	0.0412082
-0.3654	0.0342241
-0.365332	0.0335023
-0.364674	0.0418814
-0.364144	0.0327822
-0.36319	0.0425547
-0.362024	0.0320552
-0.361981	0.0432186
-0.361265	0.0438826
-0.360163	0.0447112
-0.360113	0.0313298
-0.358495	0.0455399
-0.358058	0.0305971
-0.356655	0.0463705
-0.355775	0.0298666
-0.354492	0.0472014
-0.353783	0.0291293
-0.352218	0.048034
-0.350583	0.028394
-0.349807	0.0488669
-0.347325	0.0497014
-0.347325	0.0497014
-0.345691	0.0276544
-0.344715	0.0505361
-0.342033	0.0513722
-0.341541	0.0269173
-0.339245	0.0522086
-0.33799	0.0261741
-0.336371	0.0530463
-0.333415	0.0538842
-0.333244	0.025434
-0.330372	0.0547234
-0.327729	0.0246907
-0.327231	0.0555626
-0.323937	0.0564031
-0.322186	0.0239499
-0.320662	0.0572435
-0.317396	0.0580851
-0.31694	0.0232065
-0.314019	0.0589267
-0.310597	0.0597694
-0.31015	0.0224653
-0.307097	0.060612
-0.303585	0.0614555
-0.301486	0.0217252
-0.299984	0.0622991
-0.296376	0.0631434
-0.292823	0.0209874
-0.292689	0.0639878
-0.288989	0.0648328
-0.28524	0.0656779
-0.283827	0.0202499
-0.281467	0.0665235
-0.27767	0.0673691
-0.273948	0.0195158
-0.273837	0.0682153
-0.27	0.0690614
-0.266094	0.0699078
-0.263104	0.0187837
-0.262153	0.0707541
-0.258064	0.0716004
-0.253809	0.0724461
-0.251228	0.0180555
-0.249613	0.0732934
-0.245478	0.0741398
-0.245478	0.0741398
-0.241434	0.0749879
-0.238279	0.0173306
-0.237513	0.0758352
-0.233569	0.0766826
-0.229595	0.0775295
-0.225595	0.0783763
-0.22423	0.0166104
-0.221514	0.0792222
-0.217488	0.0800698
-0.213519	0.0809161
-0.2096	0.0817641
-0.20929	0.0158947
-0.205759	0.0826112
-0.201913	0.0834577
-0.198055	0.0843034
-0.194216	0.0851494
-0.193063	0.0151843
-0.190422	0.0859941
-0.186677	0.0868405
-0.183054	0.0876854
-0.179512	0.0885319
-0.176094	0.0893774
-0.175345	0.0144803
-0.172762	0.0902219
-0.169513	0.0910655
-0.166321	0.0919092
-0.163202	0.0927515
-0.160126	0.0935954
-0.157136	0.0944376
-0.156819	0.130842
-0.156222	0.0137824
-0.154267	0.0952813
-0.151479	0.0961238
-0.150928	0.130036
-0.15086	0.131647
-0.148858	0.0969657
-0.146355	0.0978067
-0.146355	0.0978067
-0.144003	0.0986468
-0.141768	0.0994857
-0.140187	0.129229
-0.139621	0.100326
-0.137559	0.101164
-0.13565	0.0130921
-0.13554	0.102004
-0.1336	0.102843
-0.133385	0.132452
-0.131723	0.10368
-0.129965	0.104516
-0.129044	0.128421
-0.128332	0.105352
-0.12688	0.106186
-0.125512	0.107021
-0.124153	0.107855
-0.124141	0.139608
-0.122731	0.108689
-0.121236	0.109523
-0.119639	0.110355
-0.117921	0.111185
-0.117061	0.140397
-0.116948	0.127613
-0.116157	0.112015
-0.116157	0.112015
-0.11464	0.112843
-0.114354	0.11698
-0.114269	0.117803
-0.114116	0.116155
-0.11385	0.113672
-0.113843	0.115328
-0.113684	0.1145
-0.113451	0.012409
-0.112785	0.118626
-0.109106	0.119447
-0.106412	0.126801
-0.105978	0.133252
-0.103795	0.120268
-0.10225	0.138819
-0.0999327	0.125988
-0.0982854	0.121088
-0.096113	0.125175
-0.094135	0.121909
-0.093214	0.12436
-0.0921047	0.122728
-0.0917871	0.123544
-0.0895676	0.011735
-0.0773428	0.141182
-0.0714115	0.134051
-0.0647388	0.138029
-0.0646868	0.0110691
-0.0397855	0.0104136
-0.037579	0.13485
-0.0303549	0.137238
-0.0144506	0.135647
-0.0137963	0.141966
-0.011672	0.00976589
-0.0114446	0.136443
0.0213023	0.00913456
0.0532292	0.142747
0.0559541	0.00851326
0.0926636	0.0079052
0.106709	0.143527
0.132346	0.00731205
0.139951	0.144306
0.156854	0.145084
0.163021	0.145858
0.164087	0.146632
0.164601	0.147401
0.165935	0.14817
0.168231	0.148541
0.17358	0.148912
0.175959	0.00673192
0.18228	0.149283
0.1897	0.149496
0.19376	0.149603
0.195559	0.149656
0.196344	0.149683
0.196785	0.149696
0.197372	0.149703
0.221838	0.00616997
0.267473	0.00562091
0.267473	0.00562091
0.317223	0.00508729
0.371109	0.0045785
0.427298	0.00408281
0.486291	0.00361403
0.548529	0.00316129
0.612994	0.0027378
0.676621	0.00233484
0.743037	0.00196225
0.779671	8.24209e-05
0.801447	0.00161491
0.834746	0.00148162
0.853342	7.51027e-05
0.862335	0.00135359
0.888153	0.00121571
0.910207	9.16272e-05
0.914065	0.00108578
0.938307	0.000948577
0.953159	0.000128905
0.962238	0.000821378
0.980476	0.000188002
0.982524	0.000690801
0.998346	0.000262319
1.00046	0.000572092
1.01017	0.000354999
1.01335	0.000456317
)
