(title "Pressure Coefficient")
(labels "Pressure Coefficient" "Position")

((xy/key/label "middleplane_pressureside")
-0.375536	0.0363576
-0.375287	0.0356509
-0.375077	0.0384625
-0.374685	0.039153
-0.374685	0.039153
-0.374452	0.0370652
-0.374361	0.0377634
-0.37342	0.0349369
-0.373415	0.0398444
-0.372854	0.0412082
-0.372826	0.0405259
-0.37244	0.0342241
-0.372381	0.0335023
-0.371778	0.0418814
-0.371188	0.0327822
-0.370314	0.0425547
-0.369084	0.0320552
-0.369063	0.0432186
-0.368314	0.0438826
-0.367323	0.0447112
-0.367162	0.0313298
-0.365668	0.0455399
-0.365131	0.0305971
-0.363896	0.0463705
-0.362853	0.0298666
-0.361732	0.0472014
-0.360866	0.0291293
-0.359484	0.048034
-0.357684	0.028394
-0.357087	0.0488669
-0.354584	0.0497014
-0.354584	0.0497014
-0.352773	0.0276544
-0.352024	0.0505361
-0.34933	0.0513722
-0.348642	0.0269173
-0.346594	0.0522086
-0.345095	0.0261741
-0.343726	0.0530463
-0.340819	0.0538842
-0.34037	0.025434
-0.337811	0.0547234
-0.334869	0.0246907
-0.334696	0.0555626
-0.331458	0.0564031
-0.329326	0.0239499
-0.328195	0.0572435
-0.324992	0.0580851
-0.32411	0.0232065
-0.321626	0.0589267
-0.31825	0.0597694
-0.317318	0.0224653
-0.314782	0.060612
-0.311295	0.0614555
-0.308675	0.0217252
-0.307743	0.0622991
-0.304164	0.0631434
-0.300544	0.0639878
-0.300034	0.0209874
-0.296892	0.0648328
-0.293203	0.0656779
-0.291051	0.0202499
-0.289486	0.0665235
-0.28573	0.0673691
-0.281956	0.0682153
-0.281199	0.0195158
-0.27815	0.0690614
-0.274292	0.0699078
-0.270386	0.0707541
-0.270368	0.0187837
-0.266336	0.0716004
-0.26212	0.0724461
-0.258519	0.0180555
-0.257965	0.0732934
-0.2539	0.0741398
-0.2539	0.0741398
-0.249907	0.0749879
-0.246058	0.0758352
-0.245588	0.0173306
-0.242173	0.0766826
-0.23823	0.0775295
-0.23424	0.0783763
-0.231554	0.0166104
-0.230637	0.135647
-0.230165	0.0792222
-0.229181	0.13485
-0.226151	0.0800698
-0.222188	0.0809161
-0.218283	0.0817641
-0.21664	0.0158947
-0.214462	0.0826112
-0.210641	0.0834577
-0.206787	0.0843034
-0.202945	0.0851494
-0.201887	0.136443
-0.200426	0.0151843
-0.199128	0.0859941
-0.198927	0.134051
-0.19535	0.0868405
-0.191682	0.0876854
-0.188078	0.0885319
-0.184588	0.0893774
-0.18273	0.0144803
-0.181162	0.0902219
-0.177808	0.0910655
-0.174492	0.0919092
-0.171256	0.0927515
-0.168055	0.0935954
-0.164953	0.0944376
-0.163631	0.0137824
-0.161982	0.0952813
-0.15912	0.0961238
-0.158976	0.133252
-0.157345	0.125988
-0.156436	0.0969657
-0.155097	0.137238
-0.153867	0.0978067
-0.153867	0.0978067
-0.152619	0.126801
-0.151432	0.0986468
-0.151404	0.125175
-0.149063	0.0994857
-0.146779	0.100326
-0.144551	0.101164
-0.143075	0.0130921
-0.142412	0.102004
-0.141317	0.12436
-0.14039	0.102843
-0.138498	0.10368
-0.136782	0.104516
-0.135216	0.105352
-0.133781	0.106186
-0.132337	0.107021
-0.132066	0.127613
-0.130815	0.107855
-0.129184	0.108689
-0.129069	0.123544
-0.127597	0.109523
-0.12612	0.110355
-0.125372	0.115328
-0.125058	0.1145
-0.124829	0.111185
-0.124801	0.116155
-0.124184	0.113672
-0.123911	0.112015
-0.123911	0.112015
-0.123641	0.112843
-0.123453	0.11698
-0.121016	0.117803
-0.120897	0.012409
-0.11855	0.132452
-0.117282	0.118626
-0.116343	0.122728
-0.112467	0.119447
-0.107133	0.120268
-0.106971	0.121909
-0.104054	0.121088
-0.101598	0.138029
-0.0996691	0.128421
-0.0970313	0.011735
-0.0820185	0.131647
-0.0721625	0.0110691
-0.0697659	0.129229
-0.0586011	0.130842
-0.054347	0.130036
-0.0529275	0.138819
-0.0472803	0.0104136
-0.0191835	0.00976589
-0.0144763	0.139608
0.0137947	0.00913456
0.0215083	0.140397
0.0484624	0.00851326
0.0554497	0.141182
0.0813826	0.141966
0.0851974	0.0079052
0.10094	0.142747
0.115751	0.143527
0.124913	0.00731205
0.127805	0.144306
0.141178	0.145084
0.156879	0.145858
0.168568	0.00673192
0.17135	0.146632
0.186287	0.147401
0.199666	0.14817
0.206664	0.148541
0.211923	0.148912
0.214501	0.00616997
0.21489	0.149283
0.214997	0.149703
0.215148	0.149696
0.215388	0.149683
0.215601	0.149656
0.215622	0.149496
0.215665	0.149603
0.260195	0.00562091
0.260195	0.00562091
0.310057	0.00508729
0.364099	0.0045785
0.420442	0.00408281
0.479641	0.00361403
0.54213	0.00316129
0.606915	0.0027378
0.670992	0.00233484
0.737909	0.00196225
0.785469	8.24209e-05
0.796804	0.00161491
0.830471	0.00148162
0.858213	7.51027e-05
0.858394	0.00135359
0.884577	0.00121571
0.910905	0.00108578
0.913942	9.16272e-05
0.935602	0.000948577
0.955369	0.000128905
0.960035	0.000821378
0.980726	0.000690801
0.980958	0.000188002
0.997271	0.000262319
0.998908	0.000572092
1.00849	0.000354999
1.01186	0.000456317
)
