(title "Pressure Coefficient")
(labels "Pressure Coefficient" "Position")

((xy/key/label "middleplane_pressureside")
-0.36824	0.0363576
-0.368027	0.0356509
-0.367761	0.0384625
-0.367362	0.039153
-0.367362	0.039153
-0.367171	0.0370652
-0.367072	0.0377634
-0.366183	0.0349369
-0.366083	0.0398444
-0.365494	0.0412082
-0.365487	0.0405259
-0.365211	0.0342241
-0.365145	0.0335023
-0.364413	0.0418814
-0.363979	0.0327822
-0.362902	0.0425547
-0.361865	0.0320552
-0.361691	0.0432186
-0.360917	0.0438826
-0.359951	0.0313298
-0.359866	0.0447112
-0.358181	0.0455399
-0.357917	0.0305971
-0.356348	0.0463705
-0.355631	0.0298666
-0.354206	0.0472014
-0.353659	0.0291293
-0.351908	0.048034
-0.350435	0.028394
-0.34951	0.0488669
-0.346981	0.0497014
-0.346981	0.0497014
-0.345543	0.0276544
-0.344382	0.0505361
-0.341651	0.0513722
-0.341428	0.0269173
-0.338868	0.0522086
-0.337877	0.0261741
-0.33597	0.0530463
-0.333143	0.025434
-0.332996	0.0538842
-0.329956	0.0547234
-0.32763	0.0246907
-0.326776	0.0555626
-0.32351	0.0564031
-0.322092	0.0239499
-0.320182	0.0572435
-0.316939	0.0580851
-0.316854	0.0232065
-0.313525	0.0589267
-0.310099	0.0597694
-0.310067	0.0224653
-0.306585	0.060612
-0.303036	0.0614555
-0.301416	0.0217252
-0.299429	0.0622991
-0.295769	0.0631434
-0.292755	0.0209874
-0.292095	0.0639878
-0.288359	0.0648328
-0.284616	0.0656779
-0.283768	0.0202499
-0.280812	0.0665235
-0.276996	0.0673691
-0.273898	0.0195158
-0.273135	0.0682153
-0.269258	0.0690614
-0.265327	0.0699078
-0.263058	0.0187837
-0.261325	0.0707541
-0.25722	0.0716004
-0.252904	0.0724461
-0.251193	0.0180555
-0.248698	0.0732934
-0.244537	0.0741398
-0.244537	0.0741398
-0.24045	0.0749879
-0.238249	0.0173306
-0.23651	0.0758352
-0.232525	0.0766826
-0.228738	0.134051
-0.228485	0.0775295
-0.225264	0.133252
-0.224401	0.0783763
-0.224205	0.0166104
-0.220718	0.13485
-0.220245	0.0792222
-0.21613	0.0800698
-0.213539	0.132452
-0.212086	0.0809161
-0.209274	0.0158947
-0.208097	0.0817641
-0.204211	0.0826112
-0.200323	0.0834577
-0.196426	0.0843034
-0.193051	0.0151843
-0.192535	0.0851494
-0.190576	0.135647
-0.189281	0.131647
-0.188681	0.0859941
-0.184836	0.0868405
-0.181099	0.0876854
-0.177408	0.0885319
-0.175341	0.0144803
-0.173846	0.0893774
-0.170394	0.0902219
-0.16704	0.0910655
-0.166529	0.125175
-0.165436	0.12436
-0.163817	0.0919092
-0.160693	0.0927515
-0.157703	0.0935954
-0.156226	0.0137824
-0.154747	0.0944376
-0.153873	0.130842
-0.151909	0.0952813
-0.149114	0.0961238
-0.147391	0.123544
-0.146433	0.0969657
-0.143828	0.0978067
-0.143828	0.0978067
-0.141793	0.125988
-0.141333	0.0986468
-0.138965	0.0994857
-0.137616	0.136443
-0.136714	0.100326
-0.135659	0.0130921
-0.134634	0.101164
-0.13271	0.102004
-0.13102	0.102843
-0.129541	0.10368
-0.129078	0.122728
-0.128284	0.104516
-0.127233	0.105352
-0.12634	0.106186
-0.125339	0.107021
-0.124104	0.107855
-0.122529	0.108689
-0.121313	0.116155
-0.120726	0.109523
-0.120669	0.11698
-0.120292	0.115328
-0.11878	0.110355
-0.118526	0.1145
-0.116999	0.117803
-0.116745	0.111185
-0.116725	0.113672
-0.115408	0.112843
-0.115344	0.112015
-0.115344	0.112015
-0.115139	0.121909
-0.114553	0.130036
-0.113467	0.012409
-0.109911	0.118626
-0.105635	0.121088
-0.103965	0.126801
-0.10321	0.119447
-0.101448	0.120268
-0.0895898	0.011735
-0.0825309	0.129229
-0.0747788	0.127613
-0.0743419	0.137238
-0.0676488	0.128421
-0.0647139	0.0110691
-0.0398181	0.0104136
-0.0162768	0.138029
-0.0117085	0.00976589
0.0212635	0.00913456
0.0285752	0.138819
0.0559132	0.00851326
0.0602069	0.139608
0.0825919	0.140397
0.0926213	0.0079052
0.0988727	0.141182
0.113141	0.141966
0.1289	0.142747
0.132305	0.00731205
0.148368	0.143527
0.170474	0.144306
0.175921	0.00673192
0.193452	0.145084
0.216185	0.145858
0.221808	0.00616997
0.231798	0.149703
0.234894	0.149696
0.238685	0.146632
0.2387	0.149683
0.243719	0.149656
0.249692	0.149603
0.257301	0.149496
0.260431	0.147401
0.265852	0.149283
0.26745	0.00562091
0.26745	0.00562091
0.27283	0.148912
0.273202	0.14817
0.275436	0.148541
0.317207	0.00508729
0.371103	0.0045785
0.427309	0.00408281
0.48632	0.00361403
0.54858	0.00316129
0.613065	0.0027378
0.676697	0.00233484
0.743127	0.00196225
0.780086	8.24209e-05
0.801553	0.00161491
0.834854	0.00148162
0.853645	7.51027e-05
0.862448	0.00135359
0.88827	0.00121571
0.910351	9.16272e-05
0.914194	0.00108578
0.938441	0.000948577
0.953083	0.000128905
0.962408	0.000821378
0.980207	0.000188002
0.982709	0.000690801
0.998021	0.000262319
1.00062	0.000572092
1.01005	0.000354999
1.01349	0.000456317
)
