(title "Velocity Magnitude")
(labels "Velocity Magnitude" "Position")

((xy/key/label "momentum_deficit_line_1")
0	-0.375
0	0.375
0.41974	0.374907
0.471651	-0.374907
1.27241	0.37472
1.39287	-0.37472
3.00997	0.374347
3.14527	-0.374347
6.34757	0.373601
6.34829	-0.373601
9.0824	-0.00790665
9.38601	-0.00542194
9.65524	-0.0103914
10.145	-0.372109
10.2875	0.372109
10.3995	-0.00293728
10.6161	-0.0128762
11.1848	-0.000452672
11.1886	-0.0153611
11.288	-0.017846
11.3324	-0.0203309
11.3453	-0.0228159
11.3468	0.00948527
11.3473	0.00700086
11.361	0.0119696
11.3649	-0.025301
11.3713	0.0144539
11.3713	-0.0277861
11.3733	0.0045164
11.3833	-0.0302712
11.3896	0.0169382
11.3896	0.00203189
11.3926	-0.0327564
11.4016	-0.0352417
11.4088	0.0194224
11.4144	-0.037727
11.4234	-0.0402123
11.43	0.0219066
11.4375	-0.0426978
11.4478	-0.0451832
11.4496	0.0243907
11.4609	-0.0476687
11.4688	0.0268748
11.4726	-0.0501543
11.4845	-0.0526399
11.4902	0.0293588
11.4968	-0.0551255
11.5075	-0.0576112
11.5112	0.0318428
11.5197	-0.060097
11.5275	-0.0618928
11.531	-0.0627947
11.5322	-0.0630378
11.5329	0.0343267
11.5335	-0.063287
11.5345	-0.0635468
11.5357	-0.0638262
11.537	-0.064143
11.5375	-0.0642511
11.5387	-0.0645326
11.5407	-0.0650279
11.5425	-0.0655235
11.5437	-0.0658286
11.5444	-0.0660192
11.5506	-0.067495
11.5512	-0.0676383
11.5531	0.0368106
11.5573	-0.0691782
11.5581	-0.0693697
11.5638	-0.070862
11.5645	-0.0710516
11.5701	-0.0725494
11.5712	-0.0728521
11.5729	0.0392944
11.5764	-0.0742385
11.5777	-0.0746003
11.5824	-0.0759295
11.5843	-0.076473
11.5883	-0.077624
11.5906	-0.0782901
11.592	0.0417781
11.5942	-0.0793209
11.5972	-0.0802394
11.5998	-0.0810198
11.6033	-0.0821283
11.6052	-0.0827212
11.6095	-0.0841587
11.6104	-0.0844251
11.6107	0.0442619
11.6154	-0.0861236
11.6154	-0.086131
11.6201	-0.0878392
11.6212	-0.0882389
11.6248	-0.0895502
11.6267	-0.0902835
11.629	0.0467455
11.6291	-0.0912637
11.632	-0.0924885
11.6332	-0.0929794
11.6371	-0.0946171
11.6372	-0.0946966
11.6412	-0.0964166
11.6424	-0.0969166
11.6452	-0.0981387
11.6466	0.0492292
11.6476	-0.099134
11.6493	-0.0998631
11.6531	-0.101533
11.6532	-0.10159
11.6532	-0.10159
11.6569	-0.103319
11.6581	-0.103844
11.6606	-0.10505
11.6632	-0.106348
11.6641	-0.106783
11.6645	0.0517127
11.6675	-0.108518
11.668	-0.108758
11.6707	-0.110255
11.6727	-0.111374
11.6738	-0.111995
11.6767	0.0535067
11.6769	-0.113736
11.6771	-0.113888
11.6798	-0.11548
11.6817	-0.116621
11.6823	0.0544069
11.6827	-0.117226
11.6844	0.0546761
11.6854	-0.118973
11.6858	-0.119246
11.6863	0.0549524
11.6878	-0.120723
11.6882	0.0552412
11.6895	-0.122105
11.69	-0.122475
11.6902	0.0555532
11.692	0.055831
11.6921	-0.124228
11.6921	-0.124228
11.6924	0.0559096
11.6928	-0.124846
11.694	-0.125983
11.6953	0.0563525
11.6959	-0.127741
11.696	-0.127838
11.6976	-0.1295
11.6988	-0.130703
11.6991	0.0569314
11.6993	-0.131261
11.701	-0.133024
11.7018	-0.133836
11.7021	0.0575102
11.7021	0.0575102
11.7028	-0.134789
11.7042	0.0578609
11.7049	-0.136555
11.7052	-0.136833
11.7055	0.0580888
11.707	-0.138324
11.7094	-0.140094
11.7094	-0.140116
11.7117	-0.141866
11.7144	-0.143963
11.7167	0.0597911
11.7176	0.0599319
11.718	-0.148156
11.722	-0.156543
11.7282	0.061707
11.7284	-0.166874
11.7288	-0.167516
11.7293	0.0618959
11.7347	-0.177204
11.7392	0.0636231
11.7399	-0.187535
11.7402	0.0638029
11.7441	-0.197866
11.748	-0.208196
11.7494	0.0655375
11.7504	-0.215393
11.7508	0.0658383
11.7514	-0.218527
11.7545	-0.228858
11.7573	-0.239188
11.759	0.0674512
11.7601	-0.249519
11.7608	0.0678117
11.7617	-0.369125
11.7629	-0.25985
11.763	-0.260274
11.7659	-0.27018
11.7682	0.0693637
11.769	-0.280511
11.7708	0.0699215
11.7726	-0.290842
11.7766	-0.301173
11.7773	0.0712761
11.7773	0.0712761
11.7789	-0.305962
11.7804	0.0719649
11.7815	-0.311503
11.7858	0.0731873
11.7877	-0.321834
11.79	0.0741529
11.7944	0.0750981
11.7963	-0.332165
11.7997	0.0762696
11.8029	0.0770086
11.8093	0.0785402
11.8099	-0.342495
11.8109	0.0789183
11.8184	0.080734
11.8188	0.0808276
11.8263	0.0827362
11.8276	0.0830915
11.8336	-0.349975
11.8337	0.0846448
11.8363	0.0853668
11.8406	0.0865529
11.8426	-0.352826
11.845	0.0878159
11.8474	0.0884606
11.8535	0.090177
11.8541	0.0903685
11.8601	0.0922757
11.8614	0.0927229
11.8658	0.0941829
11.8686	0.0951745
11.871	0.0960899
11.8751	0.0978227
11.8756	0.0979966
11.88	0.0999035
11.881	0.10037
11.8841	0.10181
11.8849	-0.363157
11.8868	0.103126
11.8881	0.103717
11.8921	0.105623
11.8924	0.105775
11.8953	0.10753
11.8962	0.369125
11.8969	0.108646
11.8982	0.109437
11.9015	0.111343
11.9016	0.111402
11.905	0.11325
11.9074	0.114394
11.9093	0.115157
11.9147	0.117064
11.9153	0.117263
11.9199	0.11897
11.9206	0.290842
11.9207	0.301173
11.9214	0.280511
11.9214	0.305962
11.9223	0.311503
11.9231	0.120385
11.9231	0.27018
11.9241	0.120877
11.9253	0.260274
11.9254	0.25985
11.9255	0.321834
11.9263	0.122785
11.9266	0.123375
11.9273	0.124692
11.9282	0.249519
11.9283	0.126599
11.9283	0.126633
11.9296	0.128507
11.9312	0.129751
11.9314	0.239188
11.9315	0.332165
11.932	0.130415
11.9337	0.132323
11.934	0.133156
11.9345	0.134231
11.9347	0.228858
11.9351	0.136139
11.9353	0.13641
11.9362	0.138048
11.9378	0.139957
11.9378	0.139969
11.9381	0.218527
11.9388	0.141866
11.9391	0.215393
11.9405	0.143963
11.9413	0.208196
11.9432	0.342495
11.9435	0.148156
11.9442	0.197866
11.9442	0.197866
11.9463	0.187535
11.9464	0.156543
11.9474	0.166874
11.9474	0.167516
11.9475	0.177204
11.9655	0.349975
11.974	0.352826
12.018	0.363157
)

((xy/key/label "momentum_deficit_line_2")
0	-0.375
0	0.375
0.409677	0.374901
0.444756	-0.374901
1.24632	0.374703
1.34463	-0.374703
2.97187	0.374306
3.17348	-0.374306
6.31963	0.373513
6.53775	-0.373513
9.68641	-0.0128877
10.0662	-0.00794523
10.2704	0.371927
10.2992	-0.371927
10.5723	-0.0178301
11.1498	-0.0030028
11.387	-0.0227725
11.5244	-0.0326575
11.5356	-0.0375999
11.5372	-0.027715
11.5515	-0.0425424
11.5568	-0.0474849
11.5655	0.0118244
11.5669	-0.0524274
11.5778	-0.0573698
11.5786	0.0167668
11.5803	0.0217092
11.5844	-0.0623123
11.5923	0.00688204
11.5936	0.0266516
11.5961	-0.0672548
11.6034	-0.0721973
11.6056	0.031594
11.613	-0.0771399
11.6185	0.0365364
11.6211	-0.0820824
11.6264	0.00193962
11.6292	-0.0870249
11.6339	0.0414788
11.6379	-0.0919674
11.6439	-0.09691
11.6473	0.0464211
11.6523	-0.101853
11.6585	-0.106795
11.6623	0.0513635
11.6666	-0.111738
11.6713	-0.115304
11.6735	-0.117088
11.6742	-0.117565
11.6748	-0.118045
11.6754	-0.118525
11.6754	-0.118529
11.6754	0.0563058
11.676	-0.119019
11.676	-0.119019
11.6765	-0.119515
11.6771	-0.120019
11.6773	-0.120241
11.6776	-0.120535
11.6781	-0.121051
11.6786	-0.121567
11.6791	-0.121959
11.681	-0.123686
11.6811	-0.123789
11.6826	-0.125415
11.6834	-0.126212
11.6843	-0.127145
11.686	-0.129374
11.6909	0.0612482
11.691	-0.133832
11.6998	-0.142121
11.7005	-0.142749
11.7042	0.0661905
11.7092	-0.153732
11.716	0.0711329
11.7177	-0.164715
11.7257	-0.175698
11.7282	0.0760752
11.729	-0.180903
11.7327	-0.186681
11.739	-0.197664
11.7393	0.0810175
11.7446	-0.208647
11.7486	-0.217194
11.7497	-0.21963
11.7517	0.0859598
11.7543	-0.230613
11.7571	-0.238065
11.7585	-0.241596
11.7626	-0.252579
11.7627	0.0909021
11.7666	-0.263562
11.7671	-0.26494
11.7707	-0.274545
11.7729	0.0958444
11.775	-0.285528
11.7796	-0.296511
11.781	0.100787
11.7817	-0.300822
11.785	-0.307494
11.7882	0.105729
11.7898	-0.368754
11.7916	-0.318477
11.7954	0.110671
11.8004	-0.32946
11.8032	0.114238
11.8078	0.116022
11.8093	0.116549
11.8107	0.11708
11.8119	0.117584
11.812	0.117616
11.8129	0.118157
11.8129	0.118157
11.8133	-0.340443
11.8137	0.118706
11.8148	0.119266
11.8151	0.119503
11.8155	0.119839
11.8155	0.120411
11.816	0.120984
11.8165	0.121419
11.8183	0.123328
11.8184	0.123441
11.8201	0.125237
11.8209	0.126116
11.8225	0.127145
11.8246	0.129374
11.8281	0.133832
11.8363	0.142121
11.837	0.142749
11.8447	-0.351112
11.8457	-0.351426
11.8457	0.153732
11.8524	0.164715
11.8575	0.175698
11.8594	0.180903
11.8614	0.186681
11.8641	0.197664
11.866	0.208647
11.8669	0.217194
11.8672	0.21963
11.8673	0.368754
11.8679	0.230613
11.8679	0.230613
11.8683	0.238065
11.8685	0.241596
11.8691	0.252579
11.8697	0.263562
11.8698	0.26494
11.8705	0.274545
11.8718	0.285528
11.8738	0.296511
11.8751	0.300822
11.877	0.307494
11.8815	0.318477
11.8884	0.32946
11.8909	-0.362409
11.9001	0.340443
11.9302	0.351112
11.931	0.351426
11.9772	0.362409
)

((xy/key/label "momentum_deficit_line_3")
0	-0.375
0	0.375
0.387015	0.3749
0.451225	-0.3749
1.18234	0.3747
1.33852	-0.3747
2.83381	0.3743
3.03906	-0.3743
6.10526	0.3735
6.21303	-0.3735
9.77081	-0.00795085
10.0662	-0.3719
10.0883	-0.00265028
10.0943	0.3719
10.2339	-0.0132514
11.049	0.00265028
11.1038	-0.018552
11.6161	-0.0238525
11.6438	-0.0344537
11.6443	-0.0450548
11.6464	-0.0503554
11.6486	-0.0556559
11.6492	-0.0397542
11.6502	-0.0609565
11.6552	-0.0662571
11.657	-0.0715576
11.6596	-0.0291531
11.6622	-0.0768582
11.6654	-0.0821588
11.6698	-0.0874593
11.6746	-0.0927599
11.6776	-0.0980605
11.683	-0.103361
11.6867	-0.108662
11.6885	0.018552
11.6925	-0.113962
11.6934	0.0344537
11.695	0.0291531
11.696	0.0238525
11.6962	-0.119263
11.6972	0.00795085
11.699	-0.123088
11.699	0.0397542
11.7001	0.0450548
11.7005	-0.125
11.7012	-0.127248
11.7012	-0.127248
11.7042	-0.131745
11.7055	0.0503554
11.7097	0.0556559
11.7114	-0.140739
11.7136	0.0132514
11.7145	0.0609565
11.7181	-0.151817
11.7214	0.0662571
11.724	0.0715576
11.7248	-0.162895
11.7297	0.0768582
11.7317	-0.173973
11.7345	0.0821588
11.7381	-0.185051
11.7402	0.0874593
11.744	-0.196129
11.7465	0.0927599
11.7496	-0.207207
11.7502	0.0980605
11.7536	-0.3687
11.7545	0.103361
11.7547	-0.218285
11.7577	0.108662
11.7594	-0.229363
11.7639	-0.240441
11.7643	0.113962
11.7682	-0.251519
11.7714	0.119263
11.7725	-0.262597
11.7739	0.123088
11.775	0.125
11.775	0.125
11.7758	0.127248
11.7769	-0.273676
11.7769	-0.273676
11.7779	0.131745
11.7815	-0.284754
11.7841	0.140739
11.7863	-0.295832
11.7863	-0.295832
11.7908	0.151817
11.7917	-0.30691
11.7964	0.162895
11.7981	-0.317988
11.8001	0.3687
11.8011	0.173973
11.8053	0.185051
11.8063	-0.329066
11.8087	0.196129
11.8117	0.207207
11.8142	0.218285
11.8165	0.229363
11.8183	-0.340144
11.8185	0.240441
11.8205	0.251519
11.8225	0.262597
11.8248	0.273676
11.8274	0.284754
11.8306	0.295832
11.835	0.30691
11.8405	0.317988
11.8482	0.329066
11.8498	-0.351222
11.8604	0.340144
11.8922	0.351222
11.8948	-0.3623
11.9366	0.3623
)

((xy/key/label "momentum_deficit_line_4")
0	-0.375
0	0.375
0.362348	0.3749
0.434311	-0.3749
1.11285	0.3747
1.30673	-0.3747
2.6848	0.3743
3.09659	-0.3743
5.88981	0.3735
6.39188	-0.3735
9.93499	0.3719
10.1188	-0.3719
10.2741	-0.0132514
10.554	-0.00795085
10.9004	-0.018552
11.2288	-0.00265028
11.5118	-0.0238525
11.5952	0.00265028
11.6716	-0.0291531
11.6758	-0.0397542
11.6759	-0.0344537
11.6786	-0.0450548
11.6818	-0.0503554
11.6846	-0.0556559
11.6867	-0.0609565
11.6909	-0.0662571
11.6931	-0.0715576
11.6967	-0.0768582
11.6998	-0.0821588
11.7027	-0.0874593
11.706	-0.0927599
11.7081	-0.0980604
11.7109	-0.103361
11.7142	-0.108662
11.7178	-0.113962
11.7204	0.018552
11.7209	-0.119263
11.721	0.0291531
11.721	0.0344537
11.7223	0.0397542
11.7226	-0.123088
11.7233	-0.125
11.7233	-0.125
11.7233	0.0450548
11.7238	-0.127248
11.7247	0.0503554
11.7251	0.0238525
11.7258	-0.131745
11.7262	0.0556559
11.7282	0.0609565
11.7304	0.0662571
11.7309	0.0715576
11.7311	-0.140739
11.7326	0.0768582
11.7338	0.3687
11.7343	0.0132514
11.735	0.0821588
11.7356	-0.151817
11.7377	0.0874593
11.7401	0.0927599
11.7405	-0.162895
11.7417	0.0980604
11.7423	0.103361
11.7438	0.108662
11.745	0.00795085
11.7459	-0.173973
11.7479	0.113962
11.7511	-0.185051
11.7521	0.119263
11.7529	0.123088
11.753	0.125
11.753	0.125
11.7532	0.127248
11.7538	0.131745
11.756	-0.196129
11.7573	0.140739
11.7607	-0.207207
11.7607	-0.207207
11.7608	0.151817
11.764	0.162895
11.7652	-0.218285
11.7668	0.173973
11.7694	-0.3687
11.7695	-0.229363
11.7696	0.185051
11.7719	0.196129
11.7736	-0.240441
11.7743	0.207207
11.7763	0.218285
11.7778	-0.251519
11.7784	0.229363
11.7804	0.240441
11.7822	-0.262597
11.7826	0.251519
11.7849	0.262597
11.7867	-0.273676
11.7875	0.273676
11.7905	0.284754
11.7915	-0.284754
11.7941	0.295832
11.7969	-0.295832
11.7989	0.30691
11.8031	-0.30691
11.8048	0.317988
11.8106	-0.317988
11.8129	0.329066
11.8206	-0.329066
11.8256	0.340144
11.835	-0.340144
11.8567	0.351222
11.8699	-0.351222
11.8973	0.3623
11.9161	-0.3623
)

((xy/key/label "momentum_deficit_line_5")
0	-0.375
0	0.375
0.316269	0.3749
0.415674	-0.3749
0.969395	0.3747
1.2537	-0.3747
2.33727	0.3743
2.93756	-0.3743
5.38417	0.3735
6.10809	-0.3735
9.63389	0.3719
9.94568	-0.3719
10.4171	-0.0132514
10.7789	-0.00795085
10.9017	-0.018552
11.3509	-0.00265028
11.4821	-0.0238525
11.6108	0.00265028
11.6606	-0.0291531
11.6647	0.3687
11.6922	-0.0344537
11.7042	-0.0397542
11.7096	-0.0450548
11.7144	-0.0503554
11.7181	-0.0556559
11.7209	-0.0609565
11.7213	0.00795085
11.7227	0.0132514
11.7245	-0.0662571
11.7257	-0.0715576
11.7261	0.0291531
11.7268	0.018552
11.7275	0.0344537
11.7281	0.0397542
11.7283	-0.0768582
11.7285	0.0238525
11.7288	0.0450548
11.7298	0.0503554
11.7299	-0.0821588
11.73	0.0556559
11.7319	0.0609565
11.7319	0.0715576
11.732	-0.0874593
11.7325	0.0768582
11.7327	0.0662571
11.7338	0.0821588
11.734	-0.0927599
11.7348	0.0874593
11.7349	0.103361
11.7351	-0.0980605
11.7355	0.108662
11.7359	0.0980605
11.736	0.0927599
11.7374	-0.103361
11.7382	0.113962
11.7389	-0.108662
11.7397	0.131745
11.7399	0.127248
11.7399	0.127248
11.7403	0.125
11.7407	0.123088
11.741	0.119263
11.7412	0.140739
11.7424	0.151817
11.7424	-0.113962
11.7435	0.162895
11.7441	-0.119263
11.7445	0.173973
11.7452	-0.123088
11.7457	0.185051
11.7459	-0.127248
11.7459	-0.125
11.7467	0.196129
11.7472	-0.131745
11.7472	-0.131745
11.7479	0.207207
11.749	0.218285
11.7503	0.229363
11.7511	-0.140739
11.7517	0.240441
11.7533	0.251519
11.7542	-0.151817
11.7551	0.262597
11.7553	-0.3687
11.7573	0.273676
11.7577	-0.162895
11.7601	0.284754
11.7619	-0.173973
11.7635	0.295832
11.766	-0.185051
11.7681	0.30691
11.77	-0.196129
11.7739	-0.207207
11.774	0.317988
11.7777	-0.218285
11.7814	-0.229363
11.7827	0.329066
11.7851	-0.240441
11.7889	-0.251519
11.7929	-0.262597
11.7969	0.340144
11.7972	-0.273676
11.8019	-0.284754
11.8072	-0.295832
11.8134	-0.30691
11.821	-0.317988
11.831	-0.329066
11.8326	0.351222
11.8453	-0.340144
11.8758	0.3623
11.879	-0.351222
11.9198	-0.3623
)

((xy/key/label "momentum_deficit_line_6")
0	-0.375
0	0.375
0.372778	0.3749
0.411343	-0.3749
1.09754	0.3747
1.24355	-0.3747
2.44654	0.3743
2.89634	-0.3743
5.19808	0.3735
5.98038	-0.3735
9.23569	0.3719
9.80107	-0.3719
10.7866	-0.018552
10.799	-0.0132514
11.0257	-0.00795085
11.222	-0.0238525
11.2589	-0.00265028
11.5551	0.3687
11.5732	0.00265028
11.6322	-0.0291531
11.7199	-0.3687
11.7287	0.196129
11.7287	0.207207
11.7288	0.218285
11.7289	0.185051
11.729	0.173973
11.7292	0.229363
11.7295	0.162895
11.7298	0.240441
11.73	0.151817
11.7306	0.131745
11.7306	0.131745
11.7306	0.140739
11.7306	0.108662
11.7307	0.251519
11.7309	0.103361
11.7314	0.127248
11.7319	0.262597
11.7321	0.125
11.7326	0.113962
11.7328	0.0980604
11.7328	0.123088
11.7333	0.0768582
11.7333	0.0821588
11.7334	0.273676
11.7334	0.273676
11.7336	0.0715576
11.7337	0.0927599
11.7339	0.119263
11.734	0.0874593
11.7346	0.0556559
11.7348	0.018552
11.735	0.0662571
11.7353	0.0450548
11.7355	0.284754
11.7355	0.0503554
11.7356	0.0397542
11.7356	0.0291531
11.7357	0.0344537
11.7357	0.0609565
11.7381	0.295832
11.7385	0.0132514
11.739	0.0238525
11.7418	0.30691
11.7446	0.00795085
11.7463	0.317988
11.7473	-0.0344537
11.7525	0.329066
11.7533	-0.0715576
11.7534	-0.0662571
11.7534	-0.0768582
11.7541	-0.0821588
11.7543	-0.0609565
11.7551	-0.0874593
11.756	-0.0927599
11.7562	-0.0556559
11.7568	-0.0980604
11.7576	-0.103361
11.7584	-0.0503554
11.7593	-0.108662
11.7614	-0.113962
11.7615	-0.0450548
11.7618	-0.0397542
11.7626	0.340144
11.7631	-0.119263
11.7638	-0.123088
11.764	-0.127248
11.7641	-0.125
11.765	-0.131745
11.765	-0.131745
11.7681	-0.140739
11.7704	-0.151817
11.7733	-0.162895
11.7767	-0.173973
11.7801	-0.185051
11.7834	-0.196129
11.7868	-0.207207
11.79	-0.218285
11.7914	0.351222
11.7932	-0.229363
11.7963	-0.240441
11.7996	-0.251519
11.8031	-0.262597
11.8068	-0.273676
11.8108	-0.284754
11.8152	-0.295832
11.8204	-0.30691
11.8266	-0.317988
11.8283	0.3623
11.8349	-0.329066
11.8471	-0.340144
11.8786	-0.351222
11.9197	-0.3623
)

((xy/key/label "momentum_deficit_line_7")
0	-0.375
0	0.375
0.439659	0.3749
0.45719	-0.3749
1.28716	0.3747
1.32885	-0.3747
2.85147	-0.3743
2.8515	0.3743
5.59227	0.3735
5.60276	-0.3735
9.19859	0.3719
9.43076	-0.3719
10.5761	-0.018552
10.8916	-0.0132514
11.0331	-0.0238525
11.4712	-0.00795085
11.5034	0.3687
11.5799	-0.0291531
11.6652	-0.3687
11.7088	-0.00265028
11.7132	0.240441
11.7133	0.229363
11.7135	0.251519
11.7136	0.218285
11.7143	0.262597
11.7143	0.207207
11.7152	0.196129
11.7156	0.273676
11.7165	0.185051
11.7175	0.284754
11.7177	0.173973
11.7194	0.162895
11.7202	0.295832
11.7212	0.151817
11.7232	0.140739
11.7243	0.30691
11.7244	0.131745
11.7253	-0.0344537
11.7258	0.127248
11.7258	0.127248
11.7268	0.125
11.7278	0.123088
11.728	0.108662
11.7289	0.103361
11.7291	0.113962
11.7295	0.119263
11.7296	0.317988
11.7314	0.0980605
11.7321	0.00265028
11.7334	0.0927599
11.7346	0.0874593
11.7353	0.0821588
11.7362	0.0768582
11.7373	0.329066
11.7374	0.0715576
11.7389	-0.0397542
11.7399	0.0662571
11.7404	-0.0450548
11.7413	0.0609565
11.7418	0.0556559
11.7421	-0.0503554
11.7433	0.0503554
11.7447	0.0450548
11.7463	-0.0556559
11.7464	0.0397542
11.7467	0.0344537
11.7485	0.00795085
11.7495	0.0291531
11.7496	-0.0609565
11.7505	0.340144
11.7512	0.018552
11.7524	0.0238525
11.7534	-0.0662571
11.755	0.0132514
11.7562	-0.0715576
11.7591	-0.0768582
11.7617	-0.0821588
11.7641	-0.0874593
11.7663	-0.0927599
11.7677	-0.0980605
11.7692	-0.103361
11.7712	-0.108662
11.7738	-0.113962
11.7758	-0.119263
11.7767	-0.123088
11.777	-0.125
11.777	-0.127248
11.778	-0.131745
11.778	-0.131745
11.7811	-0.140739
11.7834	-0.151817
11.7836	0.351222
11.7861	-0.162895
11.7893	-0.173973
11.7925	-0.185051
11.7955	-0.196129
11.7985	-0.207207
11.8015	-0.218285
11.8043	-0.229363
11.8071	-0.240441
11.8101	-0.251519
11.8132	-0.262597
11.8166	-0.273676
11.8203	-0.284754
11.8219	0.3623
11.8244	-0.295832
11.8293	-0.30691
11.8353	-0.317988
11.8436	-0.329066
11.856	-0.340144
11.8883	-0.351222
11.9322	-0.3623
)

((xy/key/label "momentum_deficit_line_8")
0	-0.375
0	0.375
0.454124	0.3749
0.478843	-0.3749
1.30727	0.3747
1.39538	-0.3747
2.70233	0.3743
3.06178	-0.3743
5.32996	0.3735
6.00976	-0.3735
9.25413	0.3719
9.71671	-0.3719
10.988	-0.00265028
11.0769	-0.00795085
11.1845	-0.0132514
11.1961	-0.018552
11.2825	-0.0238525
11.3459	0.00265028
11.4614	0.3687
11.5113	-0.0291531
11.6999	0.251519
11.7	0.240441
11.7003	0.262597
11.7006	0.229363
11.7012	0.273676
11.7016	0.218285
11.7029	0.284754
11.7029	0.207207
11.7043	-0.3687
11.7045	0.196129
11.7054	0.295832
11.7065	0.185051
11.7065	0.185051
11.7086	0.173973
11.7094	0.30691
11.7112	0.162895
11.7139	0.151817
11.7146	0.317988
11.717	0.140739
11.7182	-0.0344537
11.7191	0.131745
11.7208	0.127248
11.722	0.125
11.7223	0.329066
11.7232	0.123088
11.7252	0.108662
11.7258	0.119263
11.7259	0.113962
11.7259	0.113962
11.7262	0.00795085
11.7268	0.103361
11.7299	0.0980605
11.7331	0.0927599
11.7345	0.0874593
11.735	0.340144
11.7362	0.0821588
11.7376	0.0768582
11.74	0.0715576
11.7434	0.0662571
11.7462	0.0609565
11.7479	0.0556559
11.7495	0.0503554
11.7527	0.0450548
11.7547	0.0397542
11.7569	0.0344537
11.7595	0.0291531
11.7613	0.0238525
11.7615	0.018552
11.7623	-0.0397542
11.7651	-0.0503554
11.7655	-0.0556559
11.7656	-0.0450548
11.7663	-0.0609565
11.7666	0.351222
11.7678	-0.0662571
11.7689	-0.0715576
11.7704	0.0132514
11.7711	-0.0768582
11.7727	-0.0821588
11.7748	-0.0874593
11.7772	-0.0927599
11.7783	-0.0980605
11.7805	-0.103361
11.782	-0.108662
11.785	-0.113962
11.787	-0.119263
11.7878	-0.123088
11.7884	-0.125
11.7884	-0.125
11.7884	-0.127248
11.7893	-0.131745
11.7924	-0.140739
11.7947	-0.151817
11.7958	0.3623
11.7974	-0.162895
11.8005	-0.173973
11.8035	-0.185051
11.8064	-0.196129
11.8093	-0.207207
11.8121	-0.218285
11.8148	-0.229363
11.8175	-0.240441
11.8203	-0.251519
11.8234	-0.262597
11.8267	-0.273676
11.8304	-0.284754
11.8346	-0.295832
11.8397	-0.30691
11.846	-0.317988
11.8545	-0.329066
11.8668	-0.340144
11.8974	-0.351222
11.9334	-0.3623
)

((xy/key/label "momentum_deficit_line_9")
0	-0.375
0	0.375
0.528307	0.3749
0.563478	-0.3749
1.55224	0.3747
1.76081	-0.3747
3.43472	0.3743
4.19607	-0.3743
6.11084	0.3735
7.44178	-0.3735
9.03525	0.3719
10.0102	-0.3719
10.5761	-0.00795085
10.6686	-0.00265028
10.8331	-0.0132514
10.9924	-0.018552
11.1539	-0.0238525
11.2867	0.00265028
11.388	0.3687
11.536	-0.0291531
11.6882	0.262597
11.6882	0.251519
11.6887	0.273676
11.6888	0.240441
11.6899	0.229363
11.6899	0.284754
11.6913	0.218285
11.6921	0.295832
11.6931	0.207207
11.6931	0.207207
11.6952	0.196129
11.6955	0.30691
11.6978	0.185051
11.7001	0.317988
11.7004	0.173973
11.7035	0.162895
11.7068	0.151817
11.7068	0.329066
11.7105	0.140739
11.713	0.131745
11.7149	0.127248
11.7162	0.125
11.7175	0.123088
11.7176	0.340144
11.7201	0.119263
11.7201	0.119263
11.7205	0.108662
11.7209	0.113962
11.7221	0.103361
11.7221	0.103361
11.7256	0.0980605
11.7288	0.0927599
11.7311	0.0874593
11.7329	0.0821588
11.7349	0.0768582
11.7371	0.0715576
11.7406	0.0662571
11.7412	-0.3687
11.7439	0.0609565
11.7458	0.0556559
11.7464	0.351222
11.7488	0.0503554
11.7512	0.0450548
11.7537	0.0397542
11.7568	-0.0344537
11.7568	0.0344537
11.757	0.00795085
11.7609	0.0291531
11.7665	0.0238525
11.7689	0.018552
11.7727	0.3623
11.7729	-0.0397542
11.776	-0.0450548
11.7764	-0.0503554
11.7772	0.0132514
11.7781	-0.0556559
11.7799	-0.0609565
11.7813	-0.0662571
11.783	-0.0715576
11.7845	-0.0768582
11.7863	-0.0821588
11.788	-0.0874593
11.7897	-0.0927599
11.791	-0.0980605
11.7925	-0.103361
11.7941	-0.108662
11.7965	-0.113962
11.7983	-0.119263
11.7983	-0.119263
11.7992	-0.123088
11.7995	-0.127248
11.7996	-0.125
11.8004	-0.131745
11.8033	-0.140739
11.8053	-0.151817
11.8078	-0.162895
11.8107	-0.173973
11.8136	-0.185051
11.8164	-0.196129
11.8191	-0.207207
11.8218	-0.218285
11.8244	-0.229363
11.8271	-0.240441
11.8299	-0.251519
11.8329	-0.262597
11.8362	-0.273676
11.8399	-0.284754
11.8442	-0.295832
11.8493	-0.30691
11.8556	-0.317988
11.8641	-0.329066
11.8766	-0.340144
11.9087	-0.351222
11.9427	-0.3623
)

((xy/key/label "momentum_deficit_line_10")
0	-0.375
0	0.375
0.632113	-0.3749
0.653588	0.3749
1.93579	0.3747
1.97655	-0.3747
4.0664	0.3743
4.31795	-0.3743
6.88538	0.3735
7.01977	-0.3735
9.64578	-0.3719
9.80947	0.3719
10.5301	-0.00795085
10.5705	-0.00265028
10.6361	-0.0132514
10.7587	-0.018552
11.1769	-0.0238525
11.1948	0.00265028
11.5129	0.3687
11.6413	-0.0291531
11.6778	0.262597
11.6779	0.273676
11.6783	0.251519
11.6788	0.284754
11.6793	0.240441
11.6804	0.295832
11.6807	0.229363
11.6825	0.218285
11.6834	0.30691
11.6848	0.207207
11.6872	0.196129
11.6872	0.196129
11.6877	0.317988
11.69	0.185051
11.693	0.173973
11.6943	0.329066
11.6964	0.162895
11.6998	0.151817
11.7036	0.140739
11.705	0.340144
11.7062	0.131745
11.708	0.127248
11.7093	0.125
11.7106	0.123088
11.7132	0.119263
11.7132	0.119263
11.7134	0.108662
11.714	0.113962
11.7148	0.103361
11.718	0.0980605
11.721	0.0927599
11.7229	0.0874593
11.7229	0.0874593
11.7244	0.0821588
11.7261	0.0768582
11.7279	0.0715576
11.7302	-0.3687
11.7314	0.0662571
11.733	0.351222
11.7343	0.0609565
11.7353	0.0556559
11.7376	0.0503554
11.74	0.0450548
11.7429	0.0397542
11.7453	0.0344537
11.7463	0.0291531
11.7479	0.00795085
11.7516	0.0238525
11.7541	0.3623
11.7543	0.018552
11.7605	-0.0344537
11.7615	0.0132514
11.7692	-0.0397542
11.7761	-0.0450548
11.7783	-0.0503554
11.7816	-0.0556559
11.7849	-0.0609565
11.7884	-0.0662571
11.7911	-0.0715576
11.7933	-0.0768582
11.7957	-0.0821588
11.7976	-0.0874593
11.7997	-0.0927599
11.8011	-0.0980605
11.8027	-0.103361
11.8044	-0.108662
11.8066	-0.113962
11.8066	-0.113962
11.8085	-0.119263
11.8093	-0.123088
11.8095	-0.127248
11.8096	-0.125
11.8102	-0.131745
11.8129	-0.140739
11.8147	-0.151817
11.817	-0.162895
11.8197	-0.173973
11.8224	-0.185051
11.8251	-0.196129
11.8277	-0.207207
11.8303	-0.218285
11.8328	-0.229363
11.8354	-0.240441
11.8382	-0.251519
11.8412	-0.262597
11.8445	-0.273676
11.8482	-0.284754
11.8525	-0.295832
11.8577	-0.30691
11.8642	-0.317988
11.8735	-0.329066
11.8876	-0.340144
11.9221	-0.351222
11.9553	-0.3623
)

((xy/key/label "momentum_deficit_line_11")
0	-0.375
0	0.375
0.361067	0.3749
0.49143	-0.3749
1.07931	0.3747
1.46264	-0.3747
2.50182	0.3743
3.34766	-0.3743
5.70575	0.3735
5.82532	-0.3735
8.49743	-0.3719
9.99785	0.3719
10.7343	-0.018552
10.8836	-0.0132514
11.1346	-0.0238525
11.1964	-0.00795085
11.4392	-0.00265028
11.5056	-0.3687
11.5377	0.3687
11.6364	-0.0291531
11.6453	0.00265028
11.6693	0.273676
11.6695	0.262597
11.6695	0.262597
11.6697	0.284754
11.6703	0.251519
11.671	0.295832
11.6716	0.240441
11.6734	0.229363
11.6735	0.30691
11.6755	0.218285
11.6773	0.317988
11.678	0.207207
11.6807	0.196129
11.6834	0.329066
11.6839	0.185051
11.687	0.173973
11.6906	0.162895
11.6939	0.340144
11.6942	0.151817
11.6981	0.140739
11.7006	0.131745
11.7024	0.127248
11.7024	0.127248
11.7036	0.125
11.7049	0.123088
11.7073	0.119263
11.7076	0.108662
11.708	0.113962
11.7085	0.103361
11.7114	0.0980605
11.714	0.0927599
11.7153	0.0874593
11.7159	0.0238525
11.7163	0.018552
11.7164	0.0821588
11.717	0.0768582
11.717	0.0291531
11.7171	0.0344537
11.7176	0.0715576
11.7183	0.0397542
11.7186	0.0450548
11.7188	0.0662571
11.7199	0.0609565
11.7199	0.0503554
11.7199	0.0503554
11.72	0.0556559
11.7219	0.351222
11.728	0.0132514
11.7371	0.00795085
11.742	0.3623
11.7865	-0.0344537
11.805	-0.0397542
11.808	-0.0715576
11.8082	-0.0662571
11.8087	-0.0768582
11.809	-0.0609565
11.8091	-0.0450548
11.8096	-0.0821588
11.8097	-0.0503554
11.8103	-0.0556559
11.8103	-0.0874593
11.8115	-0.0927599
11.8118	-0.0980605
11.8118	-0.0980605
11.8129	-0.103361
11.8139	-0.108662
11.8157	-0.113962
11.8171	-0.119263
11.8176	-0.123088
11.8177	-0.127248
11.8178	-0.125
11.8182	-0.131745
11.8206	-0.140739
11.8222	-0.151817
11.8243	-0.162895
11.8269	-0.173973
11.8295	-0.185051
11.832	-0.196129
11.8346	-0.207207
11.8372	-0.218285
11.8397	-0.229363
11.8422	-0.240441
11.845	-0.251519
11.848	-0.262597
11.8513	-0.273676
11.855	-0.284754
11.8594	-0.295832
11.8646	-0.30691
11.8711	-0.317988
11.88	-0.329066
11.8936	-0.340144
11.9286	-0.351222
11.9598	-0.3623
)

((xy/key/label "momentum_deficit_line_12")
0	-0.375
0	0.375
0.323566	0.3749
0.603622	-0.3749
1.04407	0.3747
1.04407	0.3747
1.85536	-0.3747
2.80228	0.3743
4.10924	-0.3743
6.13052	0.3735
6.44909	-0.3735
8.60693	-0.3719
9.63034	0.3719
10.6356	-0.0132514
10.7203	-0.00795085
10.7859	-0.00265028
10.841	-0.018552
10.9309	0.00265028
10.9309	0.00265028
11.2335	0.00795085
11.3457	0.3687
11.3851	-0.0238525
11.498	-0.3687
11.5709	0.0132514
11.6629	0.273676
11.6633	0.284754
11.6633	0.262597
11.6643	0.251519
11.6645	0.295832
11.6659	0.240441
11.6672	0.30691
11.6679	0.229363
11.6703	0.218285
11.6715	0.317988
11.6731	0.207207
11.6762	0.196129
11.6789	0.329066
11.6797	0.185051
11.6833	0.173973
11.6873	0.162895
11.6914	0.151817
11.693	0.340144
11.6959	0.140739
11.6991	0.131745
11.6991	0.131745
11.7012	0.127248
11.7026	0.125
11.704	0.123088
11.7067	0.119263
11.7077	0.108662
11.7077	0.113962
11.7093	0.103361
11.713	0.0980605
11.7162	0.0927599
11.7185	0.0874593
11.7196	0.018552
11.7199	0.0821588
11.7212	-0.0291531
11.7214	0.0768582
11.724	0.0715576
11.7271	0.0662571
11.7295	0.351222
11.7304	0.0609565
11.7305	0.0556559
11.7328	0.0503554
11.7359	0.0450548
11.7364	0.0397542
11.7395	0.0344537
11.7397	0.0291531
11.7415	0.0238525
11.7579	0.3623
11.796	-0.0450548
11.7967	-0.0503554
11.7982	-0.0344537
11.7985	-0.0556559
11.7985	-0.0397542
11.8	-0.0609565
11.803	-0.0662571
11.8052	-0.0715576
11.8069	-0.0768582
11.809	-0.0821588
11.8106	-0.0874593
11.8106	-0.0874593
11.8126	-0.0927599
11.8135	-0.0980605
11.8151	-0.103361
11.8166	-0.108662
11.8188	-0.113962
11.8203	-0.119263
11.821	-0.123088
11.8214	-0.127248
11.8214	-0.125
11.8221	-0.131745
11.8249	-0.140739
11.8267	-0.151817
11.8289	-0.162895
11.8317	-0.173973
11.8344	-0.185051
11.837	-0.196129
11.8396	-0.207207
11.8422	-0.218285
11.8447	-0.229363
11.8473	-0.240441
11.85	-0.251519
11.8529	-0.262597
11.8562	-0.273676
11.8599	-0.284754
11.8643	-0.295832
11.8697	-0.30691
11.8764	-0.317988
11.8858	-0.329066
11.8998	-0.340144
11.9348	-0.351222
11.9622	-0.3623
)

((xy/key/label "momentum_deficit_line_13")
0	-0.375
0	0.375
0.461894	-0.3749
0.865073	0.3749
1.33575	-0.3747
2.49313	0.3747
2.90669	-0.3743
4.7377	0.3743
5.91903	-0.3735
6.90795	0.3735
9.41166	0.3719
9.73204	-0.3719
10.6307	-0.00265028
10.6824	-0.00795085
10.7138	0.00265028
10.7817	-0.0132514
10.9628	-0.018552
10.9628	-0.018552
11.1738	0.00795085
11.2191	-0.0238525
11.4487	-0.3687
11.4896	0.3687
11.5323	-0.0291531
11.6478	0.0132514
11.6579	0.273676
11.6581	0.284754
11.6585	0.262597
11.6591	0.295832
11.6598	0.251519
11.6616	0.240441
11.6616	0.30691
11.6639	0.229363
11.6655	0.317988
11.6665	0.218285
11.6697	0.207207
11.6725	0.329066
11.6731	0.196129
11.677	0.185051
11.6809	0.173973
11.6809	0.173973
11.6851	0.340144
11.6854	0.162895
11.69	0.151817
11.695	0.140739
11.6987	0.131745
11.701	0.127248
11.7026	0.125
11.7041	0.123088
11.7071	0.119263
11.7087	0.113962
11.7089	0.108662
11.7113	0.103361
11.7152	0.0980605
11.7191	0.0927599
11.7192	0.351222
11.722	0.0874593
11.7243	0.0821588
11.7272	0.0768582
11.7304	0.0715576
11.732	-0.0344537
11.7351	0.0662571
11.7391	0.0609565
11.7425	0.0556559
11.7464	0.3623
11.7472	0.0503554
11.7518	0.0450548
11.7572	0.0397542
11.7626	0.0344537
11.7697	0.0291531
11.7769	0.018552
11.7775	-0.0397542
11.7798	0.0238525
11.7902	-0.0450548
11.7937	-0.0503554
11.7964	-0.0556559
11.799	-0.0609565
11.8019	-0.0662571
11.8039	-0.0715576
11.8065	-0.0768582
11.8065	-0.0768582
11.8082	-0.0821588
11.8107	-0.0874593
11.8125	-0.0927599
11.8142	-0.0980605
11.8159	-0.103361
11.8178	-0.108662
11.8205	-0.113962
11.8222	-0.119263
11.8232	-0.123088
11.8236	-0.127248
11.8236	-0.125
11.8244	-0.131745
11.8274	-0.140739
11.8294	-0.151817
11.8318	-0.162895
11.8347	-0.173973
11.8376	-0.185051
11.8404	-0.196129
11.8431	-0.207207
11.8458	-0.218285
11.8483	-0.229363
11.8508	-0.240441
11.8534	-0.251519
11.8563	-0.262597
11.8593	-0.273676
11.8627	-0.284754
11.8666	-0.295832
11.8711	-0.30691
11.8768	-0.317988
11.8841	-0.329066
11.8944	-0.340144
11.9215	-0.351222
11.9253	-0.3623
)

((xy/key/label "momentum_deficit_line_14")
0	-0.375
0	0.375
0.391039	0.3749
0.574368	-0.3749
1.16686	0.3747
1.68582	-0.3747
2.85391	0.3743
3.54074	-0.3743
5.08281	0.3735
5.91534	-0.3735
7.56247	0.3719
8.51626	-0.3719
10.9418	-0.3687
10.9531	-0.0132514
10.9833	-0.018552
11.0801	-0.00795085
11.1906	0.3687
11.2199	-0.00265028
11.3268	-0.0238525
11.381	0.00265028
11.6112	0.00795085
11.654	0.284754
11.6541	0.273676
11.6546	0.295832
11.6549	0.262597
11.6563	0.251519
11.6565	0.30691
11.6583	0.240441
11.6595	0.317988
11.6608	0.229363
11.6637	0.218285
11.6646	0.329066
11.6671	0.207207
11.6707	0.196129
11.6748	0.340144
11.6749	0.185051
11.6791	0.173973
11.6839	0.162895
11.6839	0.162895
11.6888	0.151817
11.6917	-0.0291531
11.6917	-0.0291531
11.6941	0.140739
11.698	0.131745
11.7003	0.127248
11.702	0.125
11.7035	0.123088
11.706	0.351222
11.7066	0.119263
11.7082	0.113962
11.7083	0.108662
11.7106	0.103361
11.7142	0.0980605
11.7152	0.3623
11.7181	0.0927599
11.7207	0.0874593
11.7226	0.0821588
11.7247	0.0768582
11.7269	0.0715576
11.7304	0.0662571
11.7329	0.0609565
11.7341	0.0556559
11.7344	0.0132514
11.7359	0.0503554
11.7373	0.0450548
11.739	0.0397542
11.7402	0.0344537
11.742	0.0291531
11.7433	0.0238525
11.746	0.018552
11.7879	-0.0344537
11.81	-0.0397542
11.8114	-0.0715576
11.8114	-0.0662571
11.8122	-0.0768582
11.8123	-0.0609565
11.8129	-0.0556559
11.8133	-0.0821588
11.8144	-0.0503554
11.8147	-0.0450548
11.8147	-0.0874593
11.8147	-0.0874593
11.8155	-0.0927599
11.8165	-0.0980605
11.8174	-0.103361
11.8192	-0.108662
11.8214	-0.113962
11.8231	-0.119263
11.8239	-0.123088
11.8241	-0.125
11.8242	-0.127248
11.8253	-0.131745
11.8284	-0.140739
11.8306	-0.151817
11.8333	-0.162895
11.8366	-0.173973
11.8398	-0.185051
11.8428	-0.196129
11.8458	-0.207207
11.8486	-0.218285
11.8513	-0.229363
11.854	-0.240441
11.8567	-0.251519
11.8595	-0.262597
11.8626	-0.273676
11.8659	-0.284754
11.8697	-0.295832
11.8742	-0.30691
11.8798	-0.317988
11.8881	-0.329066
11.9009	-0.340144
11.9098	-0.3623
11.9324	-0.351222
)
