(title "Skin Friction Coefficient")
(labels "Skin Friction Coefficient" "Position")

((xy/key/label "middleplane_pressureside")
9.66254e-06	0.0944376
3.53462e-05	0.0952813
4.15448e-05	0.0935954
4.99337e-05	0.11698
6.23914e-05	0.0961238
6.5404e-05	0.115328
7.03927e-05	0.116155
7.4793e-05	0.117803
8.11108e-05	0.0927515
9.41392e-05	0.0969657
0.000130685	0.0978067
0.000130685	0.0978067
0.000133603	0.0919092
0.000143702	0.1145
0.00016821	0.0986468
0.000189037	0.0910655
0.00019374	0.118626
0.000208162	0.0994857
0.000242056	0.100326
0.000249736	0.0902219
0.000267824	0.106186
0.000271041	0.101164
0.000272733	0.105352
0.000274925	0.107021
0.000281536	0.104516
0.000287896	0.102004
0.000288773	0.10368
0.000293711	0.102843
0.000308168	0.107855
0.000310101	0.0893774
0.000336775	0.113672
0.000358458	0.0885319
0.000363156	0.108689
0.000405519	0.0876854
0.000418521	0.109523
0.000458374	0.110355
0.000459763	0.112843
0.000462026	0.0868405
0.000481605	0.111185
0.000484696	0.112015
0.000484696	0.112015
0.00051804	0.0859941
0.000555352	0.123544
0.000564653	0.119447
0.000590298	0.0851494
0.000664107	0.0843034
0.000739678	0.0834577
0.000817671	0.0826112
0.000867746	0.0817641
0.00091365	0.0809161
0.000943941	0.12436
0.000976142	0.0800698
0.000997184	0.122728
0.00103811	0.0792222
0.00110915	0.146632
0.00112682	0.0783763
0.00118826	0.120268
0.00122314	0.0775295
0.00124817	0.145858
0.00129791	0.0766826
0.00137366	0.0758352
0.00138654	0.147401
0.00141677	0.0749879
0.00145176	0.0741398
0.00145176	0.0741398
0.00150273	0.000456317
0.00151321	0.0732934
0.00157463	0.0724461
0.00157877	0.14817
0.00164694	0.149496
0.00167776	0.0716004
0.00168827	0.121909
0.00173757	0.121088
0.00176066	0.148541
0.00179961	0.0707541
0.00183889	0.145084
0.00186215	0.000354999
0.00186711	0.125175
0.00187712	0.149283
0.00188444	0.0699078
0.00194194	0.148912
0.00197102	0.0690614
0.00202102	0.149603
0.00204608	0.0682153
0.00211393	0.144306
0.00212431	0.0673691
0.00219957	0.0665235
0.00227978	0.0656779
0.00235687	0.0648328
0.00239275	0.143527
0.00243927	0.0639878
0.00244197	0.127613
0.00251867	0.0631434
0.00260351	0.0622991
0.0026853	0.0614555
0.00277277	0.060612
0.0027956	0.125988
0.00285762	0.0597694
0.00294845	0.0589267
0.00299503	0.128421
0.00300921	0.142747
0.00304052	0.0580851
0.00312563	0.0572435
0.00320127	0.0564031
0.00330174	0.0555626
0.00340532	0.0547234
0.00343988	0.126801
0.00350235	0.0538842
0.00359897	0.0530463
0.00369914	0.0522086
0.00373861	0.132452
0.00375408	0.131647
0.00380115	0.0513722
0.00390494	0.0505361
0.00398467	0.000262319
0.00401111	0.0497014
0.00401111	0.0497014
0.00405982	0.149656
0.00412017	0.0488669
0.0042342	0.048034
0.00434699	0.135647
0.00435111	0.0472014
0.0043755	0.000572092
0.00448641	0.0463705
0.00460828	0.0455399
0.00477521	0.0447112
0.00491895	0.0438826
0.00493795	0.0432186
0.00496537	0.0425547
0.00512052	0.0418814
0.00515405	0.141966
0.0053233	0.0412082
0.00538315	0.0398444
0.00541169	0.0405259
0.00554799	0.039153
0.00554799	0.039153
0.00563129	0.000188002
0.00580107	0.0384625
0.00582327	0.0370652
0.00585066	0.0377634
0.00585291	0.136443
0.00601177	0.0363576
0.0063459	0.0356509
0.00638883	0.0342241
0.00641481	0.0349369
0.00653129	0.000690801
0.00657166	0.0335023
0.00665906	0.13485
0.00682524	0.133252
0.00682968	0.0327822
0.00694925	0.0320552
0.00704582	0.0313298
0.00709308	0.141182
0.00719369	0.0305971
0.00727503	0.129229
0.00731703	0.0298666
0.00734592	0.149683
0.00752676	0.0291293
0.00768233	0.140397
0.00770547	0.130842
0.0078424	0.028394
0.0079263	0.000821378
0.00796759	0.0276544
0.007998	0.0269173
0.00800896	0.134051
0.00819908	0.0261741
0.00832733	0.000128905
0.00846339	0.025434
0.00862216	0.0246907
0.00876277	0.0239499
0.00903372	0.0232065
0.00930193	0.000948577
0.00935104	0.139608
0.00939031	0.0224653
0.00959526	0.0217252
0.00975852	0.0209874
0.00976114	0.130036
0.00992533	0.137238
0.00999299	0.0202499
0.0102634	0.0195158
0.0103041	0.149696
0.0103898	0.00108578
0.0105237	0.0187837
0.0108054	0.0180555
0.0110673	0.0173306
0.0113105	9.16272e-05
0.0113423	0.0166104
0.0113761	0.00121571
0.0115105	0.138819
0.0116191	0.0158947
0.0119406	0.0151843
0.0119763	0.138029
0.012236	0.0144803
0.0122413	0.00135359
0.0123882	0.149703
0.0125511	0.0137824
0.012851	0.0130921
0.0131703	0.012409
0.0132058	0.00148162
0.0134529	0.011735
0.0136636	0.0110691
0.0137326	0.00161491
0.0140623	0.0104136
0.0144603	0.00196225
0.0146396	0.00976589
0.0146839	7.51027e-05
0.0150159	0.00913456
0.01533	0.00851326
0.0155368	0.00233484
0.0155742	0.0079052
0.0159581	0.00731205
0.0161572	0.0027378
0.0162158	0.00673192
0.0162669	0.00616997
0.0165575	0.00562091
0.0165575	0.00562091
0.0166512	0.00316129
0.0167536	0.00508729
0.0168246	0.00361403
0.0168648	0.00408281
0.0168935	0.0045785
0.0179439	8.24209e-05
)
