(title "Skin Friction Coefficient")
(labels "Skin Friction Coefficient" "Position")

((xy/key/label "middleplane_pressureside")
4.35181e-05	0.0927515
4.49863e-05	0.0935954
5.65284e-05	0.0944376
8.96079e-05	0.0952813
9.04329e-05	0.0919092
0.00012357	0.0961238
0.00013568	0.123544
0.000139443	0.0910655
0.000156536	0.0969657
0.000189585	0.0978067
0.000189585	0.0978067
0.000194727	0.0902219
0.000194864	0.113672
0.00020977	0.112843
0.000218147	0.0986468
0.000225644	0.12436
0.000245261	0.0994857
0.000249858	0.0893774
0.000253796	0.121088
0.000259219	0.1145
0.000264209	0.100326
0.000278015	0.101164
0.000286543	0.102004
0.000287982	0.112015
0.000287982	0.112015
0.000294202	0.102843
0.000296184	0.0885319
0.000300666	0.10368
0.000311393	0.104516
0.000316487	0.120268
0.000317398	0.122728
0.000327335	0.105352
0.000343502	0.0876854
0.000354075	0.106186
0.000366063	0.115328
0.000368123	0.111185
0.000383039	0.121909
0.000389472	0.107021
0.000401201	0.0868405
0.000408355	0.110355
0.00041983	0.107855
0.000429464	0.109523
0.000434377	0.108689
0.000459987	0.0859941
0.000479136	0.116155
0.00053389	0.0851494
0.000599676	0.11698
0.000608901	0.0843034
0.000665953	0.119447
0.000684951	0.0834577
0.000733129	0.117803
0.000762312	0.0826112
0.000812606	0.0817641
0.000823752	0.118626
0.000831013	0.125175
0.000859088	0.0809161
0.000922379	0.0800698
0.000985973	0.0792222
0.00107623	0.0783763
0.00117347	0.0775295
0.00125028	0.0766826
0.00132806	0.0758352
0.00137301	0.0749879
0.0014101	0.0741398
0.0014101	0.0741398
0.00145438	0.000456317
0.00147371	0.0732934
0.00153596	0.0724461
0.00161357	0.125988
0.00164039	0.0716004
0.00169551	0.127613
0.00176253	0.0707541
0.00184832	0.0699078
0.00186019	0.000354999
0.00186684	0.126801
0.00193647	0.0690614
0.00201233	0.0682153
0.00209267	0.0673691
0.00214104	0.14817
0.0021416	0.131647
0.00216889	0.0665235
0.00217404	0.147401
0.00225085	0.0656779
0.00230213	0.128421
0.00232898	0.0648328
0.00241225	0.0639878
0.00249279	0.0631434
0.00253408	0.130842
0.00257807	0.0622991
0.00266135	0.0614555
0.00271376	0.146632
0.00273586	0.140397
0.00274924	0.060612
0.00283532	0.0597694
0.00290467	0.148541
0.00292676	0.0589267
0.0029971	0.141182
0.00301953	0.0580851
0.00310568	0.0572435
0.00318192	0.0564031
0.00328351	0.0555626
0.00330349	0.145858
0.00336923	0.129229
0.00338721	0.0547234
0.00346968	0.139608
0.00348543	0.0538842
0.00354788	0.132452
0.00356765	0.130036
0.00358217	0.0530463
0.00368282	0.0522086
0.00373855	0.148912
0.00378541	0.0513722
0.00388943	0.0505361
0.00393108	0.000262319
0.0039608	0.141966
0.00399653	0.0497014
0.00399653	0.0497014
0.00410448	0.0488669
0.00421949	0.048034
0.00431952	0.000572092
0.00433627	0.0472014
0.00444004	0.145084
0.00447228	0.0463705
0.0045951	0.0455399
0.00460591	0.138819
0.00466771	0.149283
0.00476376	0.0447112
0.00491079	0.0438826
0.00491547	0.133252
0.00492192	0.0432186
0.00492875	0.142747
0.00495009	0.0425547
0.00506283	0.13485
0.00511003	0.0418814
0.00512485	0.135647
0.00526657	0.134051
0.0053107	0.0412082
0.00537107	0.0398444
0.00540018	0.0405259
0.00545192	0.144306
0.00548802	0.000188002
0.00553771	0.039153
0.00553771	0.039153
0.00557206	0.149496
0.00559168	0.143527
0.00572592	0.138029
0.00573658	0.136443
0.00578944	0.0384625
0.00581232	0.0370652
0.00583895	0.0377634
0.00600128	0.0363576
0.00618569	0.137238
0.00633506	0.0356509
0.00636797	0.149603
0.00637904	0.0342241
0.00640291	0.0349369
0.00649146	0.000690801
0.00656081	0.0335023
0.00681896	0.0327822
0.00693814	0.0320552
0.00703556	0.0313298
0.00718315	0.0305971
0.00730728	0.0298666
0.00740574	0.149656
0.00751759	0.0291293
0.00783361	0.028394
0.00789022	0.000821378
0.0079584	0.0276544
0.00798781	0.0269173
0.00816316	0.000128905
0.00819073	0.0261741
0.0083338	0.149703
0.00845463	0.025434
0.00855534	0.149683
0.00861388	0.0246907
0.00875473	0.0239499
0.00902576	0.0232065
0.009276	0.000948577
0.00938276	0.0224653
0.00958798	0.0217252
0.00966845	0.149696
0.00975168	0.0209874
0.00998644	0.0202499
0.0102571	0.0195158
0.0103689	0.00108578
0.0105177	0.0187837
0.0107998	0.0180555
0.011062	0.0173306
0.0111813	9.16272e-05
0.0113375	0.0166104
0.0113595	0.00121571
0.0116147	0.0158947
0.0119366	0.0151843
0.012229	0.00135359
0.0122321	0.0144803
0.0125478	0.0137824
0.0128482	0.0130921
0.013168	0.012409
0.0131976	0.00148162
0.0134514	0.011735
0.0136628	0.0110691
0.0137304	0.00161491
0.014062	0.0104136
0.0144644	0.00196225
0.0146039	7.51027e-05
0.0146401	0.00976589
0.0150174	0.00913456
0.0153328	0.00851326
0.0155449	0.00233484
0.015578	0.0079052
0.0159625	0.00731205
0.0161695	0.0027378
0.0162214	0.00673192
0.0162743	0.00616997
0.0165667	0.00562091
0.0165667	0.00562091
0.0166653	0.00316129
0.0167641	0.00508729
0.0168386	0.00361403
0.0168779	0.00408281
0.0169055	0.0045785
0.017889	8.24209e-05
)
