(title "Skin Friction Coefficient")
(labels "Skin Friction Coefficient" "Position")

((xy/key/label "middleplane_pressureside")
4.13518e-05	0.0935954
4.36791e-05	0.0944376
5.63401e-05	0.0927515
8.32148e-05	0.0952813
0.000115174	0.0919092
0.000118822	0.0961238
0.000148981	0.0969657
0.000172959	0.0910655
0.000176882	0.0978067
0.000176882	0.0978067
0.000201726	0.0986468
0.00022951	0.0994857
0.0002325	0.0902219
0.00025698	0.100326
0.000288396	0.101164
0.000289957	0.0893774
0.000313027	0.117803
0.000321624	0.102004
0.00032313	0.11698
0.000331453	0.118626
0.000335038	0.0885319
0.000355286	0.102843
0.000378789	0.108689
0.000380064	0.0876854
0.000381264	0.116155
0.000382431	0.10368
0.000384506	0.107855
0.000392297	0.119447
0.000397051	0.109523
0.00040186	0.107021
0.000403311	0.104516
0.000413707	0.105352
0.000414558	0.106186
0.000431342	0.110355
0.000436543	0.0868405
0.000477121	0.111185
0.00049274	0.115328
0.000494841	0.0859941
0.000534539	0.112015
0.000534539	0.112015
0.000554588	0.125175
0.000566165	0.12436
0.000570059	0.0851494
0.000597317	0.112843
0.000601178	0.1145
0.000635587	0.113672
0.000647348	0.0843034
0.000662834	0.120268
0.000725385	0.0834577
0.000804797	0.0826112
0.000855105	0.0817641
0.000900496	0.0809161
0.000962046	0.0800698
0.00102328	0.0792222
0.00105288	0.123544
0.00111153	0.0783763
0.00116872	0.121088
0.00120785	0.0775295
0.00120796	0.125988
0.00128339	0.0766826
0.00132805	0.149283
0.0013602	0.0758352
0.00140433	0.0749879
0.00143989	0.0741398
0.00143989	0.0741398
0.00147792	0.122728
0.00150111	0.000456317
0.00150225	0.0732934
0.00153187	0.149496
0.00155704	0.121909
0.00156327	0.0724461
0.00163306	0.148912
0.00166617	0.0716004
0.00176053	0.143527
0.0017805	0.137238
0.00178753	0.0707541
0.00181453	0.000354999
0.00187177	0.0699078
0.00195866	0.0690614
0.00199086	0.148541
0.00203321	0.0682153
0.00204193	0.134051
0.00205354	0.126801
0.00211242	0.0673691
0.00211841	0.129229
0.00218749	0.0665235
0.00220048	0.14817
0.00226869	0.0656779
0.00232334	0.128421
0.00234601	0.0648328
0.00242857	0.0639878
0.00247827	0.136443
0.00250837	0.0631434
0.00251426	0.13485
0.00259234	0.0622991
0.00267182	0.127613
0.00267472	0.0614555
0.00267983	0.144306
0.00276129	0.060612
0.00283955	0.147401
0.00284685	0.0597694
0.00289712	0.135647
0.0029372	0.0589267
0.0030292	0.0580851
0.00309845	0.142747
0.00311497	0.0572435
0.00319005	0.0564031
0.00329173	0.0555626
0.00334216	0.133252
0.00336772	0.145084
0.00339469	0.0547234
0.00343097	0.146632
0.00349318	0.0538842
0.00350751	0.145858
0.00350951	0.138029
0.00358943	0.0530463
0.0036893	0.0522086
0.00379139	0.0513722
0.00380553	0.149603
0.00383409	0.130036
0.00385826	0.000262319
0.00389462	0.0505361
0.00400158	0.0497014
0.00400158	0.0497014
0.00410851	0.0488669
0.00422434	0.048034
0.00434016	0.0472014
0.00436858	0.000572092
0.00447647	0.0463705
0.00459881	0.0455399
0.00476904	0.0447112
0.00491759	0.0438826
0.0049224	0.0432186
0.00495081	0.0425547
0.00511417	0.0418814
0.00531328	0.0412082
0.0053736	0.0398444
0.00540305	0.0405259
0.00547715	0.000188002
0.00554044	0.039153
0.00554044	0.039153
0.0057917	0.0384625
0.00581424	0.0370652
0.00584101	0.0377634
0.00590825	0.132452
0.0060033	0.0363576
0.00624664	0.130842
0.00633707	0.0356509
0.00638088	0.0342241
0.00640458	0.0349369
0.00652065	0.000690801
0.00656272	0.0335023
0.00682087	0.0327822
0.00687617	0.141966
0.00693966	0.0320552
0.00703711	0.0313298
0.00717973	0.131647
0.00718427	0.0305971
0.00730812	0.0298666
0.00751746	0.0291293
0.00777489	0.138819
0.0078331	0.028394
0.0079181	0.000821378
0.00795993	0.0276544
0.00798891	0.0269173
0.00819051	0.0261741
0.00819112	0.000128905
0.00845487	0.025434
0.0086137	0.0246907
0.00875491	0.0239499
0.0090258	0.0232065
0.00929827	0.000948577
0.0093828	0.0224653
0.00958722	0.0217252
0.00975106	0.0209874
0.00982122	0.141182
0.00998609	0.0202499
0.0102562	0.0195158
0.0103903	0.00108578
0.0103912	0.149656
0.0105172	0.0187837
0.0107716	0.139608
0.0107988	0.0180555
0.0110611	0.0173306
0.0111199	0.140397
0.0112169	9.16272e-05
0.0113365	0.0166104
0.0113784	0.00121571
0.0116135	0.0158947
0.0119354	0.0151843
0.0122308	0.0144803
0.0122453	0.00135359
0.0125463	0.0137824
0.0128466	0.0130921
0.0131664	0.012409
0.0132109	0.00148162
0.0134496	0.011735
0.013661	0.0110691
0.0137397	0.00161491
0.0140601	0.0104136
0.0144702	0.00196225
0.0146309	7.51027e-05
0.014638	0.00976589
0.0150154	0.00913456
0.0153308	0.00851326
0.0155495	0.00233484
0.0155759	0.0079052
0.0159603	0.00731205
0.0161713	0.0027378
0.016219	0.00673192
0.016272	0.00616997
0.0165648	0.00562091
0.0165648	0.00562091
0.0166652	0.00316129
0.0167626	0.00508729
0.0168377	0.00361403
0.0168765	0.00408281
0.0169041	0.0045785
0.0179093	8.24209e-05
0.0185503	0.149683
0.024507	0.149696
0.0279049	0.149703
)
