(title "Skin Friction Coefficient")
(labels "Skin Friction Coefficient" "Position")

((xy/key/label "middleplane_pressureside")
3.37683e-05	0.0944376
4.44849e-05	0.0935954
6.55341e-05	0.0927515
6.77163e-05	0.0952813
0.000101766	0.0961238
0.000118054	0.0919092
0.000133111	0.0969657
0.00016359	0.0978067
0.00016359	0.0978067
0.000172063	0.0910655
0.000190127	0.0986468
0.000217136	0.0994857
0.000229275	0.0902219
0.00023907	0.100326
0.000260634	0.101164
0.000278284	0.102004
0.000285435	0.0893774
0.000293903	0.102843
0.000305898	0.10368
0.000311399	0.123544
0.000318666	0.104516
0.000328661	0.105352
0.000330027	0.0885319
0.000333244	0.115328
0.000339038	0.106186
0.00033985	0.1145
0.000350227	0.107021
0.000362685	0.107855
0.000368304	0.113672
0.000368436	0.116155
0.000375924	0.0876854
0.000378403	0.108689
0.00039374	0.109523
0.000395449	0.112843
0.000404629	0.110355
0.000408669	0.112015
0.000408669	0.112015
0.000409447	0.111185
0.000430227	0.11698
0.000432292	0.0868405
0.000461072	0.122728
0.00049017	0.0859941
0.000525574	0.117803
0.00053158	0.12436
0.000564406	0.0851494
0.000624878	0.118626
0.000640171	0.0843034
0.000708103	0.119447
0.000717257	0.0834577
0.000749766	0.121909
0.000795756	0.0826112
0.00082042	0.120268
0.000846034	0.0817641
0.000888385	0.121088
0.000891347	0.0809161
0.000953147	0.0800698
0.00100072	0.125175
0.0010149	0.0792222
0.00110398	0.0783763
0.00111824	0.149496
0.00120053	0.0775295
0.00127616	0.0766826
0.00130155	0.149283
0.00131763	0.127613
0.00132902	0.147401
0.0013307	0.14817
0.00133334	0.149603
0.00135351	0.0758352
0.00139831	0.0749879
0.00140315	0.136443
0.00140655	0.148541
0.00141904	0.148912
0.00143372	0.0741398
0.00143372	0.0741398
0.00146637	0.125988
0.00146752	0.000456317
0.00149663	0.0732934
0.00155789	0.0724461
0.00166067	0.0716004
0.0017151	0.146632
0.00171516	0.128421
0.00178271	0.0707541
0.00182773	0.000354999
0.00184946	0.126801
0.00186708	0.0699078
0.00195475	0.0690614
0.00202962	0.0682153
0.00207821	0.135647
0.00210912	0.0673691
0.00218476	0.0665235
0.00226584	0.0656779
0.00234384	0.0648328
0.00242638	0.0639878
0.00250662	0.0631434
0.00253083	0.142747
0.002542	0.145858
0.00259091	0.0622991
0.00264295	0.137238
0.00267319	0.0614555
0.00273703	0.13485
0.00276012	0.060612
0.00277307	0.134051
0.00278787	0.149656
0.00284545	0.0597694
0.00289321	0.141966
0.00292718	0.133252
0.00293671	0.0589267
0.00298084	0.143527
0.00302896	0.0580851
0.00311473	0.0572435
0.00319036	0.0564031
0.00329005	0.145084
0.00329186	0.0555626
0.00335889	0.144306
0.00339509	0.0547234
0.00349278	0.0538842
0.00358933	0.0530463
0.00366671	0.132452
0.00368953	0.0522086
0.00379154	0.0513722
0.00385935	0.000262319
0.00389498	0.0505361
0.00400183	0.0497014
0.00400183	0.0497014
0.00411024	0.0488669
0.00420924	0.129229
0.00422521	0.048034
0.004342	0.0472014
0.00434222	0.000572092
0.00447815	0.0463705
0.00460034	0.0455399
0.00476731	0.0447112
0.00480181	0.131647
0.00491148	0.0438826
0.00492817	0.0432186
0.00495646	0.0425547
0.00495789	0.141182
0.00511261	0.0418814
0.00523623	0.149683
0.0053147	0.0412082
0.00533612	0.138029
0.00537465	0.0398444
0.00540381	0.0405259
0.00542313	0.000188002
0.00554077	0.039153
0.00554077	0.039153
0.00579276	0.0384625
0.00581546	0.0370652
0.00584217	0.0377634
0.00600439	0.0363576
0.00611141	0.130842
0.00617517	0.130036
0.00633815	0.0356509
0.00638191	0.0342241
0.00640622	0.0349369
0.00651984	0.000690801
0.00656375	0.0335023
0.00682194	0.0327822
0.00694114	0.0320552
0.00703826	0.0313298
0.00718595	0.0305971
0.00730993	0.0298666
0.00748388	0.149696
0.00751999	0.0291293
0.00758635	0.140397
0.00771472	0.138819
0.00783598	0.028394
0.00792608	0.000821378
0.00796103	0.0276544
0.00799046	0.0269173
0.00811001	0.000128905
0.00819288	0.0261741
0.00845698	0.025434
0.00861613	0.0246907
0.00875706	0.0239499
0.00878977	0.139608
0.00902815	0.0232065
0.00931578	0.000948577
0.00938525	0.0224653
0.00945837	0.149703
0.00959021	0.0217252
0.00975403	0.0209874
0.00998896	0.0202499
0.0102594	0.0195158
0.0104102	0.00108578
0.0105203	0.0187837
0.0108023	0.0180555
0.0110647	0.0173306
0.011138	9.16272e-05
0.0113403	0.0166104
0.0114002	0.00121571
0.0116175	0.0158947
0.0119397	0.0151843
0.012235	0.0144803
0.0122686	0.00135359
0.0125509	0.0137824
0.0128516	0.0130921
0.0131716	0.012409
0.0132355	0.00148162
0.0134553	0.011735
0.013667	0.0110691
0.0137637	0.00161491
0.0140664	0.0104136
0.0144938	0.00196225
0.0145673	7.51027e-05
0.014645	0.00976589
0.015023	0.00913456
0.0153391	0.00851326
0.0155727	0.00233484
0.0155848	0.0079052
0.0159698	0.00731205
0.0161926	0.0027378
0.0162291	0.00673192
0.0162829	0.00616997
0.0165771	0.00562091
0.0165771	0.00562091
0.0166851	0.00316129
0.0167764	0.00508729
0.0168558	0.00361403
0.0168928	0.00408281
0.0169193	0.0045785
0.0178531	8.24209e-05
)
