(title "Skin Friction Coefficient")
(labels "Skin Friction Coefficient" "Position")

((xy/key/label "middleplane_pressureside")
1.80629e-05	0.0927515
3.65576e-05	0.0935954
7.25818e-05	0.0919092
7.27222e-05	0.0944376
0.000109537	0.0952813
0.000126748	0.0910655
0.000143106	0.0961238
0.000174372	0.0969657
0.000185191	0.0902219
0.000205345	0.0978067
0.000205345	0.0978067
0.000214204	0.115328
0.000222257	0.116155
0.000234062	0.0986468
0.000242788	0.0893774
0.000263376	0.0994857
0.000265297	0.11698
0.000266277	0.1145
0.00028948	0.100326
0.000290155	0.0885319
0.000311947	0.101164
0.000327638	0.117803
0.000329168	0.102004
0.000336976	0.0876854
0.000341926	0.102843
0.000348522	0.10368
0.000354368	0.104516
0.000357768	0.105352
0.000360473	0.106186
0.000365616	0.113672
0.000367981	0.107021
0.000389489	0.107855
0.000391374	0.123544
0.000395393	0.0868405
0.000420298	0.108689
0.000438237	0.12436
0.000447226	0.112843
0.000450115	0.109523
0.00045401	0.0859941
0.000467644	0.118626
0.00046784	0.110355
0.000472378	0.112015
0.000472378	0.112015
0.000474641	0.111185
0.0005286	0.0851494
0.000572765	0.122728
0.000605086	0.0843034
0.000630544	0.125175
0.000640785	0.128421
0.000669177	0.129229
0.000682083	0.0834577
0.000741568	0.119447
0.000761457	0.0826112
0.000784113	0.125988
0.000812133	0.0817641
0.000859282	0.0809161
0.000873768	0.121909
0.000880689	0.127613
0.00089629	0.126801
0.000922407	0.0800698
0.000985515	0.0792222
0.00104365	0.120268
0.00107544	0.0783763
0.00110892	0.121088
0.00117233	0.0775295
0.00124828	0.0766826
0.00127322	0.130036
0.00132609	0.0758352
0.00137073	0.0749879
0.00140813	0.0741398
0.00140813	0.0741398
0.00145466	0.000456317
0.00147182	0.0732934
0.00153412	0.0724461
0.0016388	0.0716004
0.00173576	0.132452
0.00174198	0.133252
0.00176024	0.0707541
0.00181205	0.000354999
0.00184634	0.0699078
0.00193313	0.0690614
0.00200894	0.0682153
0.00208831	0.0673691
0.00210235	0.130842
0.00216379	0.0665235
0.00224606	0.0656779
0.00232331	0.0648328
0.00232804	0.149283
0.00235293	0.131647
0.00240766	0.0639878
0.00243239	0.134051
0.0024872	0.0631434
0.00249105	0.149496
0.00257323	0.0622991
0.00258698	0.136443
0.00263329	0.148912
0.00265577	0.0614555
0.00274375	0.060612
0.00278568	0.149603
0.00281126	0.13485
0.00282987	0.0597694
0.00286823	0.135647
0.00292054	0.0589267
0.00301398	0.0580851
0.00309933	0.0572435
0.00317582	0.0564031
0.00321722	0.148541
0.00327641	0.0555626
0.00328958	0.149656
0.00338079	0.0547234
0.00347313	0.137238
0.00347872	0.0538842
0.0035758	0.0530463
0.00367659	0.0522086
0.0037581	0.14817
0.00377908	0.0513722
0.00381332	0.000262319
0.0038839	0.0505361
0.00398869	0.149683
0.00399013	0.0497014
0.00399013	0.0497014
0.00410005	0.0488669
0.00421408	0.048034
0.00433141	0.0472014
0.00434298	0.000572092
0.00446724	0.0463705
0.00456455	0.147401
0.00458951	0.0455399
0.0046886	0.149696
0.00475771	0.0447112
0.00490243	0.0438826
0.00491971	0.0432186
0.00494359	0.149703
0.00494756	0.0425547
0.00510436	0.0418814
0.00511522	0.138029
0.00530655	0.0412082
0.00535628	0.000188002
0.00536701	0.0398444
0.00539663	0.0405259
0.00540738	0.146632
0.00553392	0.039153
0.00553392	0.039153
0.00556708	0.138819
0.00562164	0.139608
0.00578563	0.0384625
0.00580906	0.0370652
0.00583533	0.0377634
0.00599795	0.0363576
0.00611525	0.140397
0.00633155	0.0356509
0.00637625	0.0342241
0.00637774	0.145858
0.0063991	0.0349369
0.00654171	0.000690801
0.00655785	0.0335023
0.00681616	0.0327822
0.00687406	0.141182
0.00693643	0.0320552
0.00703359	0.0313298
0.00718176	0.0305971
0.00730529	0.0298666
0.00731413	0.145084
0.00751502	0.0291293
0.00774943	0.141966
0.00783036	0.028394
0.00795685	0.0276544
0.00795839	0.000821378
0.00798776	0.0269173
0.00799493	0.144306
0.00804058	0.000128905
0.00818861	0.0261741
0.00830545	0.142747
0.00836503	0.143527
0.00845349	0.025434
0.00861235	0.0246907
0.00875383	0.0239499
0.00902543	0.0232065
0.00935601	0.000948577
0.00938253	0.0224653
0.00958795	0.0217252
0.00975178	0.0209874
0.00998724	0.0202499
0.0102579	0.0195158
0.0104527	0.00108578
0.010519	0.0187837
0.0108012	0.0180555
0.0110638	0.0173306
0.0110714	9.16272e-05
0.0113401	0.0166104
0.0114431	0.00121571
0.0116174	0.0158947
0.01194	0.0151843
0.0122358	0.0144803
0.0123114	0.00135359
0.0125517	0.0137824
0.0128532	0.0130921
0.0131736	0.012409
0.0132779	0.00148162
0.0134579	0.011735
0.0136704	0.0110691
0.0138021	0.00161491
0.0140701	0.0104136
0.0145066	7.51027e-05
0.014529	0.00196225
0.0146496	0.00976589
0.0150287	0.00913456
0.0153459	0.00851326
0.0155926	0.0079052
0.0156063	0.00233484
0.0159784	0.00731205
0.0162215	0.0027378
0.0162385	0.00673192
0.0162938	0.00616997
0.0165902	0.00562091
0.0165902	0.00562091
0.0167107	0.00316129
0.0167921	0.00508729
0.0168782	0.00361403
0.0169124	0.00408281
0.0169373	0.0045785
0.0177914	8.24209e-05
)
