(title "Skin Friction Coefficient")
(labels "Skin Friction Coefficient" "Position")

((xy/key/label "middleplane_pressureside")
3.50937e-05	0.0927515
3.63851e-05	0.0935954
5.39538e-05	0.0944376
8.90399e-05	0.0952813
9.05361e-05	0.0919092
0.000120115	0.0961238
0.000144782	0.0910655
0.000147324	0.0969657
0.000170159	0.119447
0.000174396	0.0978067
0.000174396	0.0978067
0.000198965	0.0986468
0.000201491	0.0902219
0.000216994	0.120268
0.00022515	0.0994857
0.00024962	0.100326
0.000257109	0.0893774
0.000273941	0.101164
0.000296015	0.118626
0.000298128	0.102004
0.000302975	0.0885319
0.000312704	0.110355
0.000315825	0.109523
0.000316542	0.111185
0.000319465	0.102843
0.000323329	0.108689
0.000327846	0.112015
0.000327846	0.112015
0.000334394	0.10368
0.00033608	0.107855
0.000345449	0.104516
0.000346758	0.107021
0.000348248	0.0876854
0.000351401	0.105352
0.000352461	0.106186
0.000359878	0.112843
0.000379834	0.121088
0.000384031	0.122728
0.000398326	0.123544
0.00040064	0.117803
0.000404959	0.0868405
0.000406495	0.113672
0.00041833	0.121909
0.000450701	0.1145
0.000463592	0.0859941
0.000464142	0.11698
0.000476769	0.115328
0.000485002	0.116155
0.000537708	0.0851494
0.000590252	0.12436
0.000614222	0.0843034
0.000691401	0.0834577
0.000770258	0.0826112
0.000820432	0.0817641
0.000866342	0.0809161
0.000928837	0.0800698
0.0009655	0.127613
0.000991044	0.0792222
0.00099283	0.125175
0.00107969	0.0783763
0.00117613	0.0775295
0.00118425	0.126801
0.00125243	0.0766826
0.00133014	0.0758352
0.00137503	0.0749879
0.00141231	0.0741398
0.00141231	0.0741398
0.0014185	0.125988
0.00147609	0.0732934
0.00147812	0.000456317
0.00153768	0.0724461
0.00164192	0.0716004
0.00176311	0.0707541
0.0018358	0.000354999
0.00184818	0.0699078
0.00193556	0.0690614
0.00201053	0.0682153
0.00204731	0.128421
0.00209064	0.0673691
0.00216622	0.0665235
0.00224848	0.0656779
0.00231285	0.131647
0.00232635	0.0648328
0.00240986	0.0639878
0.00249003	0.0631434
0.0025749	0.0622991
0.00265761	0.0614555
0.00274465	0.060612
0.00283064	0.0597694
0.00285112	0.141966
0.00292162	0.0589267
0.00299299	0.142747
0.00301461	0.0580851
0.00301747	0.130842
0.00310039	0.0572435
0.00317664	0.0564031
0.00327829	0.0555626
0.00328025	0.141182
0.00328398	0.148912
0.00332967	0.148541
0.00338195	0.0547234
0.00348028	0.0538842
0.00350365	0.129229
0.00351267	0.143527
0.00357689	0.0530463
0.00362834	0.149283
0.00367757	0.0522086
0.00369683	0.14817
0.00377957	0.0513722
0.00386247	0.130036
0.00388346	0.0505361
0.00388538	0.000262319
0.00393429	0.136443
0.00395381	0.132452
0.00399018	0.0497014
0.00399018	0.0497014
0.00409875	0.0488669
0.0041638	0.140397
0.0042138	0.048034
0.00427515	0.137238
0.00433093	0.0472014
0.00434356	0.000572092
0.00438013	0.149496
0.00438445	0.144306
0.00446732	0.0463705
0.00458905	0.135647
0.0045898	0.0455399
0.00472599	0.147401
0.00475797	0.0447112
0.00490318	0.0438826
0.00491745	0.0432186
0.00493442	0.139608
0.00494596	0.0425547
0.00505575	0.138029
0.00510385	0.0418814
0.0052605	0.145084
0.00529652	0.138819
0.0053051	0.0412082
0.00536566	0.0398444
0.00539522	0.0405259
0.00547263	0.000188002
0.00551097	0.149603
0.00552236	0.146632
0.00553255	0.039153
0.00553255	0.039153
0.00561864	0.145858
0.00578399	0.0384625
0.00580744	0.0370652
0.00583359	0.0377634
0.00593552	0.13485
0.00599655	0.0363576
0.0063302	0.0356509
0.0063747	0.0342241
0.00639772	0.0349369
0.00650816	0.000690801
0.00655619	0.0335023
0.00668049	0.133252
0.00681424	0.0327822
0.00693341	0.0320552
0.0070307	0.0313298
0.00717814	0.0305971
0.00718283	0.149656
0.00721776	0.134051
0.00730234	0.0298666
0.00751224	0.0291293
0.00782849	0.028394
0.00790925	0.000821378
0.0079541	0.0276544
0.00798317	0.0269173
0.00816982	0.000128905
0.00818578	0.0261741
0.00844989	0.025434
0.00860905	0.0246907
0.00875032	0.0239499
0.00902134	0.0232065
0.00904468	0.149683
0.0092944	0.000948577
0.0093784	0.0224653
0.00958282	0.0217252
0.009747	0.0209874
0.00998209	0.0202499
0.0102523	0.0195158
0.0103874	0.00108578
0.0105135	0.0187837
0.0107951	0.0180555
0.0108082	0.149696
0.0110577	0.0173306
0.0111908	0.149703
0.0111944	9.16272e-05
0.0113332	0.0166104
0.0113765	0.00121571
0.0116103	0.0158947
0.0119324	0.0151843
0.0122278	0.0144803
0.0122444	0.00135359
0.0125435	0.0137824
0.0128441	0.0130921
0.0131639	0.012409
0.0132109	0.00148162
0.0134474	0.011735
0.013659	0.0110691
0.0137404	0.00161491
0.0140582	0.0104136
0.0144715	0.00196225
0.014614	7.51027e-05
0.0146364	0.00976589
0.015014	0.00913456
0.0153297	0.00851326
0.0155509	0.00233484
0.0155751	0.0079052
0.0159596	0.00731205
0.0161728	0.0027378
0.0162186	0.00673192
0.0162719	0.00616997
0.0165649	0.00562091
0.0165649	0.00562091
0.0166667	0.00316129
0.0167631	0.00508729
0.0168391	0.00361403
0.0168776	0.00408281
0.016905	0.0045785
0.0178934	8.24209e-05
)
