(title "Skin Friction Coefficient")
(labels "Skin Friction Coefficient" "Position")

((xy/key/label "middleplane_pressureside")
1.04317e-05	0.0927515
4.05019e-05	0.0935954
5.8401e-05	0.0919092
7.90163e-05	0.0944376
0.000110634	0.0910655
0.000113469	0.0952813
0.000148482	0.0961238
0.000168587	0.0902219
0.000184293	0.0969657
0.000184512	0.113672
0.000221252	0.112843
0.000222368	0.0978067
0.000222368	0.0978067
0.000227865	0.0893774
0.000256123	0.1145
0.000257822	0.0986468
0.000277947	0.0885319
0.000293925	0.0994857
0.000322507	0.100326
0.000328193	0.0876854
0.000342902	0.101164
0.000344116	0.112015
0.000344116	0.112015
0.000350555	0.104516
0.000352146	0.10368
0.000352593	0.102004
0.000353344	0.105352
0.000355216	0.102843
0.000372063	0.106186
0.000383362	0.115328
0.000388406	0.0868405
0.000413418	0.107021
0.000447017	0.120268
0.000447411	0.111185
0.000449422	0.0859941
0.000458887	0.107855
0.000487575	0.110355
0.000489595	0.108689
0.000499488	0.109523
0.000520402	0.116155
0.000523986	0.0851494
0.000533923	0.123544
0.000581356	0.119447
0.000599948	0.0843034
0.000676146	0.0834577
0.000676585	0.11698
0.000753666	0.0826112
0.000760119	0.12436
0.000803732	0.0817641
0.000850397	0.0809161
0.000863647	0.121088
0.000872681	0.117803
0.000914422	0.0800698
0.000944316	0.118626
0.000947426	0.122728
0.000978498	0.0792222
0.00106908	0.0783763
0.00108071	0.121909
0.0011669	0.0775295
0.00124394	0.0766826
0.00130108	0.127613
0.00132177	0.0758352
0.00136628	0.0749879
0.00138947	0.126801
0.00140323	0.0741398
0.00140323	0.0741398
0.00146624	0.0732934
0.00149639	0.000456317
0.00152828	0.0724461
0.00163282	0.0716004
0.00175453	0.0707541
0.00176274	0.125175
0.00183043	0.000354999
0.00184099	0.0699078
0.00192851	0.0690614
0.00200457	0.0682153
0.00208443	0.0673691
0.00214586	0.125988
0.00215263	0.130036
0.00215984	0.0665235
0.00219687	0.128421
0.0022419	0.0656779
0.00231895	0.0648328
0.00240273	0.0639878
0.00248239	0.0631434
0.00249054	0.145858
0.00251179	0.129229
0.00256812	0.0622991
0.00263216	0.146632
0.00265102	0.0614555
0.00266713	0.130842
0.00273894	0.060612
0.0028252	0.0597694
0.00285145	0.145084
0.00287488	0.147401
0.00291629	0.0589267
0.0030096	0.0580851
0.00308197	0.14817
0.00309487	0.0572435
0.00312006	0.148541
0.00313252	0.148912
0.00317087	0.0564031
0.00321559	0.136443
0.00321627	0.149283
0.00322315	0.149496
0.00326701	0.137238
0.00327186	0.0555626
0.00337624	0.0547234
0.00337762	0.149603
0.00340865	0.144306
0.00347404	0.0538842
0.00356644	0.143527
0.00357089	0.0530463
0.00367153	0.0522086
0.00371116	0.138029
0.00377455	0.0513722
0.0038094	0.142747
0.00385803	0.138819
0.00387895	0.0505361
0.00389844	0.000262319
0.00396948	0.139608
0.00398504	0.0497014
0.00398504	0.0497014
0.00409495	0.0488669
0.00416256	0.149656
0.0042084	0.048034
0.0043259	0.0472014
0.00435573	0.000572092
0.00437893	0.131647
0.00441688	0.140397
0.00446155	0.0463705
0.00458325	0.135647
0.00458353	0.0455399
0.00475173	0.141966
0.00475248	0.0447112
0.00489908	0.0438826
0.00491382	0.0432186
0.00494049	0.0425547
0.00506223	0.141182
0.00509853	0.0418814
0.00530004	0.0412082
0.00536093	0.0398444
0.00539101	0.0405259
0.0055267	0.000188002
0.0055281	0.039153
0.0055281	0.039153
0.00556408	0.149683
0.00577907	0.0384625
0.00580327	0.0370652
0.0058289	0.0377634
0.00599156	0.0363576
0.00608094	0.132452
0.00632526	0.0356509
0.00636997	0.0342241
0.00639261	0.0349369
0.00650199	0.000690801
0.00655124	0.0335023
0.00680929	0.0327822
0.00692909	0.0320552
0.00698364	0.13485
0.00701103	0.149696
0.00702615	0.0313298
0.00717415	0.0305971
0.00729767	0.0298666
0.00750734	0.0291293
0.00755969	0.133252
0.00782246	0.028394
0.00789591	0.000821378
0.00794888	0.0276544
0.00797953	0.0269173
0.0081159	0.149703
0.00818056	0.0261741
0.00821296	0.134051
0.00824026	0.000128905
0.00844507	0.025434
0.00860395	0.0246907
0.00874511	0.0239499
0.00901618	0.0232065
0.00927414	0.000948577
0.00937298	0.0224653
0.00957772	0.0217252
0.00974157	0.0209874
0.00997653	0.0202499
0.0102469	0.0195158
0.0103655	0.00108578
0.0105077	0.0187837
0.0107894	0.0180555
0.0110518	0.0173306
0.0112592	9.16272e-05
0.011327	0.0166104
0.0113535	0.00121571
0.0116042	0.0158947
0.0119259	0.0151843
0.0122205	0.00135359
0.0122212	0.0144803
0.0125368	0.0137824
0.012837	0.0130921
0.0131565	0.012409
0.0131862	0.00148162
0.0134397	0.011735
0.013651	0.0110691
0.0137164	0.00161491
0.0140498	0.0104136
0.014448	0.00196225
0.0146273	0.00976589
0.0146673	7.51027e-05
0.0150044	0.00913456
0.0153193	0.00851326
0.0155275	0.00233484
0.0155642	0.0079052
0.0159481	0.00731205
0.0161508	0.0027378
0.0162065	0.00673192
0.0162589	0.00616997
0.0165505	0.00562091
0.0165505	0.00562091
0.0166459	0.00316129
0.0167476	0.00508729
0.0168197	0.00361403
0.0168597	0.00408281
0.0168881	0.0045785
0.0179426	8.24209e-05
)
