(title "Skin Friction Coefficient")
(labels "Skin Friction Coefficient" "Position")

((xy/key/label "middleplane_pressureside")
4.42188e-05	0.0935954
4.65261e-05	0.0927515
4.84903e-05	0.0944376
7.54423e-05	0.0952813
9.10632e-05	0.0919092
0.00010345	0.0961238
0.000135388	0.0969657
0.000139516	0.0910655
0.000170213	0.0978067
0.000170213	0.0978067
0.000196258	0.0902219
0.000204621	0.0986468
0.000207767	0.1145
0.000228818	0.113672
0.000239175	0.0994857
0.000243756	0.115328
0.000254103	0.0893774
0.000266378	0.100326
0.000275615	0.105352
0.000280375	0.106186
0.000280714	0.104516
0.000286584	0.101164
0.000287087	0.10368
0.000294214	0.102843
0.000294556	0.102004
0.000296151	0.116155
0.000299632	0.107021
0.000299924	0.121909
0.000302923	0.0885319
0.000303715	0.112843
0.000333241	0.107855
0.000351459	0.0876854
0.000354217	0.11698
0.000367295	0.112015
0.000367295	0.112015
0.000367497	0.108689
0.000392542	0.122728
0.000393804	0.109523
0.000396395	0.111185
0.000405621	0.110355
0.000409342	0.0868405
0.000439775	0.117803
0.000466494	0.0859941
0.000538261	0.0851494
0.000566683	0.118626
0.000610915	0.0843034
0.000648205	0.121088
0.000684784	0.0834577
0.000724737	0.119447
0.000760625	0.0826112
0.000810107	0.0817641
0.000811213	0.120268
0.000857091	0.0809161
0.00089648	0.123544
0.000920803	0.0800698
0.000984496	0.0792222
0.00107438	0.0783763
0.00117134	0.0775295
0.00124723	0.0766826
0.00132394	0.0758352
0.00136755	0.0749879
0.00137559	0.12436
0.00140404	0.0741398
0.00140404	0.0741398
0.00146643	0.0732934
0.00146696	0.000456317
0.0014893	0.127613
0.00152811	0.0724461
0.00154018	0.135647
0.00163238	0.0716004
0.00169284	0.13485
0.00175356	0.0707541
0.00181869	0.125175
0.00183787	0.145084
0.00183983	0.0699078
0.00187303	0.000354999
0.00192719	0.0690614
0.00198141	0.144306
0.00200342	0.0682153
0.0020357	0.126801
0.00204228	0.149603
0.00204541	0.149496
0.00208338	0.0673691
0.00214761	0.125988
0.00215925	0.0665235
0.002172	0.143527
0.00223273	0.149283
0.00223359	0.131647
0.00224115	0.0656779
0.00229285	0.128421
0.00231819	0.0648328
0.00240144	0.0639878
0.00248068	0.0631434
0.00248388	0.148912
0.00249094	0.142747
0.00253477	0.130842
0.00254627	0.149656
0.00256625	0.0622991
0.00258419	0.145858
0.00264874	0.0614555
0.00265874	0.148541
0.00267549	0.14817
0.00273694	0.060612
0.00277222	0.141966
0.00282288	0.0597694
0.00283744	0.147401
0.00287918	0.132452
0.00290201	0.141182
0.00291403	0.0589267
0.00300772	0.0580851
0.00309381	0.0572435
0.00316072	0.146632
0.00317076	0.0564031
0.00327074	0.0555626
0.00327587	0.134051
0.0033747	0.0547234
0.00337966	0.149683
0.00346689	0.136443
0.00347214	0.0538842
0.00356901	0.0530463
0.0035805	0.140397
0.00360348	0.133252
0.00366955	0.0522086
0.00377101	0.0513722
0.00387699	0.0505361
0.00389617	0.130036
0.00398287	0.0497014
0.00398287	0.0497014
0.00400506	0.000262319
0.00403597	0.129229
0.00409327	0.0488669
0.00420831	0.048034
0.00421457	0.149696
0.00431675	0.000572092
0.00432608	0.0472014
0.00437217	0.149703
0.00446124	0.0463705
0.00458344	0.0455399
0.00459624	0.139608
0.00474869	0.0447112
0.00488794	0.0438826
0.00491558	0.0432186
0.00494463	0.0425547
0.00509498	0.0418814
0.00529932	0.0412082
0.00530391	0.137238
0.00535969	0.0398444
0.00538831	0.0405259
0.00550943	0.138819
0.00552537	0.039153
0.00552537	0.039153
0.00563546	0.000188002
0.0057779	0.0384625
0.00580128	0.0370652
0.00582757	0.0377634
0.00595935	0.138029
0.00599086	0.0363576
0.00632291	0.0356509
0.0063678	0.0342241
0.00639118	0.0349369
0.00646615	0.000690801
0.00654969	0.0335023
0.00680706	0.0327822
0.00692704	0.0320552
0.0070238	0.0313298
0.00717179	0.0305971
0.00729617	0.0298666
0.00750631	0.0291293
0.00782267	0.028394
0.00785152	0.000821378
0.00794581	0.0276544
0.00797663	0.0269173
0.00817931	0.0261741
0.00833349	0.000128905
0.00844302	0.025434
0.00860268	0.0246907
0.00874328	0.0239499
0.00901426	0.0232065
0.00922641	0.000948577
0.00937075	0.0224653
0.00957551	0.0217252
0.00973978	0.0209874
0.00997407	0.0202499
0.0102446	0.0195158
0.0103164	0.00108578
0.0105052	0.0187837
0.0107866	0.0180555
0.0110492	0.0173306
0.011306	0.00121571
0.0113241	0.0166104
0.0113328	9.16272e-05
0.0116009	0.0158947
0.0119226	0.0151843
0.0121751	0.00135359
0.0122176	0.0144803
0.012533	0.0137824
0.0128329	0.0130921
0.0131432	0.00148162
0.0131521	0.012409
0.0134349	0.011735
0.0136457	0.0110691
0.0136791	0.00161491
0.0140441	0.0104136
0.0144151	0.00196225
0.014621	0.00976589
0.0147231	7.51027e-05
0.0149972	0.00913456
0.0153112	0.00851326
0.0154963	0.00233484
0.0155553	0.0079052
0.0159389	0.00731205
0.0161246	0.0027378
0.0161967	0.00673192
0.0162477	0.00616997
0.0165374	0.00562091
0.0165374	0.00562091
0.0166232	0.00316129
0.0167325	0.00508729
0.0167996	0.00361403
0.0168419	0.00408281
0.0168715	0.0045785
0.0179935	8.24209e-05
)
