(title "Skin Friction Coefficient")
(labels "Skin Friction Coefficient" "Position")

((xy/key/label "middleplane_pressureside")
2.73299e-05	0.0927515
3.60631e-05	0.0935954
6.06816e-05	0.0944376
8.38892e-05	0.0919092
9.47371e-05	0.0952813
9.79671e-05	0.11698
0.000124614	0.0961238
0.000137069	0.117803
0.000140713	0.0910655
0.000150904	0.0969657
0.000177759	0.0978067
0.000177759	0.0978067
0.000181942	0.116155
0.00020081	0.0902219
0.000203649	0.0986468
0.00023312	0.0994857
0.000242115	0.118626
0.000259056	0.0893774
0.000263199	0.100326
0.000297114	0.101164
0.000306184	0.0885319
0.000316975	0.107855
0.000319576	0.115328
0.000327367	0.108689
0.000329032	0.102004
0.000333322	0.107021
0.000352438	0.0876854
0.000356638	0.102843
0.000359277	0.109523
0.000360253	0.106186
0.000372192	0.10368
0.000375595	0.105352
0.000379226	0.104516
0.000402979	0.110355
0.000409071	0.0868405
0.00046137	0.111185
0.00046409	0.119447
0.000466349	0.0859941
0.000480584	0.1145
0.000540044	0.0851494
0.000544626	0.112015
0.000544626	0.112015
0.00060833	0.113672
0.000615607	0.0843034
0.000626194	0.112843
0.000692866	0.0834577
0.000771827	0.0826112
0.000823234	0.0817641
0.000830155	0.12436
0.000870491	0.0809161
0.00093394	0.0800698
0.000996762	0.0792222
0.00103655	0.123544
0.00108581	0.0783763
0.00111837	0.120268
0.00118255	0.0775295
0.00125901	0.0766826
0.0013365	0.0758352
0.00138139	0.0749879
0.0014189	0.0741398
0.0014189	0.0741398
0.00148181	0.0732934
0.00154429	0.0724461
0.00157583	0.000456317
0.0016481	0.0716004
0.0017042	0.122728
0.00176997	0.0707541
0.00178431	0.145858
0.00179953	0.000354999
0.00184146	0.121088
0.0018552	0.0699078
0.00194247	0.0690614
0.00198809	0.121909
0.00199067	0.132452
0.00201847	0.0682153
0.00204589	0.131647
0.00209773	0.0673691
0.00211628	0.125175
0.00217446	0.0665235
0.00225579	0.0656779
0.00231084	0.145084
0.00233425	0.0648328
0.00240009	0.13485
0.00241759	0.0639878
0.00249766	0.0631434
0.00258328	0.0622991
0.00266507	0.0614555
0.00271924	0.135647
0.00275347	0.060612
0.00283832	0.0597694
0.00292073	0.127613
0.0029299	0.0589267
0.00302215	0.0580851
0.00310834	0.0572435
0.00318497	0.0564031
0.00328599	0.0555626
0.00337404	0.133252
0.00339057	0.0547234
0.00348731	0.0538842
0.00358468	0.0530463
0.00364773	0.134051
0.00368479	0.0522086
0.00370213	0.146632
0.00376462	0.126801
0.00378757	0.0513722
0.00381128	0.125988
0.00389105	0.0505361
0.003911	0.144306
0.00393793	0.000262319
0.00399743	0.0497014
0.00399743	0.0497014
0.00406378	0.141966
0.00406512	0.141182
0.00410726	0.0488669
0.00422096	0.048034
0.00433905	0.0472014
0.00435928	0.142747
0.00444205	0.000572092
0.00447446	0.0463705
0.00450223	0.143527
0.00454238	0.130842
0.00459669	0.0455399
0.00466582	0.128421
0.00476473	0.0447112
0.0048022	0.140397
0.00491018	0.0438826
0.00492633	0.0432186
0.00495282	0.0425547
0.00502129	0.149496
0.0050414	0.149283
0.0051098	0.0418814
0.00531183	0.0412082
0.00532389	0.149603
0.00532742	0.148912
0.00533469	0.147401
0.00537211	0.0398444
0.00540151	0.0405259
0.00553812	0.039153
0.00553812	0.039153
0.00569514	0.148541
0.00572414	0.000188002
0.00573352	0.14817
0.00578988	0.0384625
0.00581326	0.0370652
0.00583943	0.0377634
0.00586622	0.136443
0.00600164	0.0363576
0.00605071	0.149656
0.00633566	0.0356509
0.00635449	0.139608
0.00637992	0.0342241
0.00640408	0.0349369
0.00654778	0.000690801
0.00656136	0.0335023
0.00681934	0.0327822
0.0069194	0.130036
0.00693907	0.0320552
0.00703572	0.0313298
0.00710676	0.149683
0.00712232	0.129229
0.00718346	0.0305971
0.00730696	0.0298666
0.00751633	0.0291293
0.00783169	0.028394
0.00793143	0.000821378
0.00795783	0.0276544
0.00798439	0.138819
0.00798735	0.0269173
0.00811191	0.149703
0.00816306	0.149696
0.00818838	0.0261741
0.00840452	0.137238
0.00845263	0.025434
0.00849277	0.000128905
0.00861153	0.0246907
0.00875266	0.0239499
0.0088982	0.138029
0.00902339	0.0232065
0.00928844	0.000948577
0.00938002	0.0224653
0.00958426	0.0217252
0.0097478	0.0209874
0.00998269	0.0202499
0.0102523	0.0195158
0.0103737	0.00108578
0.0105131	0.0187837
0.0107941	0.0180555
0.0110561	0.0173306
0.0113312	0.0166104
0.0113556	0.00121571
0.0114784	9.16272e-05
0.0116072	0.0158947
0.0119291	0.0151843
0.0122175	0.00135359
0.0122237	0.0144803
0.0125382	0.0137824
0.0128383	0.0130921
0.0131569	0.012409
0.0131781	0.00148162
0.0134391	0.011735
0.0136494	0.0110691
0.0137027	0.00161491
0.0140474	0.0104136
0.0144284	0.00196225
0.0146236	0.00976589
0.0148171	7.51027e-05
0.0149991	0.00913456
0.0153123	0.00851326
0.0155043	0.00233484
0.0155557	0.0079052
0.0159384	0.00731205
0.0161247	0.0027378
0.0161952	0.00673192
0.016245	0.00616997
0.0165339	0.00562091
0.0165339	0.00562091
0.0166189	0.00316129
0.0167286	0.00508729
0.016794	0.00361403
0.0168363	0.00408281
0.0168665	0.0045785
0.0180632	8.24209e-05
)
