(title "Skin Friction Coefficient")
(labels "Skin Friction Coefficient" "Position")

((xy/key/label "middleplane_pressureside")
3.47765e-05	0.0944376
4.78222e-05	0.0935954
6.54081e-05	0.0952813
6.92249e-05	0.0927515
9.91271e-05	0.0961238
0.000117144	0.0919092
0.000135688	0.0969657
0.000166902	0.0910655
0.000172163	0.0978067
0.000172163	0.0978067
0.000205191	0.0986468
0.000222621	0.0902219
0.000236576	0.0994857
0.000246135	0.1145
0.000247857	0.123544
0.000259028	0.100326
0.000261489	0.115328
0.000275937	0.101164
0.000278814	0.0893774
0.000285559	0.102004
0.000288843	0.113672
0.000292585	0.102843
0.000298515	0.10368
0.000302283	0.122728
0.000308025	0.104516
0.000319935	0.105352
0.000320173	0.116155
0.000325603	0.0885319
0.00033639	0.12436
0.000340226	0.106186
0.000361712	0.112843
0.000371131	0.107021
0.000373666	0.0876854
0.000388236	0.11698
0.000408866	0.107855
0.000415471	0.112015
0.000415471	0.112015
0.000432148	0.0868405
0.000439278	0.108689
0.000441187	0.111185
0.000452481	0.110355
0.000453431	0.109523
0.000470441	0.117803
0.000491397	0.0859941
0.000539555	0.125175
0.000565707	0.0851494
0.000567618	0.121909
0.000585436	0.118626
0.000641055	0.0843034
0.000705709	0.125988
0.00071694	0.0834577
0.00073241	0.119447
0.000794071	0.0826112
0.000842792	0.0817641
0.00085081	0.126801
0.000860353	0.121088
0.000884561	0.120268
0.000887385	0.0809161
0.000948976	0.0800698
0.00101101	0.0792222
0.00110028	0.0783763
0.00119716	0.0775295
0.00126465	0.143527
0.00126709	0.14817
0.00127317	0.0766826
0.001321	0.144306
0.0013504	0.0758352
0.00139472	0.0749879
0.00143052	0.0741398
0.00143052	0.0741398
0.00146714	0.000456317
0.00148229	0.130036
0.00149325	0.0732934
0.00155431	0.0724461
0.00161236	0.148541
0.00165747	0.0716004
0.00173471	0.142747
0.00177892	0.0707541
0.0017977	0.145084
0.00180563	0.147401
0.00182742	0.146632
0.00182761	0.145858
0.00184894	0.127613
0.00186356	0.0699078
0.00188736	0.130842
0.00190692	0.000354999
0.00195093	0.0690614
0.00202617	0.0682153
0.00210558	0.0673691
0.00218134	0.0665235
0.00226237	0.0656779
0.00233991	0.0648328
0.00242268	0.0639878
0.00247306	0.129229
0.00250226	0.0631434
0.0025673	0.141966
0.00258719	0.0622991
0.00263777	0.148912
0.0026691	0.0614555
0.00275667	0.060612
0.00284188	0.0597694
0.00293282	0.0589267
0.00295322	0.128421
0.00302567	0.0580851
0.00306984	0.134051
0.0031111	0.0572435
0.00318805	0.0564031
0.0032726	0.141182
0.00328834	0.0555626
0.00335478	0.131647
0.00339234	0.0547234
0.00348147	0.133252
0.00348977	0.0538842
0.00353637	0.140397
0.00358605	0.0530463
0.00368657	0.0522086
0.00371484	0.139608
0.00378749	0.0513722
0.00387679	0.149283
0.00389229	0.0505361
0.00399794	0.0497014
0.00399794	0.0497014
0.0041027	0.000262319
0.00410729	0.0488669
0.00422195	0.048034
0.00423304	0.132452
0.00430913	0.000572092
0.00433927	0.0472014
0.00447622	0.0463705
0.00459796	0.0455399
0.004765	0.0447112
0.00490563	0.0438826
0.0049136	0.13485
0.00492538	0.0432186
0.00495577	0.0425547
0.00508571	0.138819
0.00511015	0.0418814
0.00525552	0.149496
0.00531266	0.0412082
0.00537257	0.0398444
0.00540081	0.0405259
0.00553828	0.039153
0.00553828	0.039153
0.00575857	0.000188002
0.00579067	0.0384625
0.005813	0.0370652
0.00584022	0.0377634
0.00600281	0.0363576
0.00633555	0.0356509
0.0063792	0.0342241
0.00640374	0.0349369
0.00644606	0.000690801
0.00656162	0.0335023
0.00666593	0.149603
0.00681913	0.0327822
0.00693776	0.0320552
0.00703495	0.0313298
0.00718201	0.0305971
0.00730668	0.0298666
0.00751709	0.0291293
0.0078239	0.000821378
0.00782551	0.138029
0.00783422	0.028394
0.00795651	0.0276544
0.00798502	0.0269173
0.00804244	0.135647
0.00812324	0.149656
0.0081893	0.0261741
0.00822896	0.149703
0.00845152	0.000128905
0.00845234	0.025434
0.00861193	0.0246907
0.00875228	0.0239499
0.00902273	0.0232065
0.00919339	0.000948577
0.009379	0.0224653
0.00941137	0.149683
0.00958318	0.0217252
0.00974724	0.0209874
0.00998096	0.0202499
0.0101798	0.137238
0.010251	0.0195158
0.0102813	0.00108578
0.0103867	0.136443
0.0105114	0.0187837
0.0105498	0.149696
0.0107922	0.0180555
0.0110544	0.0173306
0.0112707	0.00121571
0.0113288	0.0166104
0.0114264	9.16272e-05
0.0116049	0.0158947
0.0119263	0.0151843
0.0121398	0.00135359
0.0122207	0.0144803
0.0125353	0.0137824
0.0128349	0.0130921
0.0131084	0.00148162
0.0131532	0.012409
0.0134349	0.011735
0.0136449	0.0110691
0.0136466	0.00161491
0.0140427	0.0104136
0.0143835	0.00196225
0.0146185	0.00976589
0.0147884	7.51027e-05
0.0149931	0.00913456
0.0153054	0.00851326
0.015464	0.00233484
0.0155483	0.0079052
0.0159311	0.00731205
0.0160948	0.0027378
0.0161876	0.00673192
0.016236	0.00616997
0.0165228	0.00562091
0.0165228	0.00562091
0.0165957	0.00316129
0.0167151	0.00508729
0.0167748	0.00361403
0.0168201	0.00408281
0.0168516	0.0045785
0.0180508	8.24209e-05
)
