(title "Skin Friction Coefficient")
(labels "Skin Friction Coefficient" "Position")

((xy/key/label "middleplane_pressureside")
3.40832e-05	0.0927515
4.3249e-05	0.0935954
6.4882e-05	0.0944376
8.00828e-05	0.0919092
0.000100753	0.0952813
0.000128242	0.0910655
0.000135937	0.0961238
0.000171016	0.0969657
0.000183804	0.0902219
0.000195615	0.112843
0.000202543	0.113672
0.000205858	0.0978067
0.000205858	0.0978067
0.000236447	0.0986468
0.000239716	0.0893774
0.000264563	0.0994857
0.00027063	0.112015
0.00027063	0.112015
0.000285579	0.100326
0.00028748	0.0885319
0.000300187	0.101164
0.000308833	0.102004
0.000317555	0.102843
0.000326018	0.1145
0.000326043	0.10368
0.000336264	0.0876854
0.000339236	0.104516
0.000349062	0.111185
0.000356536	0.105352
0.00035903	0.121088
0.000384116	0.106186
0.000395889	0.0868405
0.000397042	0.110355
0.000419712	0.107021
0.000429163	0.109523
0.000447452	0.107855
0.000448228	0.108689
0.000455707	0.0859941
0.00050123	0.115328
0.000511072	0.120268
0.000530757	0.0851494
0.000606582	0.0843034
0.000654569	0.116155
0.00068302	0.0834577
0.000760373	0.0826112
0.000803338	0.121909
0.000807221	0.11698
0.000810075	0.0817641
0.000856529	0.0809161
0.000919692	0.0800698
0.000983382	0.0792222
0.00101075	0.117803
0.00101162	0.125175
0.00106443	0.119447
0.00107368	0.0783763
0.00109278	0.12436
0.00110614	0.122728
0.00117135	0.0775295
0.00118097	0.123544
0.00118492	0.118626
0.00124854	0.0766826
0.00132683	0.0758352
0.00137156	0.0749879
0.00140924	0.0741398
0.00140924	0.0741398
0.00146821	0.000456317
0.00147232	0.0732934
0.00153443	0.0724461
0.00163887	0.0716004
0.00176001	0.0707541
0.0018434	0.000354999
0.00184621	0.0699078
0.00193344	0.0690614
0.00201012	0.0682153
0.00209049	0.0673691
0.00212052	0.130036
0.00216702	0.0665235
0.00224973	0.0656779
0.00232723	0.0648328
0.00241131	0.0639878
0.00244396	0.129229
0.00249065	0.0631434
0.00257631	0.0622991
0.00262197	0.125988
0.00265869	0.0614555
0.00274645	0.060612
0.00281206	0.144306
0.00283295	0.0597694
0.00291464	0.143527
0.00292375	0.0589267
0.00301764	0.0580851
0.00302346	0.140397
0.00302802	0.139608
0.00310317	0.0572435
0.00318055	0.0564031
0.00324159	0.133252
0.00328217	0.0555626
0.00335646	0.134051
0.00338632	0.0547234
0.00348456	0.0538842
0.00351851	0.142747
0.00358082	0.0530463
0.00358601	0.141182
0.00368172	0.0522086
0.00378349	0.0513722
0.00384357	0.141966
0.00388771	0.0505361
0.00389481	0.000262319
0.00399449	0.0497014
0.00399449	0.0497014
0.0040128	0.130842
0.00410324	0.0488669
0.00421881	0.048034
0.0042292	0.138819
0.00433588	0.0472014
0.00434429	0.000572092
0.00438723	0.145084
0.00447288	0.0463705
0.00459547	0.0455399
0.00476429	0.0447112
0.00484224	0.132452
0.00490999	0.0438826
0.00492094	0.0432186
0.00495021	0.0425547
0.0050548	0.131647
0.00511032	0.0418814
0.00518671	0.148912
0.00531102	0.0412082
0.00533848	0.128421
0.00537138	0.0398444
0.00540028	0.0405259
0.00546195	0.000188002
0.00553823	0.039153
0.00553823	0.039153
0.00565318	0.149283
0.00569987	0.126801
0.00571216	0.148541
0.00579033	0.0384625
0.00581334	0.0370652
0.00583998	0.0377634
0.0060032	0.0363576
0.00633685	0.0356509
0.00634721	0.138029
0.00638098	0.0342241
0.00640465	0.0349369
0.00651118	0.14817
0.00652481	0.000690801
0.00656266	0.0335023
0.00664327	0.145858
0.00665328	0.13485
0.00682069	0.0327822
0.00693951	0.0320552
0.00694373	0.149496
0.0070112	0.127613
0.00703696	0.0313298
0.00718411	0.0305971
0.00730894	0.0298666
0.00751938	0.0291293
0.0077745	0.147401
0.00783665	0.028394
0.00793314	0.000821378
0.00796096	0.0276544
0.00798885	0.0269173
0.00804646	0.146632
0.00814141	0.000128905
0.00819319	0.0261741
0.00845703	0.025434
0.00846553	0.149603
0.00861644	0.0246907
0.00866	0.137238
0.0087577	0.0239499
0.0090287	0.0232065
0.00932503	0.000948577
0.00938579	0.0224653
0.00958999	0.0217252
0.00966582	0.135647
0.00975481	0.0209874
0.00998962	0.0202499
0.0101672	0.149656
0.0102206	0.136443
0.01026	0.0195158
0.0104206	0.00108578
0.0105213	0.0187837
0.0106309	0.149703
0.0108029	0.0180555
0.0110661	0.0173306
0.0111546	9.16272e-05
0.0113415	0.0166104
0.0114115	0.00121571
0.0116187	0.0158947
0.0118193	0.149683
0.0119412	0.0151843
0.0122362	0.0144803
0.0122806	0.00135359
0.0125525	0.0137824
0.0128534	0.0130921
0.0131733	0.012409
0.0132481	0.00148162
0.0132496	0.149696
0.0134573	0.011735
0.0136693	0.0110691
0.0137758	0.00161491
0.0140687	0.0104136
0.0145054	0.00196225
0.0145673	7.51027e-05
0.0146476	0.00976589
0.015026	0.00913456
0.0153425	0.00851326
0.0155839	0.00233484
0.0155885	0.0079052
0.0159738	0.00731205
0.0162028	0.0027378
0.0162335	0.00673192
0.0162878	0.00616997
0.0165826	0.00562091
0.0165826	0.00562091
0.0166946	0.00316129
0.0167827	0.00508729
0.0168644	0.00361403
0.0169005	0.00408281
0.0169264	0.0045785
0.017841	8.24209e-05
)
