(title "Skin Friction Coefficient")
(labels "Skin Friction Coefficient" "Position")

((xy/key/label "middleplane_pressureside")
4.62459e-05	0.0927515
6.05898e-05	0.0935954
8.52949e-05	0.0944376
8.61231e-05	0.0919092
0.000123593	0.0952813
0.000131539	0.0910655
0.000158183	0.0961238
0.000186626	0.0902219
0.000191069	0.0969657
0.000221414	0.0978067
0.000221414	0.0978067
0.000237185	0.112015
0.000237185	0.112015
0.000237524	0.112843
0.000241188	0.0893774
0.000245108	0.0986468
0.000265209	0.0994857
0.000276962	0.100326
0.000286802	0.111185
0.000287517	0.101164
0.000287549	0.0885319
0.000297029	0.102004
0.000313829	0.102843
0.000324784	0.113672
0.000324804	0.119447
0.000334496	0.0876854
0.000334502	0.10368
0.000339467	0.130036
0.000344578	0.110355
0.00034937	0.120268
0.00036115	0.104516
0.000389823	0.109523
0.000392585	0.0868405
0.000392599	0.105352
0.000396048	0.121909
0.000423314	0.108689
0.000428954	0.106186
0.000435286	0.121088
0.000443452	0.1145
0.00045056	0.107855
0.000451214	0.0859941
0.000453414	0.107021
0.000453571	0.122728
0.000482691	0.129229
0.000486913	0.118626
0.000526087	0.0851494
0.00052938	0.115328
0.000536305	0.125988
0.000574858	0.130842
0.000591319	0.116155
0.000602068	0.0843034
0.000611737	0.125175
0.000618231	0.126801
0.000619733	0.117803
0.00063136	0.11698
0.000679322	0.0834577
0.000734927	0.127613
0.000738145	0.128421
0.000757458	0.0826112
0.000803728	0.123544
0.000808752	0.0817641
0.000820374	0.142747
0.00085626	0.0809161
0.000877557	0.12436
0.000920154	0.0800698
0.000963602	0.141966
0.000983625	0.0792222
0.00107339	0.0783763
0.00110497	0.131647
0.0011667	0.143527
0.00117099	0.0775295
0.00124802	0.0766826
0.00132557	0.0758352
0.00137065	0.0749879
0.00140852	0.0741398
0.00140852	0.0741398
0.0014706	0.0732934
0.00148076	0.141182
0.00148372	0.000456317
0.00153322	0.0724461
0.00163702	0.0716004
0.00173613	0.132452
0.00175872	0.0707541
0.00179346	0.000354999
0.00184482	0.0699078
0.0019324	0.0690614
0.00200871	0.0682153
0.00201161	0.135647
0.00208862	0.0673691
0.00213893	0.133252
0.00216506	0.0665235
0.00224724	0.0656779
0.00232563	0.0648328
0.00232747	0.144306
0.00240911	0.0639878
0.00248924	0.0631434
0.00257392	0.0622991
0.00259165	0.134051
0.00265613	0.0614555
0.00274377	0.060612
0.00274877	0.13485
0.00278458	0.140397
0.00282964	0.0597694
0.00285644	0.149603
0.00292156	0.0589267
0.00296616	0.149496
0.003014	0.0580851
0.00308751	0.149656
0.00310072	0.0572435
0.00317659	0.0564031
0.00327857	0.0555626
0.00329804	0.149283
0.00338262	0.0547234
0.00348085	0.0538842
0.00357744	0.0530463
0.00358304	0.149683
0.00367729	0.0522086
0.00377202	0.149703
0.00377804	0.000262319
0.00378004	0.0513722
0.00388414	0.0505361
0.00388513	0.148912
0.0039912	0.0497014
0.0039912	0.0497014
0.00409102	0.149696
0.00409932	0.0488669
0.00421567	0.048034
0.00421908	0.145084
0.00428966	0.136443
0.00433184	0.0472014
0.00437002	0.000572092
0.0044694	0.0463705
0.00450729	0.148541
0.00459206	0.0455399
0.00476282	0.0447112
0.00490952	0.0438826
0.00491351	0.0432186
0.00494396	0.0425547
0.00501274	0.14817
0.00510842	0.0418814
0.00530757	0.0412082
0.00534028	0.000188002
0.0053684	0.0398444
0.00539708	0.0405259
0.00553542	0.039153
0.00553542	0.039153
0.00570918	0.139608
0.00578729	0.0384625
0.00580995	0.0370652
0.00583694	0.0377634
0.00588687	0.145858
0.0060005	0.0363576
0.0061036	0.147401
0.00633316	0.0356509
0.00637756	0.0342241
0.00640076	0.0349369
0.00654746	0.000690801
0.00655985	0.0335023
0.00674948	0.146632
0.00681769	0.0327822
0.00693642	0.0320552
0.00703398	0.0313298
0.00718087	0.0305971
0.00730578	0.0298666
0.00751583	0.0291293
0.00783346	0.028394
0.0079565	0.000821378
0.00795793	0.0276544
0.00798647	0.0269173
0.00804004	0.000128905
0.00819051	0.0261741
0.00845437	0.025434
0.00861376	0.0246907
0.0087551	0.0239499
0.00902595	0.0232065
0.00909544	0.137238
0.00934436	0.000948577
0.00938298	0.0224653
0.00958804	0.0217252
0.00975266	0.0209874
0.00982131	0.138819
0.00998725	0.0202499
0.0102583	0.0195158
0.0104364	0.00108578
0.0105193	0.0187837
0.0108013	0.0180555
0.0110644	0.0173306
0.0110849	9.16272e-05
0.0113398	0.0166104
0.0114234	0.00121571
0.01155	0.138029
0.0116176	0.0158947
0.0119398	0.0151843
0.0122353	0.0144803
0.0122886	0.00135359
0.0125516	0.0137824
0.0128526	0.0130921
0.0131727	0.012409
0.0132529	0.00148162
0.0134569	0.011735
0.013669	0.0110691
0.013777	0.00161491
0.0140686	0.0104136
0.0145036	0.00196225
0.0145325	7.51027e-05
0.0146475	0.00976589
0.0150259	0.00913456
0.0153424	0.00851326
0.0155812	0.00233484
0.0155883	0.0079052
0.0159735	0.00731205
0.0161988	0.0027378
0.016233	0.00673192
0.0162869	0.00616997
0.0165813	0.00562091
0.0165813	0.00562091
0.0166902	0.00316129
0.0167809	0.00508729
0.0168606	0.00361403
0.0168974	0.00408281
0.0169239	0.0045785
0.0178258	8.24209e-05
)
