(title "Skin Friction Coefficient")
(labels "Skin Friction Coefficient" "Position")

((xy/key/label "middleplane_pressureside")
4.40919e-05	0.0927515
4.92465e-05	0.0935954
6.05993e-05	0.0944376
8.37175e-05	0.0919092
8.68453e-05	0.0952813
0.000114134	0.0961238
0.000127532	0.0910655
0.000144379	0.0969657
0.000175376	0.121909
0.000177303	0.0978067
0.000177303	0.0978067
0.000181931	0.0902219
0.00019848	0.1145
0.000203161	0.113672
0.000209405	0.0986468
0.000226977	0.115328
0.000238251	0.0893774
0.00024128	0.122728
0.000242236	0.0994857
0.000265892	0.112843
0.000267328	0.116155
0.000267725	0.100326
0.000277867	0.105352
0.000279415	0.104516
0.000284551	0.101164
0.000284596	0.106186
0.000285406	0.10368
0.000286763	0.0885319
0.000291389	0.102843
0.000291472	0.102004
0.000305532	0.107021
0.000306031	0.11698
0.000333662	0.112015
0.000333662	0.112015
0.000334579	0.0876854
0.000334765	0.107855
0.000347149	0.117803
0.00035706	0.108689
0.000364297	0.111185
0.000372631	0.109523
0.000374511	0.110355
0.000389571	0.121088
0.000393319	0.0868405
0.000452096	0.0859941
0.000465475	0.118626
0.000524456	0.0851494
0.000546209	0.123544
0.000598346	0.0843034
0.00062245	0.120268
0.000623346	0.119447
0.000672373	0.0834577
0.000748294	0.0826112
0.000797414	0.0817641
0.000844178	0.0809161
0.000908283	0.0800698
0.000972341	0.0792222
0.0010077	0.12436
0.00106289	0.0783763
0.00116084	0.0775295
0.00123823	0.0766826
0.00131602	0.0758352
0.00136102	0.0749879
0.00139831	0.0741398
0.00139831	0.0741398
0.00144199	0.130842
0.00145484	0.000456317
0.00146178	0.0732934
0.00152371	0.0724461
0.00154983	0.127613
0.00162251	0.125175
0.00162849	0.0716004
0.00175002	0.0707541
0.00175844	0.130036
0.00177349	0.126801
0.00178184	0.000354999
0.00183657	0.0699078
0.0019249	0.0690614
0.00200147	0.0682153
0.00208258	0.0673691
0.00215891	0.0665235
0.00224166	0.0656779
0.00227766	0.125988
0.00231942	0.0648328
0.00240319	0.0639878
0.00248305	0.0631434
0.00253277	0.131647
0.00256851	0.0622991
0.00265153	0.0614555
0.00273952	0.060612
0.00282615	0.0597694
0.00288562	0.141182
0.00291767	0.0589267
0.00292226	0.128421
0.00297627	0.140397
0.00301161	0.0580851
0.00304259	0.141966
0.00309798	0.0572435
0.00312297	0.129229
0.0031752	0.0564031
0.00322619	0.133252
0.00326126	0.144306
0.00327627	0.0555626
0.00327913	0.134051
0.00332477	0.142747
0.00338032	0.0547234
0.00342102	0.132452
0.00345326	0.143527
0.00347815	0.0538842
0.00357495	0.0530463
0.00366495	0.139608
0.00367586	0.0522086
0.00373469	0.000262319
0.00377799	0.0513722
0.00388276	0.0505361
0.00393221	0.148912
0.00394269	0.149603
0.00398958	0.0497014
0.00398958	0.0497014
0.00405963	0.149283
0.00406154	0.149496
0.00407389	0.148541
0.00409924	0.0488669
0.00421408	0.048034
0.00423671	0.149656
0.0042755	0.145084
0.00433195	0.0472014
0.00434866	0.000572092
0.00446786	0.0463705
0.00449035	0.14817
0.00459031	0.0455399
0.00475741	0.0447112
0.00490063	0.0438826
0.00491963	0.0432186
0.00493489	0.13485
0.0049487	0.0425547
0.00497685	0.138819
0.00510411	0.0418814
0.00511809	0.149683
0.00525565	0.000188002
0.00530671	0.0412082
0.0053528	0.147401
0.00536699	0.0398444
0.00539616	0.0405259
0.00553355	0.039153
0.00553355	0.039153
0.00578567	0.0384625
0.00580915	0.0370652
0.00583542	0.0377634
0.00599871	0.0363576
0.00613029	0.149696
0.00613237	0.145858
0.00616253	0.138029
0.00633219	0.0356509
0.00637674	0.0342241
0.00638392	0.146632
0.00640008	0.0349369
0.00642139	0.149703
0.00649136	0.135647
0.00654804	0.000690801
0.00655812	0.0335023
0.00677227	0.137238
0.00681624	0.0327822
0.00691528	0.136443
0.00693572	0.0320552
0.00703296	0.0313298
0.00718078	0.0305971
0.00730555	0.0298666
0.00751638	0.0291293
0.00783349	0.028394
0.00794579	0.000128905
0.00795679	0.0276544
0.00796534	0.000821378
0.00798589	0.0269173
0.00819027	0.0261741
0.00845402	0.025434
0.00861387	0.0246907
0.00875486	0.0239499
0.00902613	0.0232065
0.00936184	0.000948577
0.00938342	0.0224653
0.00958813	0.0217252
0.00975302	0.0209874
0.00998785	0.0202499
0.0102587	0.0195158
0.0104564	0.00108578
0.01052	0.0187837
0.010802	0.0180555
0.011004	9.16272e-05
0.0110653	0.0173306
0.011341	0.0166104
0.0114448	0.00121571
0.0116187	0.0158947
0.0119413	0.0151843
0.0122365	0.0144803
0.0123109	0.00135359
0.0125533	0.0137824
0.0128546	0.0130921
0.0131749	0.012409
0.0132758	0.00148162
0.0134594	0.011735
0.0136719	0.0110691
0.0137988	0.00161491
0.0140717	0.0104136
0.0144715	7.51027e-05
0.0145249	0.00196225
0.0146512	0.00976589
0.0150303	0.00913456
0.0153473	0.00851326
0.0155939	0.0079052
0.0156019	0.00233484
0.0159796	0.00731205
0.0162173	0.0027378
0.0162396	0.00673192
0.0162944	0.00616997
0.0165903	0.00562091
0.0165903	0.00562091
0.0167069	0.00316129
0.0167914	0.00508729
0.0168754	0.00361403
0.0169105	0.00408281
0.0169359	0.0045785
0.0177752	8.24209e-05
)
