(title "Skin Friction Coefficient")
(labels "Skin Friction Coefficient" "Position")

((xy/key/label "middleplane_pressureside")
3.60737e-05	0.0927515
5.44499e-05	0.0935954
6.99183e-05	0.0919092
7.8102e-05	0.0944376
0.000105309	0.0952813
0.000110332	0.0910655
0.000130502	0.1145
0.000131269	0.0961238
0.000148271	0.113672
0.000157355	0.0969657
0.000158119	0.115328
0.000164839	0.0902219
0.000182879	0.122728
0.000185152	0.0978067
0.000185152	0.0978067
0.000211818	0.0986468
0.000212857	0.112843
0.000219229	0.116155
0.00021979	0.0893774
0.000238995	0.0994857
0.00026165	0.100326
0.000266999	0.0885319
0.00027783	0.101164
0.000283898	0.105352
0.000284544	0.104516
0.000286521	0.112015
0.000286521	0.112015
0.000286974	0.102004
0.000288649	0.10368
0.000290851	0.102843
0.000292225	0.106186
0.000308121	0.107021
0.00031414	0.0876854
0.000331211	0.11698
0.000334098	0.107855
0.000340876	0.111185
0.00035655	0.108689
0.0003688	0.110355
0.000371225	0.0868405
0.000371724	0.109523
0.000372098	0.121909
0.000427803	0.0859941
0.000463553	0.117803
0.00047185	0.123544
0.000499183	0.0851494
0.000571723	0.0843034
0.000602	0.118626
0.000645985	0.0834577
0.000703185	0.121088
0.00072251	0.0826112
0.000767849	0.148912
0.000773453	0.0817641
0.000780626	0.119447
0.000822058	0.0809161
0.000834713	0.149283
0.000871481	0.120268
0.000886773	0.0800698
0.00094852	0.148541
0.000951579	0.0792222
0.00104248	0.0783763
0.00105867	0.149496
0.00109527	0.14817
0.00113982	0.0775295
0.00117221	0.127613
0.00121571	0.147401
0.00121662	0.0766826
0.00122128	0.12436
0.00126457	0.146632
0.00129101	0.149603
0.00129443	0.0758352
0.00133941	0.0749879
0.0013778	0.0741398
0.0013778	0.0741398
0.00143571	0.000456317
0.0014418	0.0732934
0.00150497	0.0724461
0.00154627	0.145858
0.00161042	0.0716004
0.00161764	0.149656
0.00173251	0.0707541
0.00181976	0.0699078
0.0018317	0.126801
0.00190814	0.0690614
0.00190841	0.000354999
0.00192013	0.125175
0.00193799	0.138029
0.00198256	0.138819
0.00198554	0.0682153
0.00201704	0.149683
0.00206619	0.0673691
0.00212318	0.125988
0.00214307	0.0665235
0.00222557	0.0656779
0.00229405	0.128421
0.00230371	0.0648328
0.00238243	0.137238
0.00238815	0.0639878
0.00238898	0.139608
0.00240345	0.149696
0.00246567	0.149703
0.00246806	0.145084
0.00246865	0.0631434
0.00255525	0.0622991
0.0026384	0.0614555
0.00272718	0.060612
0.00281363	0.0597694
0.0029058	0.0589267
0.00299965	0.0580851
0.00307259	0.140397
0.00308602	0.0572435
0.00311448	0.133252
0.00316344	0.0564031
0.00320138	0.136443
0.00326466	0.0555626
0.00336913	0.0547234
0.00346666	0.0538842
0.00348745	0.144306
0.00356443	0.0530463
0.00356876	0.134051
0.00366565	0.0522086
0.00372012	0.141182
0.00376845	0.0513722
0.00387292	0.0505361
0.00397995	0.0497014
0.00397995	0.0497014
0.00403272	0.135647
0.00406345	0.132452
0.0040673	0.143527
0.00408986	0.0488669
0.00416336	0.141966
0.0041788	0.000262319
0.0042036	0.048034
0.00425645	0.000572092
0.00426656	0.13485
0.00427073	0.142747
0.00432171	0.0472014
0.004457	0.0463705
0.00457987	0.0455399
0.00474728	0.0447112
0.00489272	0.0438826
0.00491117	0.0432186
0.00493857	0.0425547
0.00509456	0.0418814
0.00529654	0.0412082
0.00535754	0.0398444
0.00538646	0.0405259
0.00545947	0.129229
0.00552387	0.039153
0.00552387	0.039153
0.00577557	0.0384625
0.00579957	0.0370652
0.00582539	0.0377634
0.00588352	0.000188002
0.0059882	0.0363576
0.00628933	0.131647
0.00632145	0.0356509
0.00636612	0.0342241
0.00637772	0.000690801
0.00638946	0.0349369
0.00654751	0.0335023
0.00680535	0.0327822
0.00692508	0.0320552
0.00702214	0.0313298
0.00717017	0.0305971
0.00729415	0.0298666
0.00750451	0.0291293
0.00774432	0.000821378
0.00781998	0.028394
0.00793521	0.130036
0.00794405	0.0276544
0.00797446	0.0269173
0.00817695	0.0261741
0.0082057	0.130842
0.00844056	0.025434
0.00858272	0.000128905
0.0085999	0.0246907
0.00874048	0.0239499
0.00901115	0.0232065
0.00911334	0.000948577
0.00936716	0.0224653
0.00957214	0.0217252
0.00973579	0.0209874
0.00996984	0.0202499
0.0102077	0.00108578
0.0102402	0.0195158
0.0105003	0.0187837
0.0107816	0.0180555
0.0110433	0.0173306
0.0112037	0.00121571
0.011318	0.0166104
0.0115486	9.16272e-05
0.0115945	0.0158947
0.0119156	0.0151843
0.0120801	0.00135359
0.0122103	0.0144803
0.0125247	0.0137824
0.0128243	0.0130921
0.0130553	0.00148162
0.0131427	0.012409
0.0134244	0.011735
0.013604	0.00161491
0.0136341	0.0110691
0.0140317	0.0104136
0.0143491	0.00196225
0.014607	0.00976589
0.0148824	7.51027e-05
0.0149812	0.00913456
0.015293	0.00851326
0.0154339	0.00233484
0.0155356	0.0079052
0.015918	0.00731205
0.0160715	0.0027378
0.0161742	0.00673192
0.0162224	0.00616997
0.0165082	0.00562091
0.0165082	0.00562091
0.0165758	0.00316129
0.0166995	0.00508729
0.0167565	0.00361403
0.0168032	0.00408281
0.0168354	0.0045785
0.0181318	8.24209e-05
)
