(title "Skin Friction Coefficient")
(labels "Skin Friction Coefficient" "Position")

((xy/key/label "middleplane_pressureside")
2.6809e-05	0.116155
3.36526e-05	0.0935954
3.78453e-05	0.0944376
4.71337e-05	0.0927515
6.31058e-05	0.115328
6.52123e-05	0.11698
7.08383e-05	0.0952813
9.79008e-05	0.0961238
0.000102899	0.0919092
0.000122534	0.0969657
0.000149048	0.0978067
0.000149048	0.0978067
0.000158038	0.0910655
0.00016562	0.117803
0.000176189	0.0986468
0.000176776	0.1145
0.000207073	0.0994857
0.00021707	0.0902219
0.000238608	0.100326
0.000263384	0.107021
0.000271525	0.101164
0.000273875	0.0893774
0.000278054	0.107855
0.000278525	0.106186
0.000297299	0.102004
0.00030054	0.105352
0.000315022	0.102843
0.000315621	0.104516
0.00031849	0.108689
0.000319332	0.10368
0.000319987	0.0885319
0.000329549	0.123544
0.000340897	0.113672
0.000365154	0.0876854
0.000370972	0.109523
0.000406163	0.118626
0.000408172	0.122728
0.000421162	0.0868405
0.000424298	0.110355
0.000470663	0.112843
0.000471864	0.111185
0.000477163	0.0859941
0.000501127	0.112015
0.000501127	0.112015
0.000550197	0.0851494
0.000625171	0.0843034
0.000702087	0.0834577
0.000730293	0.12436
0.000780934	0.0826112
0.000816501	0.119447
0.00083177	0.0817641
0.000878603	0.0809161
0.000895827	0.121909
0.000941427	0.0800698
0.00100432	0.0792222
0.0010061	0.126801
0.0010934	0.0783763
0.00110444	0.127613
0.00111975	0.125175
0.00118946	0.0775295
0.0012092	0.120268
0.001256	0.121088
0.00125696	0.125988
0.00126519	0.0766826
0.00132865	0.131647
0.00134268	0.0758352
0.0013516	0.135647
0.00138653	0.0749879
0.00142382	0.0741398
0.00142382	0.0741398
0.00143138	0.000456317
0.00148697	0.0732934
0.00154903	0.0724461
0.00155097	0.132452
0.00165367	0.0716004
0.00177501	0.0707541
0.00181829	0.13485
0.00186086	0.0699078
0.00188717	0.000354999
0.00194745	0.0690614
0.00202324	0.0682153
0.00209741	0.133252
0.0021026	0.0673691
0.00217839	0.0665235
0.00220935	0.145084
0.00221484	0.134051
0.00226035	0.0656779
0.00230964	0.136443
0.00233774	0.0648328
0.00239078	0.130842
0.00239487	0.128421
0.00242171	0.0639878
0.00250135	0.0631434
0.00258724	0.0622991
0.00266949	0.0614555
0.00275708	0.060612
0.00280703	0.145858
0.00284272	0.0597694
0.00293312	0.0589267
0.00302626	0.0580851
0.00311128	0.0572435
0.00318819	0.0564031
0.00322919	0.144306
0.00328931	0.0555626
0.00331617	0.149496
0.00339351	0.0547234
0.00349191	0.0538842
0.00358822	0.0530463
0.00362452	0.149283
0.003689	0.0522086
0.00369272	0.149603
0.00379038	0.0513722
0.00380352	0.146632
0.0038873	0.129229
0.0038947	0.0505361
0.00390698	0.130036
0.00400057	0.0497014
0.00400057	0.0497014
0.00404474	0.000262319
0.00409063	0.148912
0.00410865	0.0488669
0.00422425	0.048034
0.00427744	0.000572092
0.00434042	0.0472014
0.0043689	0.147401
0.00447757	0.0463705
0.00450143	0.148541
0.00455118	0.14817
0.00459979	0.0455399
0.00467666	0.137238
0.00477041	0.0447112
0.00491635	0.0438826
0.00492338	0.0432186
0.00495345	0.0425547
0.00511555	0.0418814
0.00531488	0.0412082
0.0053753	0.0398444
0.00540387	0.0405259
0.00553749	0.149656
0.00554163	0.039153
0.00554163	0.039153
0.00561336	0.141182
0.00566325	0.000188002
0.00579363	0.0384625
0.00581559	0.0370652
0.00584267	0.0377634
0.0060056	0.0363576
0.00608285	0.140397
0.00626535	0.139608
0.00627915	0.138029
0.00633908	0.0356509
0.00638284	0.0342241
0.00640694	0.0349369
0.00643685	0.000690801
0.00645125	0.143527
0.00647683	0.138819
0.00656294	0.141966
0.00656512	0.0335023
0.00682333	0.0327822
0.0069417	0.0320552
0.00703935	0.0313298
0.00718597	0.0305971
0.00731055	0.0298666
0.00752003	0.0291293
0.00781628	0.000821378
0.00783674	0.028394
0.00796283	0.0276544
0.00799018	0.0269173
0.00816972	0.142747
0.00819338	0.0261741
0.00830721	0.149683
0.00835293	0.000128905
0.0084572	0.025434
0.00861616	0.0246907
0.00875741	0.0239499
0.00902799	0.0232065
0.00919224	0.000948577
0.00938481	0.0224653
0.0095889	0.0217252
0.00975259	0.0209874
0.00998737	0.0202499
0.0102571	0.0195158
0.0102842	0.00108578
0.0105179	0.0187837
0.0106911	0.149696
0.010799	0.0180555
0.0110608	0.0173306
0.0112775	0.00121571
0.0113359	0.0166104
0.0113467	9.16272e-05
0.011612	0.0158947
0.0119337	0.0151843
0.0120178	0.149703
0.0121505	0.00135359
0.0122285	0.0144803
0.0125429	0.0137824
0.0128429	0.0130921
0.0131226	0.00148162
0.0131616	0.012409
0.0134435	0.011735
0.0136537	0.0110691
0.0136638	0.00161491
0.0140518	0.0104136
0.0144035	0.00196225
0.0146283	0.00976589
0.0147307	7.51027e-05
0.0150035	0.00913456
0.0153164	0.00851326
0.0154862	0.00233484
0.0155598	0.0079052
0.0159433	0.00731205
0.0161178	0.0027378
0.0162004	0.00673192
0.0162501	0.00616997
0.0165384	0.00562091
0.0165384	0.00562091
0.0166185	0.00316129
0.0167321	0.00508729
0.0167961	0.00361403
0.0168398	0.00408281
0.0168701	0.0045785
0.0180014	8.24209e-05
)
