(title "Skin Friction Coefficient")
(labels "Skin Friction Coefficient" "Position")

((xy/key/label "middleplane_pressureside")
3.72345e-05	0.0935954
4.13573e-05	0.0944376
4.95611e-05	0.0927515
7.6139e-05	0.0952813
0.000107306	0.0919092
0.000107312	0.0961238
0.00013677	0.0969657
0.000164399	0.0910655
0.000167243	0.0978067
0.000167243	0.0978067
0.000196134	0.0986468
0.000223731	0.0902219
0.000227659	0.0994857
0.000234288	0.115328
0.000250764	0.1145
0.000256539	0.100326
0.000269692	0.116155
0.000281944	0.0893774
0.000283077	0.101164
0.000303756	0.102004
0.000318061	0.102843
0.000318352	0.11698
0.000320008	0.113672
0.000323947	0.10368
0.00032572	0.106186
0.000326275	0.105352
0.00032724	0.104516
0.000328846	0.0885319
0.000332688	0.107021
0.000350395	0.117803
0.000352443	0.107855
0.000370679	0.123544
0.000373822	0.0876854
0.000378968	0.108689
0.000393159	0.112843
0.000402602	0.109523
0.000411961	0.118626
0.000417506	0.110355
0.000422047	0.112015
0.000422047	0.112015
0.000423904	0.111185
0.000430259	0.0868405
0.000488943	0.0859941
0.000540813	0.122728
0.000563106	0.0851494
0.000625789	0.119447
0.000640725	0.0843034
0.000718958	0.0834577
0.000750408	0.12436
0.000789567	0.121909
0.000799112	0.0826112
0.000849713	0.0817641
0.000895338	0.0809161
0.000927549	0.120268
0.00095799	0.0800698
0.00100642	0.121088
0.00102007	0.0792222
0.00110882	0.0783763
0.00120571	0.0775295
0.00128208	0.0766826
0.0013598	0.0758352
0.00140407	0.0749879
0.00144052	0.0741398
0.00144052	0.0741398
0.00144827	0.000456317
0.00150396	0.0732934
0.00151163	0.125175
0.00156457	0.0724461
0.00156987	0.128421
0.001669	0.0716004
0.00172496	0.14817
0.00179021	0.0707541
0.00187245	0.000354999
0.00187521	0.0699078
0.00196256	0.0690614
0.00199024	0.125988
0.00203683	0.0682153
0.00211703	0.0673691
0.00219166	0.0665235
0.00219441	0.126801
0.00221481	0.127613
0.00227389	0.0656779
0.00235104	0.0648328
0.00243424	0.0639878
0.00251358	0.129229
0.00251415	0.0631434
0.00259839	0.0622991
0.0026812	0.0614555
0.00276722	0.060612
0.00282088	0.147401
0.00285324	0.0597694
0.00294339	0.0589267
0.00297384	0.148541
0.00303622	0.0580851
0.0031212	0.0572435
0.00319687	0.0564031
0.00329864	0.0555626
0.00340177	0.0547234
0.00350045	0.0538842
0.00357566	0.135647
0.00359561	0.0530463
0.0036963	0.0522086
0.00379748	0.0513722
0.00387112	0.138819
0.00390115	0.0505361
0.00391921	0.139608
0.00396336	0.000262319
0.00397114	0.136443
0.00400749	0.0497014
0.00400749	0.0497014
0.00411504	0.0488669
0.00423082	0.048034
0.00423585	0.132452
0.00427947	0.13485
0.0043112	0.000572092
0.00433095	0.138029
0.00434628	0.0472014
0.00441845	0.149496
0.00447522	0.133252
0.00448388	0.0463705
0.00453044	0.137238
0.00458494	0.148912
0.0046058	0.0455399
0.00461326	0.140397
0.00461361	0.149603
0.00469185	0.146632
0.00470259	0.130036
0.00470751	0.131647
0.00477511	0.0447112
0.00492026	0.0438826
0.00492876	0.0432186
0.00495864	0.0425547
0.00497555	0.134051
0.00501365	0.149283
0.00508979	0.130842
0.00511946	0.0418814
0.00515368	0.141182
0.00528155	0.145858
0.00531934	0.0412082
0.00537939	0.0398444
0.0054084	0.0405259
0.00545303	0.145084
0.00549761	0.141966
0.00552956	0.000188002
0.0055455	0.039153
0.0055455	0.039153
0.00566617	0.144306
0.00579743	0.0384625
0.00581919	0.0370652
0.00584648	0.0377634
0.0060087	0.0363576
0.00606193	0.142747
0.00607662	0.143527
0.0063423	0.0356509
0.00638569	0.0342241
0.00641013	0.0349369
0.00648606	0.000690801
0.00656793	0.0335023
0.0068261	0.0327822
0.00694481	0.0320552
0.00704229	0.0313298
0.00718939	0.0305971
0.00721895	0.149656
0.00731331	0.0298666
0.00752274	0.0291293
0.00783863	0.028394
0.00788142	0.000821378
0.00796521	0.0276544
0.0079942	0.0269173
0.00819585	0.0261741
0.00820694	0.000128905
0.0084602	0.025434
0.00861903	0.0246907
0.00876023	0.0239499
0.00903126	0.0232065
0.00926588	0.000948577
0.00938839	0.0224653
0.00959311	0.0217252
0.00975662	0.0209874
0.00999181	0.0202499
0.010262	0.0195158
0.0103589	0.00108578
0.0105229	0.0187837
0.0108047	0.0180555
0.011045	0.149683
0.0110666	0.0173306
0.0112187	9.16272e-05
0.0113422	0.0166104
0.0113506	0.00121571
0.0116189	0.0158947
0.0119409	0.0151843
0.0122215	0.00135359
0.0122364	0.0144803
0.0125515	0.0137824
0.0128518	0.0130921
0.0131713	0.012409
0.0131912	0.00148162
0.0134541	0.011735
0.0136651	0.0110691
0.0137257	0.00161491
0.014064	0.0104136
0.0142512	0.149696
0.0144609	0.00196225
0.0146306	7.51027e-05
0.0146418	0.00976589
0.0150187	0.00913456
0.0152995	0.149703
0.0153335	0.00851326
0.0155416	0.00233484
0.0155782	0.0079052
0.0159627	0.00731205
0.016167	0.0027378
0.0162212	0.00673192
0.0162736	0.00616997
0.0165655	0.00562091
0.0165655	0.00562091
0.0166632	0.00316129
0.0167626	0.00508729
0.0168367	0.00361403
0.0168761	0.00408281
0.0169038	0.0045785
0.0179099	8.24209e-05
)
