(title "Skin Friction Coefficient")
(labels "Skin Friction Coefficient" "Position")

((xy/key/label "middleplane_pressureside")
4.41277e-05	0.0927515
6.53644e-05	0.0919092
6.94875e-05	0.0935954
9.52677e-05	0.0910655
9.71456e-05	0.0944376
0.000125205	0.0952813
0.000148356	0.0902219
0.000153488	0.0961238
0.000162039	0.116155
0.000167182	0.11698
0.000167731	0.115328
0.000180768	0.1145
0.000182876	0.0969657
0.000192081	0.117803
0.000199249	0.118626
0.000203012	0.0893774
0.000210594	0.113672
0.00021178	0.119447
0.00021434	0.0978067
0.00021434	0.0978067
0.00024364	0.0986468
0.000251595	0.0885319
0.000272535	0.0994857
0.000283567	0.112843
0.000294695	0.100326
0.000296722	0.105352
0.000299678	0.106186
0.000300237	0.0876854
0.000302378	0.104516
0.000304944	0.120268
0.000308119	0.101164
0.000308678	0.10368
0.00031309	0.102843
0.000313153	0.102004
0.000317107	0.107021
0.000341806	0.107855
0.000349018	0.112015
0.000349018	0.112015
0.000358304	0.108689
0.00035892	0.0868405
0.000369836	0.109523
0.000371297	0.111185
0.000373938	0.110355
0.000409235	0.121088
0.000417693	0.0859941
0.000482815	0.121909
0.000490383	0.0851494
0.000536933	0.123544
0.000552871	0.122728
0.00056417	0.0843034
0.000639064	0.0834577
0.000713566	0.12436
0.000715761	0.0826112
0.000766939	0.0817641
0.000815815	0.0809161
0.00088123	0.0800698
0.000946554	0.0792222
0.00103765	0.0783763
0.00113551	0.0775295
0.00121311	0.0766826
0.00129156	0.0758352
0.00133739	0.0749879
0.00137635	0.0741398
0.00137635	0.0741398
0.00141586	0.000456317
0.00144073	0.0732934
0.00145449	0.125175
0.00150425	0.0724461
0.00160962	0.0716004
0.00173158	0.0707541
0.00179869	0.149703
0.00181886	0.0699078
0.00190727	0.0690614
0.00193749	0.000354999
0.00198467	0.0682153
0.00205767	0.128421
0.00206584	0.0673691
0.00214284	0.0665235
0.0021959	0.149656
0.00220132	0.149683
0.00222598	0.0656779
0.00228054	0.129229
0.00228612	0.149603
0.00229683	0.149696
0.00230406	0.0648328
0.00238851	0.0639878
0.0024224	0.125988
0.00246871	0.0631434
0.00249015	0.149496
0.0025031	0.134051
0.00255518	0.0622991
0.00257706	0.133252
0.0026384	0.0614555
0.002727	0.060612
0.00281358	0.0597694
0.00285763	0.149283
0.00290545	0.0589267
0.00293021	0.127613
0.0029486	0.147401
0.00297153	0.146632
0.00299972	0.0580851
0.00303437	0.126801
0.00308619	0.0572435
0.00316366	0.0564031
0.00323537	0.148912
0.00323627	0.14817
0.00326483	0.0555626
0.00335536	0.13485
0.00336946	0.0547234
0.00339414	0.148541
0.00339631	0.145858
0.00346707	0.0538842
0.00356415	0.0530463
0.00366522	0.0522086
0.00368187	0.138819
0.00372781	0.139608
0.00376792	0.0513722
0.00377631	0.144306
0.00384767	0.145084
0.00387299	0.0505361
0.00394629	0.130036
0.00394836	0.143527
0.00396233	0.132452
0.00397938	0.0497014
0.00397938	0.0497014
0.00408977	0.0488669
0.00415707	0.000262319
0.00420447	0.048034
0.00423903	0.000572092
0.00432257	0.0472014
0.00445837	0.0463705
0.00455525	0.138029
0.00458101	0.0455399
0.00461461	0.140397
0.00474779	0.0447112
0.0048435	0.135647
0.00487155	0.142747
0.00489022	0.0438826
0.00491178	0.0432186
0.00494055	0.0425547
0.00509475	0.0418814
0.00511162	0.130842
0.00526202	0.131647
0.00529785	0.0412082
0.00535873	0.0398444
0.00538684	0.0405259
0.00552438	0.039153
0.00552438	0.039153
0.00557248	0.137238
0.00558389	0.141182
0.00569672	0.141966
0.00576517	0.000188002
0.00577695	0.0384625
0.00580056	0.0370652
0.00582209	0.136443
0.00582682	0.0377634
0.00599003	0.0363576
0.00632257	0.0356509
0.00636727	0.0342241
0.0063761	0.000690801
0.00639131	0.0349369
0.00654961	0.0335023
0.00680731	0.0327822
0.00692681	0.0320552
0.00702397	0.0313298
0.00717184	0.0305971
0.00729623	0.0298666
0.0075066	0.0291293
0.00774767	0.000821378
0.00782275	0.028394
0.00794615	0.0276544
0.00797659	0.0269173
0.00817953	0.0261741
0.0084375	0.000128905
0.00844316	0.025434
0.00860274	0.0246907
0.00874336	0.0239499
0.00901416	0.0232065
0.0091216	0.000948577
0.00937032	0.0224653
0.00957505	0.0217252
0.00973903	0.0209874
0.00997311	0.0202499
0.0102135	0.00108578
0.0102435	0.0195158
0.0105038	0.0187837
0.010785	0.0180555
0.0110471	0.0173306
0.0112083	0.00121571
0.0113216	0.0166104
0.0114181	9.16272e-05
0.0115981	0.0158947
0.0119194	0.0151843
0.0120831	0.00135359
0.0122138	0.0144803
0.0125285	0.0137824
0.012828	0.0130921
0.0130575	0.00148162
0.0131463	0.012409
0.013428	0.011735
0.0136058	0.00161491
0.0136378	0.0110691
0.0140355	0.0104136
0.0143508	0.00196225
0.0146109	0.00976589
0.0147933	7.51027e-05
0.0149851	0.00913456
0.0152969	0.00851326
0.0154359	0.00233484
0.0155396	0.0079052
0.0159223	0.00731205
0.0160742	0.0027378
0.0161786	0.00673192
0.0162268	0.00616997
0.0165125	0.00562091
0.0165125	0.00562091
0.0165793	0.00316129
0.0167038	0.00508729
0.0167606	0.00361403
0.0168076	0.00408281
0.0168397	0.0045785
0.0180643	8.24209e-05
)
