(title "Skin Friction Coefficient")
(labels "Skin Friction Coefficient" "Position")

((xy/key/label "middleplane_pressureside")
2.17443e-05	0.0927515
3.64638e-05	0.0935954
6.01228e-05	0.0944376
6.54497e-05	0.0919092
9.30704e-05	0.0952813
0.000112265	0.0910655
0.00012427	0.0961238
0.000154285	0.0969657
0.000165661	0.0902219
0.000184339	0.0978067
0.000184339	0.0978067
0.000210563	0.0986468
0.000213322	0.117803
0.000219892	0.0893774
0.000234972	0.0994857
0.000252446	0.100326
0.000266384	0.101164
0.000266633	0.0885319
0.000268188	0.111185
0.000270537	0.11698
0.000273979	0.102004
0.00027928	0.110355
0.000280815	0.102843
0.000285252	0.10368
0.00028555	0.112015
0.00028555	0.112015
0.000291528	0.104516
0.000292559	0.109523
0.000298784	0.105352
0.000301598	0.108689
0.000305104	0.107855
0.000305619	0.107021
0.000305935	0.106186
0.000314417	0.0876854
0.000324258	0.116155
0.000337262	0.112843
0.000340977	0.118626
0.000348662	0.115328
0.000364938	0.1145
0.000372712	0.0868405
0.000373205	0.113672
0.000430821	0.0859941
0.000478219	0.121088
0.000503909	0.0851494
0.000577493	0.0843034
0.000652299	0.0834577
0.000671184	0.119447
0.000693419	0.120268
0.000728129	0.0826112
0.000778058	0.0817641
0.000782577	0.121909
0.000825346	0.0809161
0.000889029	0.0800698
0.00095291	0.0792222
0.00104294	0.0783763
0.00113985	0.0775295
0.0012166	0.0766826
0.00129464	0.0758352
0.00133977	0.0749879
0.00137842	0.0741398
0.00137842	0.0741398
0.00144229	0.0732934
0.00145354	0.122728
0.00145393	0.000456317
0.00150567	0.0724461
0.00154496	0.125175
0.00161059	0.0716004
0.00169051	0.139608
0.00173212	0.0707541
0.00181888	0.0699078
0.00184305	0.140397
0.00188578	0.000354999
0.00190619	0.0690614
0.0019836	0.0682153
0.00204144	0.123544
0.00205968	0.12436
0.00206374	0.0673691
0.00214075	0.0665235
0.00222343	0.0656779
0.00230123	0.0648328
0.00238596	0.0639878
0.0024659	0.0631434
0.00255288	0.0622991
0.00255323	0.125988
0.00255849	0.138819
0.00263548	0.0614555
0.0026849	0.141182
0.00272417	0.060612
0.0027733	0.128421
0.00281027	0.0597694
0.00290221	0.0589267
0.00299663	0.0580851
0.00304242	0.129229
0.00308242	0.0572435
0.00311189	0.135647
0.0031239	0.136443
0.00315994	0.0564031
0.00326083	0.0555626
0.00336397	0.138029
0.00336612	0.0547234
0.00345603	0.137238
0.00346343	0.0538842
0.00356059	0.0530463
0.00366164	0.0522086
0.00369319	0.141966
0.00376458	0.0513722
0.00387013	0.0505361
0.00387237	0.13485
0.00397588	0.0497014
0.00397588	0.0497014
0.00402473	0.000262319
0.00408708	0.0488669
0.00420122	0.048034
0.00430414	0.000572092
0.00431932	0.0472014
0.00434422	0.142747
0.00436694	0.126801
0.00440573	0.134051
0.0044548	0.0463705
0.00448843	0.127613
0.00457764	0.0455399
0.00474386	0.0447112
0.00488543	0.0438826
0.00491046	0.0432186
0.00493904	0.0425547
0.00509104	0.0418814
0.00529512	0.0412082
0.00535599	0.0398444
0.00538519	0.0405259
0.00552226	0.039153
0.00552226	0.039153
0.00554372	0.143527
0.00564183	0.000188002
0.00577429	0.0384625
0.00579059	0.133252
0.00579839	0.0370652
0.0058242	0.0377634
0.00598737	0.0363576
0.00626317	0.130036
0.00631999	0.0356509
0.00636533	0.0342241
0.00638818	0.0349369
0.00646275	0.000690801
0.00654676	0.0335023
0.00680453	0.0327822
0.00692513	0.0320552
0.00702208	0.0313298
0.00713648	0.14817
0.00717056	0.0305971
0.00729462	0.0298666
0.00729926	0.148541
0.00750491	0.0291293
0.00774901	0.147401
0.00775356	0.144306
0.00782052	0.028394
0.00784992	0.000821378
0.00794465	0.0276544
0.00797622	0.0269173
0.00812639	0.148912
0.00817802	0.0261741
0.00833357	0.000128905
0.00844207	0.025434
0.00860134	0.0246907
0.00863975	0.146632
0.0087205	0.132452
0.00874202	0.0239499
0.00901326	0.0232065
0.00916542	0.145084
0.00922737	0.000948577
0.00927993	0.145858
0.00932659	0.130842
0.00936972	0.0224653
0.00957524	0.0217252
0.00970661	0.149283
0.00973878	0.0209874
0.00997331	0.0202499
0.010244	0.0195158
0.0103181	0.00108578
0.0104822	0.131647
0.0105043	0.0187837
0.0107863	0.0180555
0.011048	0.0173306
0.0113087	0.00121571
0.0113233	0.0166104
0.0113286	9.16272e-05
0.0116004	0.0158947
0.011712	0.149496
0.0119218	0.0151843
0.0121788	0.00135359
0.0122173	0.0144803
0.0125323	0.0137824
0.0128323	0.0130921
0.0131477	0.00148162
0.0131517	0.012409
0.0134345	0.011735
0.0136453	0.149603
0.0136454	0.0110691
0.0136839	0.00161491
0.0140439	0.0104136
0.0142905	0.149703
0.0144201	0.00196225
0.0146209	0.00976589
0.0147144	7.51027e-05
0.0149973	0.00913456
0.0153116	0.00851326
0.0155011	0.00233484
0.0155489	0.149656
0.015556	0.0079052
0.0159396	0.00731205
0.0161291	0.0027378
0.0161977	0.00673192
0.0162491	0.00616997
0.0165392	0.00562091
0.0165392	0.00562091
0.0166273	0.00316129
0.0167348	0.00508729
0.0168032	0.00361403
0.016845	0.00408281
0.0168742	0.0045785
0.0172487	0.149683
0.0179808	8.24209e-05
0.0187154	0.149696
)
