(title "Skin Friction Coefficient")
(labels "Skin Friction Coefficient" "Position")

((xy/key/label "middleplane_pressureside")
6.05367e-05	0.0910655
6.09485e-05	0.0919092
7.32676e-05	0.0927515
0.000110915	0.0902219
0.000116869	0.0935954
0.000151832	0.117803
0.000159691	0.0944376
0.000162429	0.0893774
0.000194922	0.118626
0.000195734	0.0952813
0.00020876	0.0885319
0.000229662	0.0961238
0.000256539	0.0969657
0.000257952	0.0876854
0.000281319	0.0978067
0.000281319	0.0978067
0.000299977	0.0986468
0.000309812	0.11698
0.000316335	0.0868405
0.00031867	0.0994857
0.000336525	0.100326
0.000351882	0.109523
0.000354503	0.108689
0.000359047	0.101164
0.000361064	0.110355
0.000369195	0.116155
0.000374638	0.111185
0.000375055	0.107855
0.000376886	0.0859941
0.000383552	0.102004
0.000402242	0.107021
0.000405044	0.119447
0.000408478	0.102843
0.000420627	0.115328
0.000422208	0.112015
0.000422208	0.112015
0.000428073	0.10368
0.00042953	0.106186
0.000440866	0.104516
0.000441844	0.105352
0.000443727	0.120268
0.00045342	0.0851494
0.000473823	0.1145
0.000486186	0.112843
0.000503403	0.113672
0.000509635	0.121088
0.000530329	0.0843034
0.000609637	0.0834577
0.00067916	0.121909
0.000688941	0.0826112
0.000742512	0.0817641
0.000791958	0.0809161
0.000819865	0.122728
0.00085742	0.0800698
0.000922574	0.0792222
0.000945641	0.123544
0.00101372	0.0783763
0.0011117	0.0775295
0.00119022	0.0766826
0.00126992	0.0758352
0.001318	0.0749879
0.00135816	0.0741398
0.00135816	0.0741398
0.00142404	0.0732934
0.0014425	0.12436
0.00146313	0.127613
0.00148099	0.000456317
0.00148885	0.0724461
0.00159352	0.0716004
0.00161134	0.139608
0.00168325	0.140397
0.00171645	0.0707541
0.00180257	0.0699078
0.00183598	0.126801
0.00185804	0.000354999
0.00189207	0.0690614
0.001969	0.0682153
0.00205065	0.0673691
0.00212843	0.0665235
0.0022116	0.0656779
0.00229161	0.0648328
0.00237598	0.0639878
0.00245806	0.0631434
0.00247332	0.125175
0.00253286	0.128421
0.00254398	0.0622991
0.00262759	0.0614555
0.00271588	0.060612
0.00280195	0.0597694
0.00280423	0.138819
0.00282115	0.141182
0.00289454	0.0589267
0.0029878	0.0580851
0.0029888	0.125988
0.00299853	0.132452
0.0030753	0.0572435
0.00315184	0.0564031
0.00322731	0.131647
0.0032548	0.0555626
0.00335943	0.0547234
0.00345855	0.0538842
0.00352005	0.129229
0.00355607	0.0530463
0.00365666	0.0522086
0.00375969	0.0513722
0.00377355	0.141966
0.00386405	0.0505361
0.00396965	0.000262319
0.00397109	0.0497014
0.00397109	0.0497014
0.00407951	0.0488669
0.00408498	0.130842
0.00419596	0.048034
0.00429255	0.138029
0.00431253	0.0472014
0.00433297	0.000572092
0.00439065	0.130036
0.00445063	0.142747
0.00445064	0.0463705
0.00457412	0.0455399
0.00473834	0.143527
0.00474522	0.0447112
0.00489192	0.0438826
0.00489657	0.0432186
0.00492768	0.0425547
0.00509177	0.0418814
0.00511021	0.133252
0.00513909	0.144306
0.00529044	0.0412082
0.00535177	0.0398444
0.00538122	0.0405259
0.00551986	0.039153
0.00551986	0.039153
0.00560161	0.000188002
0.00577071	0.0384625
0.00579456	0.0370652
0.00582047	0.0377634
0.00597318	0.145084
0.00598532	0.0363576
0.00631775	0.0356509
0.00636343	0.0342241
0.00638467	0.0349369
0.00643616	0.137238
0.00647721	0.000690801
0.00654494	0.0335023
0.00680283	0.0327822
0.00692147	0.0320552
0.00701969	0.0313298
0.00707875	0.145858
0.00716637	0.0305971
0.00729115	0.0298666
0.00749989	0.0291293
0.00781702	0.028394
0.00786678	0.000821378
0.00794397	0.0276544
0.00797177	0.0269173
0.00817475	0.0261741
0.00830483	0.000128905
0.00843928	0.025434
0.00859675	0.146632
0.00859869	0.0246907
0.00873975	0.0239499
0.00901111	0.0232065
0.00924351	0.000948577
0.00936769	0.0224653
0.00937233	0.134051
0.00953708	0.136443
0.00957133	0.0217252
0.00973663	0.0209874
0.00997118	0.0202499
0.0102413	0.0195158
0.0103343	0.00108578
0.0105026	0.0187837
0.0106253	0.147401
0.0107837	0.0180555
0.0110465	0.0173306
0.0113089	9.16272e-05
0.0113217	0.0166104
0.0113234	0.00121571
0.0115984	0.0158947
0.0119165	0.14817
0.0119205	0.0151843
0.0121251	0.148541
0.0121918	0.00135359
0.0122152	0.0144803
0.012503	0.148912
0.0125307	0.0137824
0.0126107	0.135647
0.0127437	0.149283
0.0127722	0.13485
0.0128311	0.0130921
0.0130006	0.149496
0.0131501	0.012409
0.013159	0.00148162
0.0133535	0.149703
0.0134308	0.149603
0.0134332	0.011735
0.0136442	0.0110691
0.0136926	0.00161491
0.0139667	0.149656
0.0140426	0.0104136
0.0144267	0.00196225
0.0146196	0.00976589
0.0147034	7.51027e-05
0.0148059	0.149683
0.0149961	0.00913456
0.0153104	0.00851326
0.0155066	0.00233484
0.0155548	0.0079052
0.0159266	0.149696
0.0159383	0.00731205
0.0161323	0.0027378
0.0161963	0.00673192
0.016248	0.00616997
0.0165383	0.00562091
0.0165383	0.00562091
0.016629	0.00316129
0.0167343	0.00508729
0.016804	0.00361403
0.0168451	0.00408281
0.0168741	0.0045785
0.0179742	8.24209e-05
)
