(title "Skin Friction Coefficient")
(labels "Skin Friction Coefficient" "Position")

((xy/key/label "middleplane_pressureside")
1.61895e-05	0.0927515
5.01967e-05	0.0935954
5.55378e-05	0.0919092
9.08961e-05	0.0944376
0.000105296	0.0910655
0.000106078	0.112015
0.000106078	0.112015
0.000130469	0.0952813
0.000159266	0.112843
0.000160559	0.0902219
0.000165959	0.0961238
0.00016925	0.111185
0.000196127	0.0969657
0.000214628	0.0893774
0.00022252	0.0978067
0.00022252	0.0978067
0.000241071	0.0986468
0.000255829	0.0994857
0.000260717	0.0885319
0.000265062	0.100326
0.00026823	0.110355
0.000276971	0.101164
0.000292038	0.102004
0.000307436	0.0876854
0.000314316	0.102843
0.000331544	0.113672
0.000338468	0.10368
0.000344889	0.109523
0.000365558	0.0868405
0.000369346	0.104516
0.000390186	0.108689
0.000407773	0.105352
0.000424721	0.0859941
0.000428421	0.107855
0.000443118	0.106186
0.000450395	0.107021
0.000484398	0.119447
0.000499985	0.0851494
0.000502831	0.1145
0.000532315	0.120268
0.000576144	0.0843034
0.000634033	0.115328
0.00065382	0.0834577
0.000732336	0.0826112
0.000757087	0.12436
0.000784734	0.0817641
0.000808859	0.116155
0.000833448	0.0809161
0.000898249	0.0800698
0.000946803	0.118626
0.000962717	0.0792222
0.000988366	0.121088
0.0010502	0.11698
0.0010536	0.0783763
0.00115172	0.0775295
0.00119235	0.117803
0.00121157	0.123544
0.00122528	0.121909
0.00122929	0.0766826
0.00124507	0.122728
0.00130767	0.0758352
0.00135457	0.0749879
0.00139343	0.0741398
0.00139343	0.0741398
0.00145746	0.0732934
0.00152171	0.0724461
0.00153227	0.000456317
0.00156647	0.125175
0.00162638	0.0716004
0.0017493	0.0707541
0.00179425	0.000354999
0.00183587	0.0699078
0.00190423	0.145858
0.00192462	0.0690614
0.00200141	0.0682153
0.0020334	0.128421
0.00208211	0.0673691
0.00215935	0.0665235
0.00221612	0.132452
0.00224179	0.0656779
0.00232113	0.0648328
0.00240484	0.0639878
0.00248625	0.0631434
0.00256697	0.129229
0.00257203	0.0622991
0.00261223	0.145084
0.00262159	0.131647
0.00265578	0.0614555
0.00274433	0.060612
0.00283002	0.0597694
0.00283579	0.146632
0.00292181	0.0589267
0.00301446	0.0580851
0.00310184	0.0572435
0.00317775	0.0564031
0.00328	0.0555626
0.00337711	0.138819
0.00338413	0.0547234
0.00338689	0.139608
0.00348306	0.0538842
0.0035805	0.0530463
0.00368066	0.0522086
0.00368221	0.130842
0.00378356	0.0513722
0.00378977	0.133252
0.00388276	0.130036
0.00388743	0.0505361
0.00393488	0.000262319
0.00394116	0.127613
0.00394291	0.147401
0.00398417	0.138029
0.00399539	0.0497014
0.00399539	0.0497014
0.00403481	0.125988
0.00410255	0.0488669
0.00421841	0.048034
0.00433549	0.0472014
0.00435007	0.140397
0.00435852	0.144306
0.0043998	0.000572092
0.00443584	0.14817
0.00447131	0.0463705
0.00458619	0.148541
0.00459488	0.0455399
0.00464122	0.137238
0.00466432	0.148912
0.00476516	0.0447112
0.00487091	0.149283
0.00491466	0.0438826
0.00491974	0.0432186
0.00494728	0.0425547
0.00511145	0.0418814
0.00516502	0.136443
0.00516787	0.126801
0.0051796	0.149496
0.00531059	0.0412082
0.00537164	0.0398444
0.00540049	0.0405259
0.00553834	0.039153
0.00553834	0.039153
0.005569	0.135647
0.00559486	0.134051
0.00569073	0.000188002
0.00571491	0.141182
0.00578986	0.0384625
0.00581044	0.149603
0.00581293	0.0370652
0.00583937	0.0377634
0.0058655	0.143527
0.00600163	0.0363576
0.00601247	0.13485
0.00633619	0.0356509
0.00638002	0.0342241
0.00640429	0.0349369
0.0065197	0.000690801
0.00656214	0.0335023
0.00668798	0.141966
0.00674741	0.142747
0.00682058	0.0327822
0.00693945	0.0320552
0.00703721	0.0313298
0.00716172	0.149656
0.00718453	0.0305971
0.00730832	0.0298666
0.00751792	0.0291293
0.00783305	0.028394
0.00790456	0.000821378
0.00796018	0.0276544
0.00798897	0.0269173
0.0081906	0.0261741
0.00844627	0.000128905
0.00845488	0.025434
0.00861351	0.0246907
0.00875493	0.0239499
0.00884518	0.149683
0.00902573	0.0232065
0.00927149	0.000948577
0.00938242	0.0224653
0.0095869	0.0217252
0.00975044	0.0209874
0.00998551	0.0202499
0.0102553	0.0195158
0.0103656	0.00108578
0.0105161	0.0187837
0.01053	0.149696
0.0107975	0.0180555
0.0109023	0.149703
0.0110593	0.0173306
0.0113348	0.0166104
0.0113556	0.00121571
0.0114335	9.16272e-05
0.0116112	0.0158947
0.011933	0.0151843
0.0122258	0.00135359
0.0122279	0.0144803
0.0125428	0.0137824
0.0128431	0.0130921
0.0131622	0.012409
0.0131935	0.00148162
0.0134449	0.011735
0.0136558	0.0110691
0.0137249	0.00161491
0.0140541	0.0104136
0.0144566	0.00196225
0.0146311	0.00976589
0.0147711	7.51027e-05
0.0150077	0.00913456
0.0153223	0.00851326
0.0155357	0.00233484
0.0155667	0.0079052
0.0159501	0.00731205
0.0161573	0.0027378
0.016208	0.00673192
0.0162603	0.00616997
0.016552	0.00562091
0.016552	0.00562091
0.0166507	0.00316129
0.0167492	0.00508729
0.0168229	0.00361403
0.0168619	0.00408281
0.0168899	0.0045785
0.0180128	8.24209e-05
)
