(title "Skin Friction Coefficient")
(labels "Skin Friction Coefficient" "Position")

((xy/key/label "middleplane_pressureside")
4.52252e-05	0.0935954
4.5244e-05	0.0944376
5.8889e-05	0.0927515
7.55853e-05	0.0952813
0.000100171	0.118626
0.000103006	0.0961238
0.00011128	0.0919092
0.000115216	0.117803
0.000132525	0.0969657
0.000134349	0.11698
0.000163058	0.0978067
0.000163058	0.0978067
0.000165391	0.0910655
0.000170549	0.116155
0.000193613	0.0986468
0.000225408	0.0902219
0.000225417	0.0994857
0.000226406	0.115328
0.000254461	0.100326
0.000254572	0.119447
0.000283086	0.101164
0.000284242	0.0893774
0.000304255	0.102004
0.000314269	0.107021
0.000318963	0.106186
0.000319206	0.102843
0.000322827	0.107855
0.000324214	0.10368
0.000324435	0.105352
0.000327457	0.104516
0.000332028	0.0885319
0.000333457	0.1145
0.000348267	0.108689
0.00037887	0.0876854
0.000380414	0.109523
0.000409927	0.110355
0.000436229	0.0868405
0.000436389	0.111185
0.000443105	0.113672
0.000460615	0.112015
0.000460615	0.112015
0.000477491	0.112843
0.000492819	0.0859941
0.00056602	0.0851494
0.000624913	0.123544
0.00064078	0.0843034
0.000717101	0.0834577
0.00079522	0.0826112
0.000828874	0.12436
0.000829058	0.120268
0.000845449	0.0817641
0.000891944	0.0809161
0.000954844	0.0800698
0.00101787	0.0792222
0.00110706	0.0783763
0.00120331	0.0775295
0.00127877	0.0766826
0.00132181	0.122728
0.00135562	0.0758352
0.00139814	0.0749879
0.00143456	0.0741398
0.00143456	0.0741398
0.00146043	0.000456317
0.00149653	0.0732934
0.00155811	0.0724461
0.001582	0.121088
0.00166228	0.0716004
0.00178369	0.0707541
0.00180502	0.000354999
0.00182131	0.121909
0.00185606	0.125175
0.00186935	0.0699078
0.00192813	0.133252
0.00195526	0.0690614
0.00203097	0.0682153
0.00210904	0.0673691
0.00218467	0.0665235
0.0022657	0.0656779
0.00234266	0.0648328
0.00242628	0.0639878
0.00250509	0.0631434
0.0025267	0.128421
0.00253377	0.143527
0.0025909	0.0622991
0.00267244	0.0614555
0.00276031	0.060612
0.00277519	0.134051
0.00281374	0.129229
0.00284535	0.0597694
0.0028658	0.125988
0.00293599	0.0589267
0.00294741	0.147401
0.00300448	0.142747
0.00302878	0.0580851
0.003042	0.137238
0.00308938	0.14817
0.00311361	0.0572435
0.0031897	0.0564031
0.00320334	0.144306
0.00328983	0.0555626
0.00330424	0.146632
0.00339442	0.0547234
0.00349091	0.136443
0.00349143	0.0538842
0.00356443	0.126801
0.00357269	0.145858
0.00358833	0.0530463
0.00367761	0.145084
0.00368826	0.0522086
0.0037557	0.132452
0.00376251	0.13485
0.00379061	0.0513722
0.0038011	0.000262319
0.00384775	0.127613
0.00389531	0.0505361
0.00393034	0.148541
0.00400033	0.0497014
0.00400033	0.0497014
0.00410626	0.135647
0.00411061	0.0488669
0.00422387	0.048034
0.0043412	0.0472014
0.0043427	0.000572092
0.00447662	0.0463705
0.00456973	0.148912
0.00459852	0.0455399
0.00459967	0.138029
0.0047658	0.0447112
0.00479127	0.149283
0.00481532	0.141966
0.00490947	0.0438826
0.00492971	0.0432186
0.00494312	0.149496
0.00495642	0.0425547
0.00511086	0.0418814
0.00515394	0.149603
0.00531387	0.0412082
0.00535396	0.000188002
0.00537373	0.0398444
0.00540352	0.0405259
0.00553998	0.039153
0.00553998	0.039153
0.00576388	0.149656
0.00579187	0.0384625
0.00581493	0.0370652
0.00584139	0.0377634
0.00600384	0.0363576
0.00633732	0.0356509
0.0063815	0.0342241
0.00640504	0.0349369
0.00652567	0.130036
0.00653206	0.000690801
0.00656253	0.0335023
0.00665887	0.149683
0.00682058	0.0327822
0.00694076	0.0320552
0.00703728	0.0313298
0.00705729	0.141182
0.00718538	0.0305971
0.00729996	0.131647
0.00730878	0.0298666
0.00733352	0.138819
0.00751885	0.0291293
0.00771991	0.149696
0.00783446	0.028394
0.00794344	0.000821378
0.00795976	0.0276544
0.00799046	0.0269173
0.00804682	0.000128905
0.00807016	0.149703
0.00819174	0.0261741
0.00845614	0.025434
0.00861512	0.0246907
0.00865369	0.130842
0.00870928	0.140397
0.00875593	0.0239499
0.00892705	0.139608
0.00902717	0.0232065
0.00933646	0.000948577
0.00938416	0.0224653
0.00958948	0.0217252
0.0097531	0.0209874
0.00998794	0.0202499
0.0102587	0.0195158
0.0104311	0.00108578
0.0105194	0.0187837
0.0108017	0.0180555
0.011064	0.0173306
0.0110879	9.16272e-05
0.0113397	0.0166104
0.0114204	0.00121571
0.0116172	0.0158947
0.0119392	0.0151843
0.0122349	0.0144803
0.0122876	0.00135359
0.0125509	0.0137824
0.0128517	0.0130921
0.0131719	0.012409
0.0132534	0.00148162
0.0134558	0.011735
0.0136678	0.0110691
0.0137789	0.00161491
0.0140674	0.0104136
0.0145071	0.00196225
0.0145334	7.51027e-05
0.0146464	0.00976589
0.0150249	0.00913456
0.0153415	0.00851326
0.0155852	0.00233484
0.0155876	0.0079052
0.0159729	0.00731205
0.016203	0.0027378
0.0162325	0.00673192
0.0162869	0.00616997
0.016582	0.00562091
0.016582	0.00562091
0.0166941	0.00316129
0.0167822	0.00508729
0.0168638	0.00361403
0.0168999	0.00408281
0.0169258	0.0045785
0.0178256	8.24209e-05
)
