(title "Skin Friction Coefficient")
(labels "Skin Friction Coefficient" "Position")

((xy/key/label "middleplane_pressureside")
4.56896e-05	0.0927515
6.5469e-05	0.0935954
7.2008e-05	0.0919092
8.68606e-05	0.0944376
0.000106973	0.0910655
0.000111403	0.0952813
0.000134586	0.0961238
0.00015837	0.0969657
0.000159937	0.0902219
0.00018102	0.1145
0.000185726	0.0978067
0.000185726	0.0978067
0.000190991	0.106186
0.000192088	0.107021
0.000213289	0.0893774
0.000214203	0.0986468
0.000214561	0.115328
0.000228495	0.105352
0.000228826	0.107855
0.000246876	0.0994857
0.00025965	0.0885319
0.000271577	0.104516
0.000276493	0.100326
0.000283508	0.108689
0.000295558	0.10368
0.000300031	0.101164
0.000306214	0.0876854
0.000310026	0.102843
0.000311259	0.102004
0.000331183	0.113672
0.000345717	0.109523
0.000362581	0.0868405
0.00039465	0.116155
0.000418882	0.0859941
0.000430162	0.110355
0.000491249	0.0851494
0.00054669	0.112843
0.000554823	0.111185
0.000565086	0.0843034
0.000635168	0.112015
0.000635168	0.112015
0.000637994	0.11698
0.000641686	0.0834577
0.000711222	0.118626
0.000719473	0.0826112
0.000725512	0.119447
0.000771304	0.0817641
0.000819641	0.0809161
0.000851436	0.117803
0.000884293	0.0800698
0.000949125	0.0792222
0.000961308	0.125175
0.00103925	0.0783763
0.00105837	0.12436
0.00113615	0.0775295
0.00121383	0.0766826
0.00122154	0.130036
0.00129237	0.0758352
0.00133838	0.0749879
0.00136823	0.120268
0.00137831	0.0741398
0.00137831	0.0741398
0.00140705	0.130842
0.00144298	0.0732934
0.00145531	0.000456317
0.00150728	0.0724461
0.00161293	0.0716004
0.00167627	0.131647
0.00173524	0.0707541
0.00176619	0.132452
0.00182202	0.0699078
0.0018724	0.123544
0.00191042	0.0690614
0.00191312	0.000354999
0.00195801	0.121088
0.00197073	0.125988
0.00198763	0.0682153
0.00206837	0.0673691
0.00210665	0.129229
0.00211176	0.122728
0.00212839	0.121909
0.002146	0.0665235
0.00222856	0.0656779
0.00230797	0.0648328
0.0023167	0.133252
0.00239242	0.0639878
0.00247379	0.0631434
0.00256051	0.0622991
0.00264382	0.0614555
0.00268653	0.149603
0.00270317	0.149496
0.00273325	0.060612
0.00281871	0.149283
0.00281937	0.0597694
0.00284338	0.126801
0.00291198	0.0589267
0.00295357	0.148912
0.00300464	0.0580851
0.00309138	0.0572435
0.00311848	0.149656
0.00316738	0.148541
0.00316853	0.0564031
0.00321885	0.128421
0.00325145	0.14817
0.00327022	0.0555626
0.00335264	0.127613
0.00337324	0.138819
0.00337495	0.0547234
0.00344402	0.139608
0.0034732	0.0538842
0.00351392	0.147401
0.00353668	0.144306
0.00354943	0.143527
0.00357177	0.0530463
0.00365675	0.134051
0.00366042	0.140397
0.00367244	0.0522086
0.0036749	0.138029
0.00377563	0.0513722
0.00382196	0.142747
0.00382288	0.145084
0.00386546	0.146632
0.0038798	0.0505361
0.00393937	0.141182
0.00395186	0.145858
0.00397267	0.149683
0.00398745	0.0497014
0.00398745	0.0497014
0.00403221	0.141966
0.00409593	0.0488669
0.00415013	0.000262319
0.00421016	0.048034
0.00428932	0.000572092
0.00432812	0.0472014
0.0044636	0.0463705
0.00458702	0.0455399
0.00472518	0.137238
0.00475529	0.0447112
0.00483941	0.149696
0.00490267	0.0438826
0.00491723	0.0432186
0.00494455	0.0425547
0.00510274	0.0418814
0.00526175	0.149703
0.00530421	0.0412082
0.00536475	0.0398444
0.00539374	0.0405259
0.00553122	0.039153
0.00553122	0.039153
0.005677	0.13485
0.00578282	0.0384625
0.00580652	0.0370652
0.00582935	0.000188002
0.00583259	0.0377634
0.00599494	0.0363576
0.00630219	0.136443
0.006329	0.0356509
0.00637356	0.0342241
0.00639726	0.0349369
0.00642183	0.000690801
0.00655499	0.0335023
0.00681309	0.0327822
0.00693286	0.0320552
0.00697754	0.135647
0.00703001	0.0313298
0.00717787	0.0305971
0.0073014	0.0298666
0.00751155	0.0291293
0.0077957	0.000821378
0.00782667	0.028394
0.00795211	0.0276544
0.007982	0.0269173
0.00818378	0.0261741
0.00844761	0.025434
0.00852138	0.000128905
0.00860639	0.0246907
0.00874718	0.0239499
0.00901789	0.0232065
0.00916565	0.000948577
0.00937422	0.0224653
0.00957926	0.0217252
0.00974212	0.0209874
0.00997664	0.0202499
0.0102467	0.0195158
0.0102569	0.00108578
0.0105067	0.0187837
0.0107882	0.0180555
0.0110492	0.0173306
0.0112497	0.00121571
0.0113243	0.0166104
0.0114846	9.16272e-05
0.0116005	0.0158947
0.0119215	0.0151843
0.0121226	0.00135359
0.0122165	0.0144803
0.0125304	0.0137824
0.01283	0.0130921
0.0130944	0.00148162
0.0131483	0.012409
0.0134297	0.011735
0.0136362	0.00161491
0.0136394	0.0110691
0.0140369	0.0104136
0.0143752	0.00196225
0.0146122	0.00976589
0.0148249	7.51027e-05
0.0149864	0.00913456
0.0152982	0.00851326
0.0154561	0.00233484
0.0155408	0.0079052
0.0159231	0.00731205
0.0160873	0.0027378
0.0161792	0.00673192
0.0162274	0.00616997
0.0165137	0.00562091
0.0165137	0.00562091
0.0165879	0.00316129
0.016706	0.00508729
0.0167663	0.00361403
0.0168112	0.00408281
0.0168425	0.0045785
0.0180782	8.24209e-05
)
