(title "Skin Friction Coefficient")
(labels "Skin Friction Coefficient" "Position")

((xy/key/label "middleplane_pressureside")
4.29429e-05	0.0927515
5.50772e-05	0.0919092
7.91169e-05	0.0935954
8.42708e-05	0.0910655
0.000110776	0.0944376
0.000139403	0.0952813
0.000141615	0.0902219
0.000164728	0.0961238
0.000189667	0.0969657
0.000198372	0.0893774
0.000217708	0.0978067
0.000217708	0.0978067
0.000246024	0.0986468
0.000247059	0.0885319
0.000277396	0.0994857
0.000294575	0.0876854
0.000306313	0.100326
0.000312815	0.1145
0.000321863	0.115328
0.000322397	0.113672
0.00032979	0.107021
0.000329837	0.106186
0.000332116	0.112843
0.000332385	0.101164
0.000335268	0.105352
0.000341526	0.107855
0.000345349	0.104516
0.0003466	0.112015
0.0003466	0.112015
0.00034765	0.102004
0.000351523	0.0868405
0.000353072	0.10368
0.000353666	0.116155
0.000355859	0.102843
0.000358291	0.108689
0.000368539	0.111185
0.000373935	0.109523
0.000380361	0.110355
0.00039223	0.120268
0.000401507	0.119447
0.000404986	0.11698
0.000408071	0.0859941
0.000480696	0.0851494
0.000482803	0.117803
0.000491117	0.118626
0.0005196	0.121088
0.000554728	0.0843034
0.000631437	0.0834577
0.000709943	0.0826112
0.000721433	0.121909
0.000763102	0.0817641
0.000812959	0.0809161
0.000878678	0.0800698
0.000944094	0.0792222
0.00097899	0.122728
0.0010345	0.0783763
0.00113127	0.0775295
0.00120142	0.12436
0.0012084	0.0766826
0.0012345	0.123544
0.00128135	0.148912
0.00128613	0.0758352
0.00133176	0.0749879
0.00136864	0.149283
0.00137164	0.0741398
0.00137164	0.0741398
0.00140987	0.125175
0.00142725	0.148541
0.00143566	0.0732934
0.00148692	0.000456317
0.00150042	0.0724461
0.00153501	0.149496
0.00160587	0.0716004
0.00168504	0.14817
0.00172828	0.0707541
0.00175364	0.149603
0.00181535	0.0699078
0.00184525	0.000354999
0.00190315	0.0690614
0.00198062	0.0682153
0.00203621	0.142747
0.00204272	0.143527
0.00206048	0.0673691
0.0021359	0.128421
0.00213788	0.0665235
0.00214036	0.147401
0.00215674	0.149656
0.00222022	0.0656779
0.002299	0.0648328
0.00238376	0.0639878
0.00240827	0.141966
0.00246435	0.0631434
0.00253921	0.144306
0.00255127	0.0622991
0.00259068	0.141182
0.00260215	0.146632
0.00263406	0.0614555
0.00263751	0.125988
0.00268163	0.140397
0.00271445	0.149683
0.00272332	0.060612
0.00280619	0.139608
0.00280929	0.0597694
0.00285672	0.127613
0.00290148	0.0589267
0.00290559	0.145858
0.00293593	0.145084
0.00299477	0.0580851
0.0030704	0.138819
0.00308079	0.0572435
0.00308719	0.129229
0.00315817	0.0564031
0.00325975	0.0555626
0.00327797	0.149703
0.00327804	0.149696
0.00336431	0.0547234
0.00346203	0.0538842
0.00356008	0.0530463
0.00360721	0.126801
0.00361722	0.138029
0.00366155	0.0522086
0.00376483	0.0513722
0.00386898	0.0505361
0.00392981	0.000262319
0.00397587	0.0497014
0.00397587	0.0497014
0.00408555	0.0488669
0.00419941	0.048034
0.00431746	0.0472014
0.00434213	0.000572092
0.00445221	0.130036
0.0044531	0.0463705
0.00457598	0.0455399
0.0047444	0.0447112
0.00486488	0.131647
0.0048888	0.137238
0.00489082	0.0438826
0.00490662	0.0432186
0.00493409	0.0425547
0.0049466	0.132452
0.00509168	0.0418814
0.00521595	0.130842
0.00529334	0.0412082
0.00535452	0.0398444
0.00538426	0.0405259
0.00552168	0.039153
0.00552168	0.039153
0.00555015	0.000188002
0.00577289	0.0384625
0.00579714	0.0370652
0.00582268	0.0377634
0.00598598	0.0363576
0.00631932	0.0356509
0.00636492	0.0342241
0.00638696	0.0349369
0.00648597	0.136443
0.00648769	0.000690801
0.00654592	0.0335023
0.00668655	0.133252
0.00680406	0.0327822
0.0069242	0.0320552
0.00702144	0.0313298
0.00709466	0.135647
0.00716951	0.0305971
0.00721205	0.13485
0.00729322	0.0298666
0.00750287	0.0291293
0.00758672	0.134051
0.00781793	0.028394
0.00787996	0.000821378
0.00794479	0.0276544
0.00797548	0.0269173
0.00817657	0.0261741
0.00825594	0.000128905
0.00844108	0.025434
0.00859975	0.0246907
0.00874117	0.0239499
0.00901241	0.0232065
0.00925812	0.000948577
0.00936922	0.0224653
0.00957419	0.0217252
0.00973773	0.0209874
0.00997303	0.0202499
0.0102433	0.0195158
0.0103494	0.00108578
0.010504	0.0187837
0.010786	0.0180555
0.0110479	0.0173306
0.0112691	9.16272e-05
0.0113235	0.0166104
0.011338	0.00121571
0.0116006	0.0158947
0.0119222	0.0151843
0.0122057	0.00135359
0.0122178	0.0144803
0.012533	0.0137824
0.0128333	0.0130921
0.0131529	0.012409
0.0131722	0.00148162
0.013436	0.011735
0.0136473	0.0110691
0.0137042	0.00161491
0.014046	0.0104136
0.0144371	0.00196225
0.0146234	0.00976589
0.0146734	7.51027e-05
0.0150003	0.00913456
0.0153151	0.00851326
0.0155171	0.00233484
0.0155599	0.0079052
0.0159437	0.00731205
0.016142	0.0027378
0.016202	0.00673192
0.0162542	0.00616997
0.0165453	0.00562091
0.0165453	0.00562091
0.0166382	0.00316129
0.0167419	0.00508729
0.0168128	0.00361403
0.0168535	0.00408281
0.0168822	0.0045785
0.0179475	8.24209e-05
)
