(title "Skin Friction Coefficient")
(labels "Skin Friction Coefficient" "Position")

((xy/key/label "middleplane_pressureside")
1.5113e-05	0.0927515
4.65806e-05	0.0935954
6.03602e-05	0.0919092
8.7421e-05	0.0944376
0.000114009	0.0910655
0.000125916	0.0952813
0.000159471	0.0961238
0.000171914	0.0902219
0.000179478	0.117803
0.00018959	0.0969657
0.0002183	0.0978067
0.0002183	0.0978067
0.000228493	0.0893774
0.000235663	0.11698
0.000243011	0.0986468
0.000268126	0.0994857
0.000276482	0.0885319
0.00029088	0.100326
0.000309681	0.118626
0.000316658	0.101164
0.000324654	0.0876854
0.000325795	0.119447
0.000341227	0.102004
0.000342996	0.116155
0.000365341	0.102843
0.000371619	0.108689
0.00037324	0.107855
0.000382254	0.10368
0.000382822	0.109523
0.000383841	0.0868405
0.000384884	0.107021
0.000395969	0.104516
0.000398858	0.106186
0.000401144	0.110355
0.00040202	0.105352
0.000427627	0.115328
0.000429373	0.111185
0.000443252	0.0859941
0.000447012	0.120268
0.000479914	0.112015
0.000479914	0.112015
0.000501653	0.1145
0.000518716	0.0851494
0.000540537	0.112843
0.000551546	0.113672
0.00059486	0.0843034
0.000672181	0.0834577
0.000750402	0.0826112
0.000801889	0.0817641
0.000849788	0.0809161
0.000914102	0.0800698
0.000978175	0.0792222
0.000980205	0.121088
0.00106858	0.0783763
0.00116657	0.0775295
0.0012441	0.0766826
0.00132176	0.0758352
0.00133039	0.125175
0.00136692	0.0749879
0.00140524	0.0741398
0.00140524	0.0741398
0.00146766	0.0732934
0.00150316	0.000456317
0.00153088	0.0724461
0.00153218	0.121909
0.0016352	0.0716004
0.00175738	0.0707541
0.00181279	0.000354999
0.00184366	0.0699078
0.00187995	0.12436
0.00193137	0.0690614
0.00198804	0.122728
0.00200814	0.0682153
0.00208772	0.0673691
0.00216471	0.0665235
0.00224614	0.0656779
0.00226238	0.136443
0.0022787	0.123544
0.00228504	0.125988
0.00232457	0.0648328
0.00240797	0.0639878
0.00248802	0.0631434
0.00257398	0.0622991
0.00263181	0.133252
0.00264346	0.135647
0.00265629	0.0614555
0.00274519	0.060612
0.00281785	0.145858
0.00283058	0.0597694
0.00292219	0.0589267
0.00292618	0.145084
0.00295042	0.128421
0.00295989	0.14817
0.00301459	0.0580851
0.00306587	0.148541
0.00310086	0.0572435
0.00317746	0.0564031
0.00317847	0.147401
0.00317876	0.146632
0.00326782	0.148912
0.00327838	0.0555626
0.00338274	0.0547234
0.00339449	0.134051
0.00344726	0.144306
0.00348007	0.0538842
0.00353972	0.129229
0.00357783	0.0530463
0.00359016	0.149283
0.00367802	0.0522086
0.0036957	0.13485
0.00378072	0.0513722
0.00385345	0.000262319
0.00388463	0.0505361
0.00396789	0.149496
0.0039918	0.0497014
0.0039918	0.0497014
0.0040343	0.132452
0.00408417	0.126801
0.00410073	0.0488669
0.00411131	0.143527
0.00421496	0.048034
0.00433269	0.0472014
0.00435476	0.137238
0.00436766	0.000572092
0.004468	0.0463705
0.00447273	0.149603
0.00459066	0.0455399
0.00475113	0.127613
0.00475888	0.0447112
0.00490484	0.0438826
0.00491932	0.0432186
0.00494707	0.0425547
0.00503518	0.142747
0.00510517	0.0418814
0.00530648	0.0412082
0.00536713	0.0398444
0.00539653	0.0405259
0.00547592	0.000188002
0.00548195	0.149656
0.00553391	0.039153
0.00553391	0.039153
0.00578552	0.0384625
0.00580873	0.0370652
0.00583513	0.0377634
0.0059978	0.0363576
0.00627674	0.141966
0.00633125	0.0356509
0.00637559	0.0342241
0.00639874	0.0349369
0.00651718	0.000690801
0.00655718	0.0335023
0.0067826	0.149683
0.00681519	0.0327822
0.00684522	0.131647
0.00693449	0.0320552
0.00700463	0.130036
0.00703175	0.0313298
0.00717937	0.0305971
0.00730354	0.0298666
0.00751365	0.0291293
0.00765416	0.138029
0.00782965	0.028394
0.00791521	0.000821378
0.00792123	0.141182
0.00795439	0.0276544
0.00798395	0.0269173
0.00814351	0.130842
0.00815686	0.149696
0.00818663	0.0261741
0.00819335	0.000128905
0.00845061	0.025434
0.00860985	0.0246907
0.00862201	0.149703
0.00875076	0.0239499
0.00902176	0.0232065
0.00929601	0.000948577
0.00937865	0.0224653
0.00951641	0.140397
0.0095835	0.0217252
0.00974741	0.0209874
0.00998215	0.0202499
0.0100046	0.138819
0.0102526	0.0195158
0.0103887	0.00108578
0.0104764	0.139608
0.0105134	0.0187837
0.0107952	0.0180555
0.0110576	0.0173306
0.0112215	9.16272e-05
0.0113329	0.0166104
0.0113769	0.00121571
0.01161	0.0158947
0.0119319	0.0151843
0.0122271	0.0144803
0.0122438	0.00135359
0.0125429	0.0137824
0.0128432	0.0130921
0.0131629	0.012409
0.0132091	0.00148162
0.0134463	0.011735
0.0136577	0.0110691
0.0137375	0.00161491
0.0140567	0.0104136
0.0144676	0.00196225
0.0146346	0.00976589
0.014638	7.51027e-05
0.0150121	0.00913456
0.0153276	0.00851326
0.0155469	0.00233484
0.0155728	0.0079052
0.015957	0.00731205
0.0161683	0.0027378
0.0162157	0.00673192
0.0162688	0.00616997
0.0165616	0.00562091
0.0165616	0.00562091
0.016662	0.00316129
0.0167595	0.00508729
0.0168345	0.00361403
0.0168733	0.00408281
0.016901	0.0045785
0.0179159	8.24209e-05
)
