(title "Skin Friction Coefficient")
(labels "Skin Friction Coefficient" "Position")

((xy/key/label "middleplane_pressureside")
3.46928e-05	0.0927515
6.54198e-05	0.0935954
6.75525e-05	0.0919092
0.00010058	0.0944376
0.000112122	0.0910655
0.000133147	0.0952813
0.000158945	0.0961238
0.000169156	0.0902219
0.000180178	0.0969657
0.000198555	0.108689
0.00020044	0.0978067
0.00020044	0.0978067
0.00020779	0.109523
0.000212437	0.116155
0.000214756	0.107855
0.000218072	0.0986468
0.000223985	0.0893774
0.000228693	0.11698
0.000230695	0.110355
0.000240829	0.0994857
0.000267211	0.100326
0.000269808	0.0885319
0.000270556	0.107021
0.000302131	0.101164
0.000311165	0.111185
0.00031515	0.0876854
0.000337372	0.102004
0.000345181	0.106186
0.000367897	0.102843
0.00037121	0.0868405
0.00038573	0.105352
0.00038851	0.10368
0.000397152	0.104516
0.000428344	0.0859941
0.000460344	0.115328
0.000499364	0.112015
0.000499364	0.112015
0.000502197	0.0851494
0.000577965	0.0843034
0.000651167	0.1145
0.000655688	0.0834577
0.000719503	0.112843
0.000721638	0.117803
0.000734762	0.0826112
0.000748198	0.145084
0.000763705	0.120268
0.000785184	0.113672
0.00078685	0.0817641
0.000835186	0.0809161
0.000852118	0.121088
0.000899415	0.0800698
0.000963184	0.0792222
0.00105252	0.0783763
0.00114895	0.0775295
0.00118465	0.134051
0.00122566	0.0766826
0.00127465	0.145858
0.00130376	0.0758352
0.00132767	0.118626
0.00134928	0.0749879
0.00138834	0.0741398
0.00138834	0.0741398
0.0014523	0.0732934
0.00148618	0.000456317
0.00150944	0.135647
0.00151239	0.149283
0.00151573	0.0724461
0.00153249	0.119447
0.00153349	0.13485
0.00156761	0.136443
0.00161276	0.144306
0.0016205	0.0716004
0.00165474	0.148912
0.00173002	0.149496
0.00174222	0.0707541
0.00182843	0.0699078
0.00183977	0.133252
0.00184882	0.000354999
0.00190428	0.12436
0.00191584	0.0690614
0.00199237	0.0682153
0.00207211	0.0673691
0.00214893	0.0665235
0.00216559	0.148541
0.0022029	0.121909
0.00223126	0.0656779
0.00225072	0.149603
0.00230988	0.0648328
0.0023277	0.146632
0.0023944	0.0639878
0.00242015	0.128421
0.00247487	0.0631434
0.00256119	0.0622991
0.00261118	0.14817
0.00264373	0.0614555
0.00270035	0.125175
0.00273215	0.060612
0.00274228	0.123544
0.00281791	0.0597694
0.00287432	0.147401
0.00288298	0.137238
0.00290956	0.0589267
0.00295781	0.127613
0.0030025	0.0580851
0.00306309	0.122728
0.00308174	0.149656
0.0030884	0.0572435
0.00316534	0.0564031
0.00326703	0.0555626
0.00337156	0.0547234
0.00346938	0.0538842
0.00356708	0.0530463
0.00362215	0.143527
0.0036683	0.0522086
0.00373894	0.129229
0.00377128	0.0513722
0.00387528	0.0505361
0.00394233	0.000262319
0.00396767	0.132452
0.00398197	0.0497014
0.00398197	0.0497014
0.00399891	0.149683
0.00409133	0.0488669
0.00410085	0.126801
0.0041491	0.125988
0.00420545	0.048034
0.00429872	0.149703
0.00432328	0.0472014
0.00434299	0.000572092
0.0044593	0.0463705
0.00458202	0.0455399
0.0047493	0.149696
0.00475012	0.0447112
0.00484386	0.138029
0.00489621	0.0438826
0.00491237	0.0432186
0.00493977	0.0425547
0.00500827	0.142747
0.00509693	0.0418814
0.00529877	0.0412082
0.00535959	0.0398444
0.00538931	0.0405259
0.00546196	0.141966
0.00547418	0.130036
0.00552671	0.039153
0.00552671	0.039153
0.00556809	0.000188002
0.00577783	0.0384625
0.00580225	0.0370652
0.00582774	0.0377634
0.00583521	0.131647
0.00583748	0.141182
0.00599045	0.0363576
0.00605638	0.138819
0.00623689	0.130842
0.00629488	0.140397
0.00632453	0.0356509
0.00636992	0.0342241
0.00639244	0.0349369
0.00641607	0.139608
0.00649018	0.000690801
0.00655098	0.0335023
0.00680906	0.0327822
0.00692944	0.0320552
0.00702643	0.0313298
0.00717448	0.0305971
0.00729785	0.0298666
0.00750735	0.0291293
0.00782228	0.028394
0.00788249	0.000821378
0.00794978	0.0276544
0.00798027	0.0269173
0.00818082	0.0261741
0.00827354	0.000128905
0.00844553	0.025434
0.00860398	0.0246907
0.00874566	0.0239499
0.00901677	0.0232065
0.00926097	0.000948577
0.0093736	0.0224653
0.00957849	0.0217252
0.00974185	0.0209874
0.0099773	0.0202499
0.0102473	0.0195158
0.0103526	0.00108578
0.0105081	0.0187837
0.0107899	0.0180555
0.0110518	0.0173306
0.0112826	9.16272e-05
0.0113274	0.0166104
0.0113418	0.00121571
0.0116042	0.0158947
0.011926	0.0151843
0.0122102	0.00135359
0.0122214	0.0144803
0.0125364	0.0137824
0.0128368	0.0130921
0.0131562	0.012409
0.0131772	0.00148162
0.0134391	0.011735
0.0136502	0.0110691
0.0137095	0.00161491
0.0140489	0.0104136
0.0144424	0.00196225
0.0146262	0.00976589
0.0146819	7.51027e-05
0.0150029	0.00913456
0.0153176	0.00851326
0.0155221	0.00233484
0.0155622	0.0079052
0.015946	0.00731205
0.0161464	0.0027378
0.0162043	0.00673192
0.0162564	0.00616997
0.0165476	0.00562091
0.0165476	0.00562091
0.0166421	0.00316129
0.0167443	0.00508729
0.0168161	0.00361403
0.0168563	0.00408281
0.0168848	0.0045785
0.0179545	8.24209e-05
)
