(title "Skin Friction Coefficient")
(labels "Skin Friction Coefficient" "Position")

((xy/key/label "middleplane_pressureside")
2.2905e-05	0.0927515
4.0109e-05	0.0935954
7.56705e-05	0.0944376
7.94468e-05	0.0919092
0.000108569	0.0952813
0.000132419	0.0961238
0.000136576	0.0910655
0.000150515	0.0969657
0.000163732	0.11698
0.000167719	0.0978067
0.000167719	0.0978067
0.000185343	0.0986468
0.000195682	0.0902219
0.000210604	0.0994857
0.000217377	0.108689
0.000227268	0.107855
0.000243495	0.100326
0.00024652	0.109523
0.000250967	0.0893774
0.000283963	0.107021
0.000286263	0.101164
0.000295235	0.0885319
0.00030645	0.110355
0.0003128	0.116155
0.000327903	0.117803
0.000330509	0.102004
0.000338531	0.0876854
0.000354269	0.106186
0.000369848	0.102843
0.000390061	0.105352
0.00039308	0.0868405
0.000394629	0.10368
0.000403095	0.104516
0.000404736	0.111185
0.000449086	0.0859941
0.000522638	0.0851494
0.000556423	0.112015
0.000556423	0.112015
0.00056915	0.115328
0.000598676	0.0843034
0.00060354	0.120268
0.000676671	0.0834577
0.000691022	0.118626
0.000755768	0.112843
0.000756168	0.0826112
0.000773244	0.121088
0.000789543	0.1145
0.000807684	0.0817641
0.000855127	0.0809161
0.000875172	0.113672
0.000918405	0.0800698
0.000920762	0.119447
0.000981178	0.0792222
0.00106961	0.0783763
0.00115905	0.126801
0.00116541	0.0775295
0.00124149	0.0766826
0.00131938	0.0758352
0.00136439	0.0749879
0.00140318	0.0741398
0.00140318	0.0741398
0.00146724	0.0732934
0.0014847	0.125988
0.00149178	0.000456317
0.0015299	0.0724461
0.00163499	0.0716004
0.00173932	0.130842
0.00175577	0.0707541
0.00179131	0.121909
0.00180482	0.135647
0.00184188	0.0699078
0.00184985	0.000354999
0.00192857	0.0690614
0.00200427	0.0682153
0.00208442	0.0673691
0.0021123	0.136443
0.00216023	0.0665235
0.00224271	0.149603
0.00224334	0.0656779
0.00224833	0.149496
0.00232114	0.0648328
0.00240573	0.0639878
0.00244389	0.149283
0.00248601	0.0631434
0.00249516	0.122728
0.00253326	0.127613
0.00254184	0.149656
0.00256142	0.125175
0.00257173	0.0622991
0.00265487	0.0614555
0.00273373	0.123544
0.00274187	0.060612
0.00278097	0.12436
0.00279366	0.148912
0.00282828	0.0597694
0.00282829	0.130036
0.00291889	0.0589267
0.00301226	0.0580851
0.00306961	0.148541
0.00308393	0.131647
0.0030979	0.0572435
0.00317416	0.0564031
0.00318897	0.149683
0.00320487	0.14817
0.00327649	0.0555626
0.00338025	0.0547234
0.00347939	0.0538842
0.00357593	0.0530463
0.00358355	0.147401
0.00367694	0.0522086
0.00377935	0.0513722
0.00388307	0.0505361
0.00391597	0.13485
0.00391823	0.128421
0.00392145	0.137238
0.00395644	0.149696
0.00398549	0.000262319
0.00398984	0.0497014
0.00398984	0.0497014
0.00408958	0.129229
0.0040975	0.0488669
0.00421331	0.048034
0.00425859	0.140397
0.00432956	0.0472014
0.00433981	0.000572092
0.00441629	0.146632
0.0044665	0.0463705
0.00458947	0.0455399
0.00464312	0.149703
0.00475938	0.0447112
0.00490682	0.0438826
0.00491469	0.0432186
0.00494387	0.0425547
0.00510558	0.0418814
0.00521795	0.138029
0.00530507	0.0412082
0.00530759	0.139608
0.00536607	0.0398444
0.00539467	0.0405259
0.00553254	0.039153
0.00553254	0.039153
0.00564788	0.132452
0.00566049	0.000188002
0.00578413	0.0384625
0.00580707	0.0370652
0.00583354	0.0377634
0.00599628	0.0363576
0.00602984	0.145858
0.0061635	0.134051
0.0062038	0.138819
0.00633016	0.0356509
0.00637469	0.0342241
0.00639838	0.0349369
0.00647023	0.000690801
0.00655695	0.0335023
0.00672793	0.141182
0.00681506	0.0327822
0.00691347	0.133252
0.0069339	0.0320552
0.00703153	0.0313298
0.0071786	0.0305971
0.00730261	0.0298666
0.00751174	0.0291293
0.00782709	0.028394
0.00785124	0.000821378
0.00795481	0.0276544
0.00798364	0.0269173
0.008185	0.0261741
0.00835537	0.145084
0.00838049	0.000128905
0.00844913	0.025434
0.00860798	0.0246907
0.00874964	0.0239499
0.00902027	0.0232065
0.00921967	0.000948577
0.00937713	0.0224653
0.00958137	0.0217252
0.0097449	0.0209874
0.00998017	0.0202499
0.0102497	0.0195158
0.0103083	0.00108578
0.0104464	0.141966
0.0105103	0.144306
0.0105107	0.0187837
0.0107918	0.0180555
0.0110536	0.0173306
0.0112968	0.00121571
0.0113291	0.0166104
0.0113788	9.16272e-05
0.0116052	0.0158947
0.0117956	0.143527
0.011927	0.0151843
0.012034	0.142747
0.0121654	0.00135359
0.012222	0.0144803
0.0125365	0.0137824
0.0128366	0.0130921
0.0131332	0.00148162
0.0131555	0.012409
0.0134378	0.011735
0.0136482	0.0110691
0.0136697	0.00161491
0.0140464	0.0104136
0.014406	0.00196225
0.0146228	0.00976589
0.0147574	7.51027e-05
0.0149984	0.00913456
0.0153118	0.00851326
0.0154874	0.00233484
0.0155554	0.0079052
0.0159387	0.00731205
0.0161168	0.0027378
0.016196	0.00673192
0.0162462	0.00616997
0.016535	0.00562091
0.016535	0.00562091
0.0166161	0.00316129
0.0167291	0.00508729
0.0167935	0.00361403
0.0168369	0.00408281
0.0168672	0.0045785
0.0180247	8.24209e-05
)
