(title "Skin Friction Coefficient")
(labels "Skin Friction Coefficient" "Position")

((xy/key/label "middleplane_pressureside")
8.28145e-06	0.0944376
3.47816e-05	0.0935954
4.39697e-05	0.0952813
7.72067e-05	0.0961238
7.74638e-05	0.0927515
0.000110983	0.0969657
0.000132027	0.0919092
0.000136281	0.113672
0.000145406	0.0978067
0.000145406	0.0978067
0.000154409	0.1145
0.000178335	0.0986468
0.000186678	0.0910655
0.000210299	0.112843
0.000211014	0.0994857
0.000238496	0.100326
0.000245663	0.0902219
0.000261883	0.101164
0.000269303	0.115328
0.00027677	0.102004
0.000287074	0.102843
0.000291522	0.10368
0.000297536	0.104516
0.000303747	0.0893774
0.000304624	0.105352
0.000316981	0.112015
0.000316981	0.112015
0.00032101	0.106186
0.000350972	0.0885319
0.000351789	0.107021
0.000391762	0.111185
0.000392615	0.107855
0.000397704	0.0876854
0.000415789	0.121088
0.000422906	0.110355
0.000423985	0.108689
0.000430463	0.116155
0.000436359	0.109523
0.00045529	0.0868405
0.000512946	0.0859941
0.000518866	0.120268
0.000586964	0.0851494
0.000603305	0.11698
0.000662407	0.0843034
0.000669108	0.12436
0.000738672	0.0834577
0.000789089	0.117803
0.000816448	0.0826112
0.000865375	0.0817641
0.000910478	0.0809161
0.000951247	0.121909
0.000959894	0.118626
0.000961778	0.119447
0.000969461	0.125175
0.000972472	0.0800698
0.00097774	0.123544
0.00103475	0.0792222
0.00112393	0.0783763
0.0011787	0.122728
0.00122089	0.0775295
0.00129671	0.0766826
0.00137361	0.0758352
0.00141647	0.0749879
0.00145209	0.0741398
0.00145209	0.0741398
0.00145398	0.000456317
0.0015135	0.0732934
0.00157414	0.0724461
0.00167781	0.0716004
0.00179883	0.0707541
0.00186835	0.000354999
0.00188421	0.0699078
0.0019682	0.125988
0.00197043	0.0690614
0.0020458	0.0682153
0.00212456	0.0673691
0.0021564	0.128421
0.00219964	0.0665235
0.00228091	0.0656779
0.00235739	0.0648328
0.00244062	0.0639878
0.00251935	0.0631434
0.00260449	0.0622991
0.00260755	0.129229
0.00268646	0.0614555
0.00277346	0.060612
0.00280913	0.144306
0.00285897	0.0597694
0.00294852	0.0589267
0.00304136	0.0580851
0.00308395	0.145084
0.00312455	0.143527
0.00312594	0.0572435
0.00320191	0.0564031
0.00321063	0.126801
0.0033028	0.0555626
0.00340624	0.0547234
0.00349729	0.141182
0.00350439	0.0538842
0.00358372	0.127613
0.00360017	0.0530463
0.00361912	0.142747
0.00370068	0.0522086
0.00372147	0.141966
0.00376438	0.140397
0.00380205	0.0513722
0.00389738	0.145858
0.00390582	0.0505361
0.00396272	0.000262319
0.00401186	0.0497014
0.00401186	0.0497014
0.00411939	0.0488669
0.00423452	0.048034
0.00431693	0.000572092
0.00435022	0.0472014
0.00437884	0.132452
0.00446285	0.139608
0.00448705	0.0463705
0.00460898	0.0455399
0.00462365	0.149603
0.00477898	0.0447112
0.00484311	0.149496
0.00492553	0.0438826
0.00493271	0.0432186
0.00496176	0.0425547
0.00504827	0.138819
0.00506169	0.146632
0.00512356	0.0418814
0.00520333	0.131647
0.00532309	0.0412082
0.00538332	0.0398444
0.00539809	0.130036
0.00541168	0.0405259
0.00553988	0.000188002
0.0055489	0.039153
0.0055489	0.039153
0.00573327	0.138029
0.00580109	0.0384625
0.00582278	0.0370652
0.00585027	0.0377634
0.00591833	0.149283
0.00601179	0.0363576
0.0060232	0.149656
0.00626732	0.147401
0.00634578	0.0356509
0.00638862	0.0342241
0.00641408	0.0349369
0.00648607	0.000690801
0.00657138	0.0335023
0.00666468	0.137238
0.00682951	0.0327822
0.00683385	0.148912
0.0069264	0.130842
0.00694818	0.0320552
0.00704554	0.0313298
0.00719275	0.0305971
0.0071944	0.14817
0.00731642	0.0298666
0.00732056	0.148541
0.00751009	0.136443
0.00752596	0.0291293
0.00775029	0.133252
0.00784168	0.028394
0.00787638	0.000821378
0.00796807	0.0276544
0.00799733	0.0269173
0.00819883	0.0261741
0.0082213	0.000128905
0.00840469	0.149683
0.00840618	0.135647
0.00846309	0.025434
0.00862189	0.0246907
0.00876288	0.0239499
0.00903382	0.0232065
0.00925681	0.000948577
0.00939076	0.0224653
0.00959562	0.0217252
0.00975904	0.0209874
0.00987429	0.13485
0.00999395	0.0202499
0.0102642	0.0195158
0.0103486	0.00108578
0.010359	0.134051
0.0105249	0.0187837
0.0105812	0.149696
0.0108067	0.0180555
0.0110687	0.0173306
0.0110969	0.149703
0.0112332	9.16272e-05
0.01134	0.00121571
0.011344	0.0166104
0.0116208	0.0158947
0.0119426	0.0151843
0.0122107	0.00135359
0.012238	0.0144803
0.0125531	0.0137824
0.0128533	0.0130921
0.0131727	0.012409
0.0131806	0.00148162
0.0134553	0.011735
0.0136661	0.0110691
0.013716	0.00161491
0.0140649	0.0104136
0.0144516	0.00196225
0.0146424	0.00976589
0.0146431	7.51027e-05
0.0150188	0.00913456
0.0153332	0.00851326
0.0155327	0.00233484
0.0155776	0.0079052
0.0159619	0.00731205
0.0161592	0.0027378
0.0162201	0.00673192
0.0162717	0.00616997
0.0165627	0.00562091
0.0165627	0.00562091
0.0166564	0.00316129
0.016759	0.00508729
0.0168308	0.00361403
0.0168712	0.00408281
0.0168995	0.0045785
0.0179225	8.24209e-05
)
