(title "Skin Friction Coefficient")
(labels "Skin Friction Coefficient" "Position")

((xy/key/label "middleplane_pressureside")
3.42696e-05	0.0927515
4.08289e-05	0.0935954
6.07218e-05	0.0944376
8.76678e-05	0.0919092
9.88344e-05	0.0952813
0.000134453	0.0961238
0.000141267	0.0910655
0.000166547	0.0969657
0.000196651	0.0978067
0.000196651	0.0978067
0.000198512	0.0902219
0.000221557	0.0986468
0.000228833	0.1145
0.000240111	0.115328
0.000245774	0.0994857
0.000254891	0.0893774
0.000260145	0.113672
0.000264288	0.100326
0.000267768	0.116155
0.0002768	0.117803
0.000280591	0.11698
0.00028239	0.101164
0.000297882	0.102004
0.000301259	0.0885319
0.00030192	0.112843
0.000314587	0.102843
0.000316303	0.112015
0.000316303	0.112015
0.000320174	0.111185
0.000330259	0.10368
0.000331507	0.110355
0.000338922	0.118626
0.00033961	0.122728
0.000346906	0.104516
0.000347753	0.109523
0.000348434	0.0876854
0.000359665	0.105352
0.000362974	0.108689
0.000369523	0.106186
0.000371747	0.107855
0.000372946	0.107021
0.00040649	0.0868405
0.000465757	0.0859941
0.000513534	0.121909
0.000540648	0.0851494
0.000557458	0.119447
0.000617033	0.0843034
0.000691214	0.123544
0.000694348	0.0834577
0.000773213	0.0826112
0.000823794	0.0817641
0.000837446	0.120268
0.000845833	0.121088
0.00086998	0.0809161
0.000932559	0.0800698
0.000995378	0.0792222
0.00108491	0.0783763
0.00118171	0.0775295
0.00125768	0.0766826
0.00133513	0.0758352
0.00137949	0.0749879
0.00141554	0.0741398
0.00141554	0.0741398
0.0014492	0.000456317
0.00147873	0.0732934
0.001513	0.12436
0.00154016	0.0724461
0.00164372	0.0716004
0.00176554	0.0707541
0.0018113	0.000354999
0.00185034	0.0699078
0.00193817	0.0690614
0.001953	0.131647
0.00201329	0.0682153
0.00209339	0.0673691
0.00216902	0.0665235
0.00225055	0.0656779
0.00232772	0.0648328
0.00236463	0.126801
0.00236466	0.125175
0.00241031	0.0639878
0.00243309	0.14817
0.00248996	0.0631434
0.00257486	0.0622991
0.00257694	0.147401
0.00263189	0.127613
0.00265765	0.0614555
0.00272232	0.136443
0.00274479	0.060612
0.00283045	0.0597694
0.0028666	0.130842
0.00289737	0.146632
0.00291902	0.125988
0.00292135	0.0589267
0.00296354	0.132452
0.00299583	0.148541
0.00301465	0.0580851
0.00310026	0.0572435
0.00317639	0.0564031
0.00323783	0.137238
0.00327807	0.0555626
0.00338072	0.0547234
0.003399	0.145858
0.00346795	0.143527
0.00347908	0.0538842
0.00357251	0.144306
0.00357438	0.0530463
0.00367571	0.0522086
0.00377742	0.0513722
0.00380299	0.000262319
0.00383356	0.142747
0.0038786	0.145084
0.00388125	0.0505361
0.00388942	0.133252
0.00389927	0.148912
0.00398844	0.0497014
0.00398844	0.0497014
0.00403507	0.141966
0.00409722	0.0488669
0.00421294	0.048034
0.00424777	0.135647
0.00433015	0.0472014
0.00433696	0.000572092
0.00446841	0.0463705
0.00455554	0.134051
0.00459036	0.0455399
0.0047572	0.0447112
0.00487592	0.149283
0.00489355	0.141182
0.00489554	0.0438826
0.00491499	0.0432186
0.00494741	0.0425547
0.00499526	0.138029
0.00510194	0.0418814
0.00517106	0.13485
0.00526209	0.128421
0.00530469	0.0412082
0.00532888	0.000188002
0.00536482	0.0398444
0.00539384	0.0405259
0.00552349	0.130036
0.00553138	0.039153
0.00553138	0.039153
0.0057836	0.0384625
0.00580622	0.0370652
0.00583319	0.0377634
0.00584291	0.149496
0.0059972	0.0363576
0.00623703	0.140397
0.00632869	0.0356509
0.00634248	0.138819
0.00637364	0.0342241
0.00639624	0.0349369
0.00653496	0.000690801
0.00655558	0.0335023
0.00677723	0.139608
0.00680372	0.149603
0.00681296	0.0327822
0.00686582	0.129229
0.00693248	0.0320552
0.00702956	0.0313298
0.00717696	0.0305971
0.00730174	0.0298666
0.00751131	0.0291293
0.00782843	0.028394
0.00787077	0.149656
0.0079508	0.000821378
0.00795117	0.149703
0.0079529	0.0276544
0.00798341	0.0269173
0.00800902	0.000128905
0.00818574	0.0261741
0.00844979	0.025434
0.00860927	0.0246907
0.00875038	0.0239499
0.00892287	0.149683
0.00902155	0.0232065
0.00934795	0.000948577
0.00937889	0.0224653
0.00958394	0.0217252
0.00974818	0.0209874
0.00988486	0.149696
0.00998335	0.0202499
0.0102542	0.0195158
0.0104438	0.00108578
0.0105152	0.0187837
0.0107975	0.0180555
0.011051	9.16272e-05
0.0110605	0.0173306
0.0113361	0.0166104
0.0114338	0.00121571
0.011614	0.0158947
0.0119362	0.0151843
0.0122318	0.0144803
0.0123014	0.00135359
0.0125483	0.0137824
0.0128491	0.0130921
0.0131696	0.012409
0.0132674	0.00148162
0.0134539	0.011735
0.0136662	0.0110691
0.0137917	0.00161491
0.0140658	0.0104136
0.0145056	7.51027e-05
0.0145185	0.00196225
0.0146449	0.00976589
0.0150237	0.00913456
0.0153406	0.00851326
0.0155869	0.0079052
0.0155954	0.00233484
0.0159723	0.00731205
0.0162107	0.0027378
0.0162321	0.00673192
0.0162869	0.00616997
0.0165826	0.00562091
0.0165826	0.00562091
0.0167001	0.00316129
0.0167838	0.00508729
0.0168682	0.00361403
0.016903	0.00408281
0.0169282	0.0045785
0.0178055	8.24209e-05
)
