(title "Skin Friction Coefficient")
(labels "Skin Friction Coefficient" "Position")

((xy/key/label "middleplane_pressureside")
1.27142e-05	0.0927515
4.27182e-05	0.0935954
6.32848e-05	0.0919092
8.65404e-05	0.0944376
0.000119407	0.0910655
0.000124654	0.0952813
0.000131414	0.11698
0.000156518	0.0961238
0.000178749	0.0902219
0.000184757	0.0969657
0.000212116	0.0978067
0.000212116	0.0978067
0.000221104	0.117803
0.000235827	0.0893774
0.00023771	0.0986468
0.000265294	0.0994857
0.000283292	0.0885319
0.000293974	0.100326
0.000312571	0.116155
0.000326502	0.101164
0.000330293	0.0876854
0.000342239	0.107855
0.000347579	0.108689
0.000356017	0.102004
0.000360764	0.107021
0.000369249	0.109523
0.000382702	0.102843
0.0003883	0.0868405
0.000390524	0.106186
0.0003999	0.10368
0.000405085	0.110355
0.000408228	0.105352
0.000411133	0.104516
0.000447065	0.0859941
0.000467714	0.111185
0.000470628	0.115328
0.000522349	0.0851494
0.000571375	0.118626
0.000572878	0.112015
0.000572878	0.112015
0.000585845	0.119447
0.000599109	0.0843034
0.000607151	0.1145
0.000677325	0.0834577
0.000688348	0.112843
0.00070561	0.113672
0.000706027	0.120268
0.000756628	0.0826112
0.000808579	0.0817641
0.000856541	0.0809161
0.000920502	0.0800698
0.000983839	0.0792222
0.00106181	0.12436
0.00107341	0.0783763
0.001171	0.0775295
0.00124822	0.0766826
0.00132587	0.0758352
0.00135609	0.121088
0.00137092	0.0749879
0.00139333	0.125175
0.00140908	0.0741398
0.00140908	0.0741398
0.00142037	0.000456317
0.00147194	0.0732934
0.00153492	0.0724461
0.00154045	0.13485
0.00163939	0.0716004
0.00168573	0.137238
0.00173024	0.136443
0.00176131	0.0707541
0.00184735	0.0699078
0.00184909	0.134051
0.00186048	0.135647
0.00190339	0.138029
0.00190712	0.000354999
0.00193475	0.0690614
0.00194847	0.121909
0.00197433	0.123544
0.00201097	0.0682153
0.0020905	0.0673691
0.00212369	0.133252
0.00212892	0.128421
0.00216692	0.0665235
0.00219893	0.122728
0.00224862	0.0656779
0.00232691	0.0648328
0.0024105	0.0639878
0.00242497	0.141182
0.00245082	0.138819
0.00249076	0.0631434
0.00257633	0.0622991
0.00258418	0.132452
0.00265889	0.0614555
0.00274703	0.060612
0.00283257	0.0597694
0.00283747	0.140397
0.00291777	0.139608
0.00292399	0.0589267
0.00293955	0.127613
0.00301643	0.0580851
0.00310243	0.0572435
0.00313233	0.141966
0.00315161	0.125988
0.00317859	0.0564031
0.00327997	0.0555626
0.00338377	0.0547234
0.00348164	0.0538842
0.00357899	0.0530463
0.00364146	0.129229
0.00367971	0.0522086
0.00378248	0.0513722
0.00388606	0.0505361
0.00389238	0.126801
0.00399316	0.0497014
0.00399316	0.0497014
0.00406696	0.000262319
0.00410145	0.0488669
0.00421572	0.048034
0.00426412	0.000572092
0.00433272	0.0472014
0.00446832	0.0463705
0.00459088	0.0455399
0.00462752	0.147401
0.00471283	0.131647
0.00475975	0.0447112
0.00490732	0.0438826
0.00491914	0.0432186
0.0049465	0.0425547
0.00510602	0.0418814
0.00530676	0.0412082
0.00536735	0.0398444
0.00539689	0.0405259
0.00544073	0.142747
0.00547341	0.146632
0.00553405	0.039153
0.00553405	0.039153
0.0056193	0.14817
0.00565474	0.000188002
0.00578534	0.0384625
0.00580897	0.0370652
0.00583501	0.0377634
0.00592538	0.130036
0.00599713	0.0363576
0.00633129	0.0356509
0.00637542	0.0342241
0.0063761	0.130842
0.00639909	0.0349369
0.00642842	0.000690801
0.00655689	0.0335023
0.00681503	0.0327822
0.00685213	0.148541
0.00693472	0.0320552
0.00703179	0.0313298
0.0071797	0.0305971
0.00730304	0.0298666
0.00751265	0.0291293
0.00755455	0.143527
0.00780988	0.000821378
0.00782763	0.028394
0.0078492	0.145858
0.00795447	0.0276544
0.00798475	0.0269173
0.00818563	0.0261741
0.00833147	0.000128905
0.00845012	0.025434
0.00846823	0.148912
0.00860873	0.0246907
0.00874993	0.0239499
0.00890552	0.144306
0.00902094	0.0232065
0.0091882	0.000948577
0.00932698	0.145084
0.00937755	0.0224653
0.00958235	0.0217252
0.00974579	0.0209874
0.00998076	0.0202499
0.0102509	0.0195158
0.0102801	0.00108578
0.0105116	0.0187837
0.010792	0.149283
0.0107932	0.0180555
0.011055	0.0173306
0.0112736	0.00121571
0.0113278	9.16272e-05
0.0113302	0.0166104
0.0116069	0.0158947
0.0119284	0.0151843
0.0121468	0.00135359
0.0122237	0.0144803
0.0125384	0.0137824
0.0128382	0.0130921
0.0131191	0.00148162
0.0131573	0.012409
0.0134034	0.149496
0.0134395	0.011735
0.0136498	0.0110691
0.013661	0.00161491
0.0140481	0.0104136
0.0144016	0.00196225
0.0146247	0.00976589
0.0147206	7.51027e-05
0.0150001	0.00913456
0.0153133	0.00851326
0.0154845	0.00233484
0.015557	0.0079052
0.0159404	0.00731205
0.0161167	0.0027378
0.0161977	0.00673192
0.0162478	0.00616997
0.0164843	0.149603
0.0165364	0.00562091
0.0165364	0.00562091
0.0166175	0.00316129
0.0167303	0.00508729
0.0167951	0.00361403
0.0168385	0.00408281
0.0168686	0.0045785
0.0179958	8.24209e-05
0.0205628	0.149656
0.02451	0.149683
0.0263772	0.149703
0.0278752	0.149696
)
