(title "Skin Friction Coefficient")
(labels "Skin Friction Coefficient" "Position")

((xy/key/label "middleplane_pressureside")
7.64907e-05	0.0927515
9.34745e-05	0.0935954
9.89864e-05	0.0919092
0.000113235	0.0944376
0.000128356	0.0910655
0.000141242	0.0952813
0.000170081	0.0961238
0.00017779	0.0902219
0.000192593	0.112843
0.00019883	0.0969657
0.000205412	0.115328
0.000208191	0.116155
0.000227667	0.112015
0.000227667	0.112015
0.00022793	0.0893774
0.00022823	0.0978067
0.00022823	0.0978067
0.000252888	0.0986468
0.000271882	0.0885319
0.000274386	0.1145
0.000274737	0.0994857
0.000280277	0.10368
0.000281771	0.104516
0.000282034	0.113672
0.000283635	0.102843
0.000286681	0.100326
0.000288189	0.102004
0.000291142	0.101164
0.000294905	0.105352
0.000317215	0.0876854
0.000335399	0.106186
0.000372721	0.0868405
0.000383354	0.111185
0.00039172	0.11698
0.000397939	0.107021
0.000429352	0.0859941
0.000452891	0.107855
0.000459547	0.110355
0.000480153	0.108689
0.000480849	0.109523
0.000502175	0.0851494
0.000576233	0.0843034
0.00064727	0.121088
0.000652867	0.0834577
0.000730922	0.0826112
0.000783203	0.0817641
0.000831414	0.0809161
0.000847894	0.117803
0.000895878	0.0800698
0.00095974	0.0792222
0.000970377	0.121909
0.00104967	0.0783763
0.00114633	0.0775295
0.00122326	0.0766826
0.00130175	0.0758352
0.00132617	0.120268
0.00134785	0.0749879
0.00138565	0.0741398
0.00138565	0.0741398
0.00145026	0.0732934
0.00149207	0.000456317
0.00151345	0.0724461
0.0015165	0.118626
0.00161772	0.0716004
0.0017408	0.0707541
0.00179501	0.119447
0.00182673	0.0699078
0.00183999	0.000354999
0.00191586	0.0690614
0.00197185	0.142747
0.00199213	0.0682153
0.0020728	0.0673691
0.00214958	0.0665235
0.0021867	0.141966
0.00221676	0.149283
0.00223203	0.0656779
0.00229629	0.134051
0.0023109	0.0648328
0.00231937	0.133252
0.00232616	0.122728
0.00239471	0.0639878
0.00241039	0.141182
0.00242278	0.149496
0.00247572	0.0631434
0.00256084	0.0622991
0.00260554	0.148912
0.00264443	0.0614555
0.00270178	0.140397
0.00273227	0.060612
0.0028191	0.0597694
0.00286541	0.132452
0.0029113	0.0589267
0.00293004	0.125988
0.00295916	0.149603
0.00300485	0.0580851
0.00309144	0.0572435
0.00314639	0.143527
0.00316756	0.0564031
0.00324618	0.131647
0.00327052	0.0555626
0.00330134	0.125175
0.00332212	0.13485
0.00337355	0.0547234
0.00347185	0.0538842
0.0035397	0.139608
0.00356816	0.0530463
0.0036166	0.123544
0.00366955	0.0522086
0.00372088	0.148541
0.0037324	0.130842
0.00377243	0.0513722
0.00380488	0.149656
0.00387605	0.0505361
0.00392781	0.000262319
0.00398386	0.0497014
0.00398386	0.0497014
0.00405858	0.130036
0.00409322	0.0488669
0.00420887	0.048034
0.00432588	0.0472014
0.00434996	0.000572092
0.00435852	0.12436
0.00446474	0.0463705
0.00458717	0.0455399
0.00475481	0.0447112
0.00479599	0.138819
0.00480216	0.149683
0.0048953	0.0438826
0.0049095	0.0432186
0.00491259	0.14817
0.00494292	0.0425547
0.00505598	0.135647
0.00510079	0.0418814
0.00511317	0.129229
0.00530232	0.0412082
0.00534157	0.149703
0.00536268	0.0398444
0.00539122	0.0405259
0.00551626	0.144306
0.00552922	0.039153
0.00552922	0.039153
0.00556005	0.000188002
0.00573288	0.149696
0.00578152	0.0384625
0.00580417	0.0370652
0.00582697	0.126801
0.00583148	0.0377634
0.00599542	0.0363576
0.00632682	0.0356509
0.00637176	0.0342241
0.00638117	0.138029
0.00639436	0.0349369
0.00641924	0.147401
0.00649352	0.000690801
0.00655312	0.0335023
0.00671522	0.136443
0.00681056	0.0327822
0.00692971	0.0320552
0.00702706	0.0313298
0.00717457	0.0305971
0.00729994	0.0298666
0.00730253	0.145084
0.00736773	0.137238
0.00746522	0.128421
0.00751073	0.0291293
0.00756944	0.146632
0.00782822	0.028394
0.0078535	0.145858
0.0078847	0.000821378
0.00794974	0.0276544
0.00797938	0.0269173
0.00818399	0.0261741
0.00827018	0.000128905
0.00827529	0.127613
0.008447	0.025434
0.00860711	0.0246907
0.00874733	0.0239499
0.00901793	0.0232065
0.00926191	0.000948577
0.009375	0.0224653
0.00958003	0.0217252
0.00974404	0.0209874
0.00997822	0.0202499
0.0102491	0.0195158
0.0103535	0.00108578
0.0105094	0.0187837
0.0107914	0.0180555
0.0110536	0.0173306
0.0112824	9.16272e-05
0.0113285	0.0166104
0.0113425	0.00121571
0.011606	0.0158947
0.0119274	0.0151843
0.0122107	0.00135359
0.0122227	0.0144803
0.0125382	0.0137824
0.0128382	0.0130921
0.0131576	0.012409
0.0131777	0.00148162
0.0134406	0.011735
0.0136517	0.0110691
0.0137099	0.00161491
0.0140503	0.0104136
0.0144428	0.00196225
0.0146276	0.00976589
0.014683	7.51027e-05
0.0150043	0.00913456
0.0153189	0.00851326
0.0155226	0.00233484
0.0155635	0.0079052
0.0159473	0.00731205
0.016147	0.0027378
0.0162055	0.00673192
0.0162575	0.00616997
0.0165486	0.00562091
0.0165486	0.00562091
0.0166427	0.00316129
0.0167453	0.00508729
0.0168168	0.00361403
0.0168571	0.00408281
0.0168856	0.0045785
0.0179566	8.24209e-05
)
