(title "Skin Friction Coefficient")
(labels "Skin Friction Coefficient" "Position")

((xy/key/label "middleplane_pressureside")
2.99758e-05	0.0944376
4.22975e-05	0.0935954
6.53131e-05	0.0952813
7.04907e-05	0.0927515
9.68645e-05	0.0961238
0.00012455	0.0919092
0.000124704	0.0969657
0.000137188	0.116155
0.000142291	0.11698
0.000150085	0.0978067
0.000150085	0.0978067
0.000171668	0.0986468
0.000177569	0.0910655
0.000180521	0.117803
0.000182534	0.119447
0.000193929	0.0994857
0.000206385	0.118626
0.00021391	0.100326
0.000233757	0.0902219
0.00023946	0.101164
0.000241567	0.115328
0.000266333	0.102004
0.000266733	0.108689
0.000276709	0.107855
0.000280195	0.109523
0.000288868	0.0893774
0.000294642	0.102843
0.000305808	0.107021
0.000312558	0.110355
0.000316326	0.10368
0.000332308	0.106186
0.000332939	0.104516
0.000333582	0.0885319
0.000339391	0.105352
0.000359039	0.111185
0.000378552	0.0876854
0.000410225	0.1145
0.000424014	0.112015
0.000424014	0.112015
0.000435161	0.0868405
0.00048163	0.120268
0.000492529	0.0859941
0.000498759	0.112843
0.000512555	0.113672
0.000566746	0.0851494
0.000601404	0.123544
0.00064228	0.0843034
0.000718885	0.0834577
0.000796674	0.0826112
0.000846247	0.0817641
0.000865169	0.12436
0.000891654	0.0809161
0.000953592	0.0800698
0.00101548	0.0792222
0.00110396	0.0783763
0.00113727	0.121088
0.00120029	0.0775295
0.00123151	0.122728
0.00127643	0.0766826
0.00132771	0.137238
0.00135352	0.0758352
0.00139688	0.0749879
0.0014336	0.0741398
0.0014336	0.0741398
0.00146317	0.000456317
0.00149371	0.121909
0.00149529	0.0732934
0.00155676	0.0724461
0.00166046	0.0716004
0.00178131	0.0707541
0.00183358	0.149603
0.0018597	0.136443
0.00186675	0.0699078
0.00188121	0.000354999
0.00194255	0.125175
0.00194383	0.129229
0.00195271	0.0690614
0.00198855	0.128421
0.0020286	0.0682153
0.00210733	0.0673691
0.00211996	0.149283
0.00213486	0.149496
0.00218325	0.0665235
0.00226478	0.0656779
0.00228142	0.148912
0.00234198	0.0648328
0.00242565	0.0639878
0.0024665	0.138029
0.00250446	0.0631434
0.00258993	0.0622991
0.00263048	0.149656
0.00267122	0.0614555
0.00275641	0.125988
0.00275873	0.060612
0.00284387	0.0597694
0.00290134	0.148541
0.00293429	0.0589267
0.00302738	0.0580851
0.00308183	0.127613
0.00311241	0.0572435
0.00318961	0.0564031
0.00322829	0.142747
0.00329011	0.0555626
0.00330573	0.135647
0.00330847	0.143527
0.00333031	0.126801
0.00336332	0.14817
0.00339431	0.0547234
0.00349165	0.0538842
0.00351988	0.141966
0.00358793	0.0530463
0.0036883	0.0522086
0.00369187	0.144306
0.00374879	0.147401
0.00378908	0.0513722
0.00389343	0.0505361
0.00395039	0.146632
0.00396062	0.145858
0.00399669	0.145084
0.00399908	0.0497014
0.00399908	0.0497014
0.00408437	0.000262319
0.00410846	0.0488669
0.00422304	0.048034
0.00430604	0.000572092
0.00434052	0.0472014
0.00445683	0.141182
0.00447756	0.0463705
0.00459923	0.0455399
0.00476615	0.0447112
0.00489496	0.149683
0.00490649	0.0438826
0.00492548	0.0432186
0.00495605	0.0425547
0.0049964	0.130036
0.0051106	0.0418814
0.00517409	0.138819
0.00531294	0.0412082
0.0053725	0.0398444
0.00540183	0.0405259
0.00553866	0.039153
0.00553866	0.039153
0.00574178	0.133252
0.00577388	0.000188002
0.00579059	0.0384625
0.00581293	0.0370652
0.00583169	0.140397
0.00583982	0.0377634
0.00589346	0.13485
0.00600261	0.0363576
0.00633566	0.0356509
0.00637937	0.0342241
0.00639807	0.134051
0.00640328	0.0349369
0.0064466	0.000690801
0.00650303	0.139608
0.00656108	0.0335023
0.00681885	0.0327822
0.00693734	0.0320552
0.00703449	0.0313298
0.00718128	0.0305971
0.0071878	0.132452
0.00721807	0.149696
0.00730589	0.0298666
0.0075156	0.0291293
0.00782643	0.000821378
0.00783281	0.028394
0.00795679	0.0276544
0.00798419	0.0269173
0.00818806	0.0261741
0.00845141	0.025434
0.00847825	0.000128905
0.0086106	0.0246907
0.00875143	0.0239499
0.00895683	0.130842
0.00902181	0.0232065
0.00919898	0.000948577
0.00935643	0.149703
0.00937834	0.0224653
0.00941039	0.131647
0.00958212	0.0217252
0.00974605	0.0209874
0.00998039	0.0202499
0.0102501	0.0195158
0.0102914	0.00108578
0.0105107	0.0187837
0.0107915	0.0180555
0.0110534	0.0173306
0.0112836	0.00121571
0.0113283	0.0166104
0.0114511	9.16272e-05
0.0116042	0.0158947
0.0119258	0.0151843
0.0121556	0.00135359
0.0122203	0.0144803
0.0125346	0.0137824
0.0128344	0.0130921
0.0131259	0.00148162
0.0131528	0.012409
0.0134347	0.011735
0.0136447	0.0110691
0.0136642	0.00161491
0.0140425	0.0104136
0.0144012	0.00196225
0.0146185	0.00976589
0.0147993	7.51027e-05
0.0149935	0.00913456
0.0153062	0.00851326
0.0154815	0.00233484
0.0155493	0.0079052
0.015932	0.00731205
0.0161096	0.0027378
0.0161888	0.00673192
0.0162383	0.00616997
0.0165264	0.00562091
0.0165264	0.00562091
0.0166081	0.00316129
0.0167202	0.00508729
0.0167846	0.00361403
0.0168277	0.00408281
0.016858	0.0045785
0.0180529	8.24209e-05
)
