(title "Skin Friction Coefficient")
(labels "Skin Friction Coefficient" "Position")

((xy/key/label "middleplane_pressureside")
1.75672e-05	0.0927515
5.06594e-05	0.0935954
5.30826e-05	0.0919092
7.58469e-05	0.116155
8.60897e-05	0.0944376
0.000101182	0.0910655
0.000115651	0.0952813
0.0001339	0.115328
0.000143137	0.0961238
0.000145252	0.11698
0.000160045	0.0902219
0.000170173	0.0969657
0.000200329	0.0978067
0.000200329	0.0978067
0.000219098	0.0893774
0.000230275	0.0986468
0.00026337	0.118626
0.000263511	0.0994857
0.000268076	0.1145
0.000268977	0.0885319
0.00027957	0.117803
0.000296664	0.100326
0.000297006	0.107021
0.00030962	0.106186
0.000309945	0.107855
0.000317753	0.0876854
0.000325172	0.101164
0.00033312	0.105352
0.000336963	0.108689
0.000345692	0.102004
0.000349759	0.104516
0.000357185	0.102843
0.000357608	0.10368
0.000376211	0.109523
0.000376426	0.0868405
0.000397204	0.119447
0.000400951	0.113672
0.000420096	0.110355
0.000434361	0.0859941
0.000471033	0.111185
0.000504257	0.112843
0.00050697	0.0851494
0.000518496	0.112015
0.000518496	0.112015
0.000581124	0.0843034
0.000656487	0.0834577
0.000709544	0.123544
0.000734363	0.0826112
0.000785817	0.0817641
0.000834736	0.0809161
0.000899909	0.0800698
0.000912601	0.120268
0.000964882	0.0792222
0.0010558	0.0783763
0.00112607	0.122728
0.00115321	0.0775295
0.00118693	0.12436
0.00122998	0.0766826
0.00129559	0.121088
0.00130774	0.0758352
0.00133926	0.121909
0.00135266	0.0749879
0.00139081	0.0741398
0.00139081	0.0741398
0.00143845	0.000456317
0.00145484	0.0732934
0.00151809	0.0724461
0.00162345	0.0716004
0.00171377	0.149496
0.00174585	0.0707541
0.00183271	0.0699078
0.00189822	0.000354999
0.00192065	0.0690614
0.00196672	0.149283
0.00199748	0.0682153
0.00207746	0.0673691
0.00208326	0.149603
0.00215394	0.0665235
0.00223616	0.0656779
0.00225409	0.146632
0.00231419	0.0648328
0.00231973	0.145858
0.00237579	0.148912
0.00238212	0.147401
0.00239856	0.0639878
0.0024237	0.143527
0.00245523	0.145084
0.0024787	0.0631434
0.00250614	0.144306
0.00254114	0.14817
0.00255601	0.148541
0.00256517	0.0622991
0.00258072	0.125175
0.00264783	0.0614555
0.00271837	0.142747
0.00273652	0.060612
0.00282272	0.0597694
0.00291444	0.0589267
0.00300782	0.0580851
0.00309353	0.0572435
0.00316365	0.127613
0.00317045	0.0564031
0.00327147	0.0555626
0.00337608	0.0547234
0.00347343	0.0538842
0.00357115	0.0530463
0.00361325	0.128421
0.00367187	0.0522086
0.00369835	0.125988
0.0037751	0.0513722
0.0038793	0.0505361
0.00395209	0.126801
0.00395483	0.141966
0.00395924	0.149656
0.00398554	0.0497014
0.00398554	0.0497014
0.00404776	0.000262319
0.00409591	0.0488669
0.00420889	0.048034
0.00428363	0.000572092
0.00432725	0.0472014
0.00446227	0.0463705
0.00446693	0.138819
0.00458415	0.0455399
0.0046897	0.138029
0.00475344	0.0447112
0.00490031	0.0438826
0.00491529	0.0432186
0.00494154	0.0425547
0.00509971	0.0418814
0.00510302	0.139608
0.00510641	0.129229
0.00525397	0.141182
0.00530116	0.0412082
0.00534952	0.130842
0.00536227	0.0398444
0.00539139	0.0405259
0.00552844	0.039153
0.00552844	0.039153
0.00561092	0.130036
0.0056362	0.140397
0.00564184	0.000188002
0.00577994	0.0384625
0.00580395	0.0370652
0.00582979	0.0377634
0.005884	0.137238
0.00590667	0.131647
0.00599249	0.0363576
0.00632616	0.0356509
0.00637073	0.0342241
0.00639412	0.0349369
0.0064407	0.000690801
0.00655199	0.0335023
0.00681012	0.0327822
0.00693007	0.0320552
0.00702706	0.0313298
0.00710372	0.149683
0.00717524	0.0305971
0.00729867	0.0298666
0.00732023	0.136443
0.00737943	0.132452
0.0075086	0.0291293
0.00782336	0.028394
0.0078237	0.000821378
0.00794927	0.0276544
0.00797998	0.0269173
0.00818121	0.0261741
0.00831902	0.000128905
0.00844552	0.025434
0.00847472	0.135647
0.00860444	0.0246907
0.00862934	0.133252
0.00874538	0.0239499
0.0090163	0.0232065
0.00920035	0.000948577
0.00937281	0.0224653
0.00938665	0.13485
0.00952948	0.134051
0.00957782	0.0217252
0.00974135	0.0209874
0.00997601	0.0202499
0.00999784	0.149696
0.0102463	0.0195158
0.0102911	0.00108578
0.0105068	0.0187837
0.0107885	0.0180555
0.0110504	0.0173306
0.0112829	0.00121571
0.0113169	9.16272e-05
0.0113254	0.0166104
0.0116022	0.0158947
0.0119237	0.0151843
0.0121543	0.00135359
0.0122189	0.0144803
0.0125177	0.149703
0.012534	0.0137824
0.0128337	0.0130921
0.013125	0.00148162
0.0131528	0.012409
0.0134354	0.011735
0.013646	0.0110691
0.0136651	0.00161491
0.0140443	0.0104136
0.0144045	0.00196225
0.0146209	0.00976589
0.0147128	7.51027e-05
0.0149968	0.00913456
0.0153104	0.00851326
0.0154869	0.00233484
0.0155543	0.0079052
0.0159378	0.00731205
0.0161181	0.0027378
0.0161954	0.00673192
0.0162461	0.00616997
0.0165352	0.00562091
0.0165352	0.00562091
0.0166183	0.00316129
0.0167297	0.00508729
0.0167955	0.00361403
0.0168385	0.00408281
0.0168684	0.0045785
0.0179891	8.24209e-05
)
