(title "Skin Friction Coefficient")
(labels "Skin Friction Coefficient" "Position")

((xy/key/label "middleplane_pressureside")
3.44604e-05	0.0927515
4.06477e-05	0.0935954
5.70993e-05	0.0944376
8.20181e-05	0.0919092
8.97973e-05	0.0952813
0.000120184	0.0961238
0.000131263	0.0910655
0.000146331	0.0969657
0.000153006	0.113672
0.000171623	0.0978067
0.000171623	0.0978067
0.00018437	0.0902219
0.000186083	0.112843
0.000190368	0.105352
0.000192835	0.0986468
0.000194298	0.106186
0.000206292	0.104516
0.000214117	0.0994857
0.000220793	0.10368
0.000228437	0.100326
0.000230728	0.102843
0.000233055	0.107021
0.000236345	0.0893774
0.000236666	0.102004
0.000236903	0.101164
0.000278982	0.0885319
0.000292013	0.107855
0.000322743	0.0876854
0.000342378	0.108689
0.000352605	0.1145
0.000377443	0.0868405
0.000385465	0.109523
0.00039099	0.112015
0.00039099	0.112015
0.000418793	0.110355
0.000434121	0.0859941
0.00043707	0.111185
0.000469764	0.115328
0.000501475	0.116155
0.000506907	0.11698
0.000507799	0.0851494
0.000515642	0.118626
0.000518872	0.117803
0.000583416	0.0843034
0.00065071	0.122728
0.000660872	0.0834577
0.000738985	0.0826112
0.000790562	0.0817641
0.000837681	0.0809161
0.000900767	0.0800698
0.000963298	0.0792222
0.00103118	0.119447
0.00105222	0.0783763
0.00106781	0.123544
0.00114884	0.0775295
0.0012257	0.0766826
0.00130334	0.0758352
0.0013494	0.0749879
0.00138831	0.0741398
0.00138831	0.0741398
0.00145023	0.000456317
0.0014517	0.0732934
0.00151338	0.121909
0.00151536	0.0724461
0.00161963	0.0716004
0.00174146	0.0707541
0.00182762	0.0699078
0.00189636	0.132452
0.00189661	0.000354999
0.00191527	0.0690614
0.00194001	0.120268
0.00199187	0.0682153
0.0020688	0.137238
0.00207179	0.0673691
0.00214148	0.121088
0.00214868	0.0665235
0.00222712	0.138029
0.00223089	0.0656779
0.00230945	0.0648328
0.00239359	0.0639878
0.00247435	0.0631434
0.00256051	0.0622991
0.00264365	0.0614555
0.00273197	0.060612
0.00276043	0.12436
0.00281805	0.0597694
0.00283482	0.136443
0.00287705	0.127613
0.00290988	0.0589267
0.00292987	0.133252
0.00300315	0.0580851
0.00306915	0.146632
0.00308509	0.145858
0.00308966	0.0572435
0.00315974	0.147401
0.00316627	0.0564031
0.00323479	0.145084
0.00323608	0.135647
0.00326808	0.0555626
0.00337209	0.0547234
0.00344066	0.131647
0.00344767	0.138819
0.00345921	0.14817
0.0034701	0.0538842
0.0035497	0.13485
0.00356726	0.0530463
0.00366855	0.0522086
0.00371823	0.144306
0.00373042	0.134051
0.00377148	0.0513722
0.00381743	0.148541
0.00387551	0.0505361
0.00398228	0.0497014
0.00398228	0.0497014
0.00409218	0.0488669
0.00411612	0.000262319
0.0041504	0.148912
0.00420737	0.048034
0.00422326	0.128421
0.00426101	0.125175
0.004281	0.000572092
0.00432407	0.0472014
0.00436378	0.126801
0.00441416	0.143527
0.00444785	0.149283
0.00446205	0.0463705
0.00458462	0.0455399
0.00475399	0.0447112
0.004815	0.149496
0.0048535	0.139608
0.00489607	0.0438826
0.00490691	0.0432186
0.00494057	0.0425547
0.00508107	0.125988
0.0051009	0.0418814
0.0051943	0.142747
0.00530087	0.0412082
0.005362	0.0398444
0.00537054	0.149603
0.0053897	0.0405259
0.00552806	0.039153
0.00552806	0.039153
0.00578029	0.0384625
0.00579228	0.000188002
0.00580314	0.0370652
0.00583025	0.0377634
0.00595958	0.140397
0.00597308	0.141966
0.00599369	0.0363576
0.00632535	0.0356509
0.0063335	0.149656
0.00636956	0.0342241
0.0063763	0.141182
0.00639332	0.0349369
0.00640679	0.000690801
0.00655216	0.0335023
0.00680938	0.0327822
0.00692826	0.0320552
0.0070259	0.0313298
0.00717341	0.0305971
0.00721022	0.130842
0.00729854	0.0298666
0.00739467	0.129229
0.0075093	0.0291293
0.00755097	0.149683
0.00777713	0.000821378
0.00782624	0.028394
0.00794749	0.0276544
0.00797785	0.0269173
0.00812456	0.149703
0.00818201	0.0261741
0.00844485	0.025434
0.008493	0.000128905
0.00860483	0.0246907
0.00874454	0.0239499
0.0087491	0.149696
0.00881728	0.130036
0.00901537	0.0232065
0.00914641	0.000948577
0.00937171	0.0224653
0.00957671	0.0217252
0.00974042	0.0209874
0.00997409	0.0202499
0.0102388	0.00108578
0.0102447	0.0195158
0.0105045	0.0187837
0.0107861	0.0180555
0.0110472	0.0173306
0.0112327	0.00121571
0.0113221	0.0166104
0.0114699	9.16272e-05
0.0115988	0.0158947
0.0119195	0.0151843
0.0121068	0.00135359
0.0122146	0.0144803
0.0125287	0.0137824
0.0128282	0.0130921
0.0130797	0.00148162
0.0131466	0.012409
0.0134282	0.011735
0.0136243	0.00161491
0.013638	0.0110691
0.0140356	0.0104136
0.0143659	0.00196225
0.014611	0.00976589
0.0148242	7.51027e-05
0.0149853	0.00913456
0.0152974	0.00851326
0.015449	0.00233484
0.0155402	0.0079052
0.0159227	0.00731205
0.0160833	0.0027378
0.016179	0.00673192
0.0162275	0.00616997
0.016514	0.00562091
0.016514	0.00562091
0.0165857	0.00316129
0.0167061	0.00508729
0.0167652	0.00361403
0.0168109	0.00408281
0.0168425	0.0045785
0.0180852	8.24209e-05
)
