(title "Skin Friction Coefficient")
(labels "Skin Friction Coefficient" "Position")

((xy/key/label "middleplane_pressureside")
3.09907e-05	0.0927515
5.27249e-05	0.0935954
6.99373e-05	0.0919092
8.02173e-05	0.0944376
0.000111104	0.0952813
0.000112619	0.113672
0.000114352	0.0910655
0.000136881	0.1145
0.000142009	0.0961238
0.000171073	0.0902219
0.000171447	0.112843
0.000173046	0.0969657
0.00020342	0.115328
0.000205809	0.0978067
0.000205809	0.0978067
0.000228605	0.0893774
0.000235463	0.0986468
0.000265269	0.0994857
0.000277186	0.0885319
0.000277996	0.112015
0.000277996	0.112015
0.000280941	0.116155
0.000288153	0.100326
0.000305337	0.101164
0.000314004	0.102004
0.000316223	0.10368
0.000316555	0.104516
0.000317635	0.102843
0.000318466	0.105352
0.000325351	0.0876854
0.000326233	0.106186
0.000346517	0.111185
0.00034688	0.107021
0.000368161	0.107855
0.000369389	0.110355
0.000378252	0.11698
0.00038026	0.108689
0.000383189	0.109523
0.000383368	0.0868405
0.000408059	0.120268
0.000441841	0.0859941
0.000511739	0.121088
0.000514761	0.0851494
0.00055725	0.117803
0.000589519	0.0843034
0.000665341	0.0834577
0.000743123	0.0826112
0.000771139	0.119447
0.000775801	0.118626
0.000794228	0.0817641
0.000842261	0.0809161
0.000906843	0.0800698
0.000970782	0.0792222
0.00106065	0.0783763
0.00115755	0.0775295
0.00119658	0.121909
0.00123389	0.0766826
0.00131122	0.0758352
0.00135607	0.0749879
0.001394	0.0741398
0.001394	0.0741398
0.00145785	0.0732934
0.00146335	0.000456317
0.00152077	0.0724461
0.00152262	0.125175
0.00162557	0.0716004
0.00172192	0.122728
0.00174729	0.0707541
0.00175634	0.125988
0.00176589	0.12436
0.00182883	0.000354999
0.00183327	0.0699078
0.00190908	0.123544
0.00192054	0.0690614
0.00197158	0.149603
0.00199644	0.0682153
0.00203561	0.148912
0.00207616	0.0673691
0.00208023	0.149496
0.00215029	0.149656
0.00215224	0.0665235
0.00217519	0.149283
0.0022345	0.0656779
0.00231246	0.0648328
0.00236772	0.148541
0.00239671	0.0639878
0.00247682	0.0631434
0.00256276	0.0622991
0.00259821	0.126801
0.00264546	0.0614555
0.00268783	0.149683
0.00273337	0.060612
0.00281927	0.0597694
0.00291046	0.0589267
0.00300343	0.0580851
0.00303606	0.141182
0.00307536	0.140397
0.00308901	0.0572435
0.00316578	0.0564031
0.00326755	0.0555626
0.00336297	0.149696
0.00337178	0.0547234
0.00344571	0.14817
0.00346942	0.0538842
0.00347993	0.130842
0.0034812	0.130036
0.00351018	0.127613
0.00354609	0.139608
0.00356659	0.0530463
0.00366789	0.0522086
0.00375708	0.149703
0.00377107	0.0513722
0.00385564	0.000262319
0.00387431	0.0505361
0.00393296	0.141966
0.00397779	0.129229
0.00397893	0.128421
0.00398113	0.0497014
0.00398113	0.0497014
0.00404045	0.138819
0.00404555	0.13485
0.00409056	0.0488669
0.00420395	0.048034
0.00427632	0.135647
0.00432237	0.0472014
0.00433415	0.000572092
0.0044175	0.134051
0.00445776	0.0463705
0.00456222	0.138029
0.00457995	0.0455399
0.00474902	0.136443
0.00475033	0.0447112
0.00487347	0.137238
0.00489919	0.0438826
0.00490915	0.0432186
0.00493529	0.0425547
0.00509666	0.0418814
0.00517353	0.147401
0.00529687	0.0412082
0.00535808	0.0398444
0.00537318	0.131647
0.00538796	0.0405259
0.00540997	0.000188002
0.00552561	0.039153
0.00552561	0.039153
0.00577611	0.0384625
0.00578111	0.142747
0.00580075	0.0370652
0.00582606	0.0377634
0.0059887	0.0363576
0.006323	0.0356509
0.00636498	0.133252
0.0063684	0.0342241
0.00639055	0.0349369
0.00650608	0.000690801
0.00654949	0.0335023
0.00657081	0.146632
0.0068077	0.0327822
0.0069279	0.0320552
0.00702505	0.0313298
0.00717305	0.0305971
0.00729638	0.0298666
0.0074103	0.132452
0.00750605	0.0291293
0.00768214	0.145858
0.00782056	0.028394
0.00790965	0.000821378
0.00794831	0.0276544
0.0079791	0.0269173
0.00800258	0.143527
0.00810006	0.000128905
0.00817967	0.0261741
0.00844433	0.025434
0.00860292	0.0246907
0.00874517	0.0239499
0.00901616	0.0232065
0.00906005	0.145084
0.00929684	0.000948577
0.00937341	0.0224653
0.00939195	0.144306
0.0095783	0.0217252
0.00974192	0.0209874
0.00997785	0.0202499
0.010248	0.0195158
0.0103892	0.00108578
0.0105092	0.0187837
0.0107914	0.0180555
0.0110536	0.0173306
0.0111386	9.16272e-05
0.0113296	0.0166104
0.0113777	0.00121571
0.0116069	0.0158947
0.011929	0.0151843
0.0122248	0.0144803
0.0122446	0.00135359
0.0125405	0.0137824
0.0128413	0.0130921
0.0131613	0.012409
0.0132104	0.00148162
0.013445	0.011735
0.0136568	0.0110691
0.0137388	0.00161491
0.014056	0.0104136
0.014469	0.00196225
0.0145833	7.51027e-05
0.0146342	0.00976589
0.0150119	0.00913456
0.0153275	0.00851326
0.0155477	0.00233484
0.0155729	0.0079052
0.0159573	0.00731205
0.016169	0.0027378
0.0162162	0.00673192
0.0162693	0.00616997
0.016562	0.00562091
0.016562	0.00562091
0.0166628	0.00316129
0.01676	0.00508729
0.0168353	0.00361403
0.016874	0.00408281
0.0169016	0.0045785
0.0178779	8.24209e-05
)
