(title "X-Wall Shear Stress")
(labels "X-Wall Shear Stress" "Position")

((xy/key/label "middleplane_pressureside")
-0.628782	0.096748
-0.540681	0.0975476
-0.397419	0.122483
-0.396704	0.0959482
-0.373914	0.123353
-0.32309	0.101576
-0.304134	0.102385
-0.277998	0.0903962
-0.272935	0.105646
-0.272935	0.105646
-0.268268	0.121618
-0.264446	0.104829
-0.253731	0.124224
-0.232278	0.106467
-0.231746	0.0911848
-0.217539	0.103199
-0.216785	0.104012
-0.176754	0.0983506
-0.174659	0.107288
-0.16782	0.144233
-0.165537	0.143288
-0.148906	0.0896076
-0.14609	0.1251
-0.143289	0.146139
-0.142996	0.145186
-0.142569	0.1471
-0.136109	0.100766
-0.119866	0.108114
-0.0963037	0.148061
-0.0908126	0.084124
-0.090298	0.142342
-0.0836446	0.108939
-0.079659	0.0849037
-0.0770128	0.0833441
-0.0750236	0.109768
-0.0740474	0.125976
-0.0693313	0.120753
-0.0544759	0.110598
-0.051511	0.0771402
-0.0511225	0.0856856
-0.0495448	0.0779134
-0.0478791	0.0763685
-0.0462193	0.0951516
-0.0445493	0.0825663
-0.0433601	0.0786865
-0.0420581	0.0755966
-0.0378973	0.0748261
-0.0375126	0.148613
-0.0375126	0.148613
-0.0353551	0.0740555
-0.0349658	0.091976
-0.0346994	0.0717483
-0.0346994	0.0717483
-0.0344544	0.0732861
-0.0342939	0.0725166
-0.0342935	0.0794612
-0.0342935	0.0794612
-0.0341164	0.0709798
-0.0320117	0.0702124
-0.0313342	0.134021
-0.0310119	0.126859
-0.0310119	0.126859
-0.028649	0.0694448
-0.0269571	0.0802358
-0.0242872	0.0686782
-0.0221734	0.0817882
-0.0209069	0.0810121
-0.0207276	0.111432
-0.020656	0.127741
-0.0198218	0.0679114
-0.0150678	0.0671456
-0.0110172	0.0864673
-0.0107147	0.0663795
-0.00706419	0.13493
-0.00603593	0.0656143
-0.00128339	0.0648488
0.000470282	0
0.00400701	0.0640841
0.00740172	0.12863
0.0100383	0.0633192
0.0119486	0.112266
0.0166756	0.062555
0.0187759	0.115631
0.0191998	8.50803e-06
0.0209118	0.149165
0.0211667	0.133113
0.0220874	0.135846
0.0241108	0.0617906
0.0317065	0.0888214
0.031763	0.0610267
0.0399363	0.0602626
0.0405342	0.136761
0.0428591	0.0872513
0.0478224	0.059499
0.0513736	0.116479
0.0526883	3.39528e-05
0.0562364	0.0587353
0.0617716	0.141405
0.0640471	0.119894
0.0648373	0.057972
0.0723955	0.149586
0.0735847	0.0572085
0.0829091	0.0564453
0.0863098	0.137684
0.086951	0.119035
0.087882	0.0999597
0.0916995	0.0991534
0.0923883	0.118182
0.0925609	0.055682
0.0954505	0.113105
0.0974526	0.129518
0.0989763	0.0880352
0.0998684	0.117328
0.102604	0.0549189
0.103276	7.6057e-05
0.104848	0.114787
0.108888	0.149796
0.112731	0.0541558
0.117338	0.15
0.123278	0.0533928
0.126557	0.132211
0.128915	0.149901
0.133237	0.0927671
0.133649	0.0526297
0.144336	0.0518668
0.153872	0.149954
0.155067	0.0511038
0.165949	0.0503408
0.168906	0.000134486
0.171113	0.113944
0.177228	0.0495779
0.180823	0.138607
0.182733	0.130414
0.186392	0.14998
0.188551	0.0488149
0.191945	0.131309
0.198826	0.0943548
0.200304	0.0480519
0.212304	0.047289
0.218267	0.093561
0.218549	0.149993
0.222484	0.140467
0.224196	0.046526
0.236899	0.045763
0.247892	0.045
0.248811	0.000208618
0.257421	0.0443673
0.265701	0.139537
0.267455	0.0437347
0.277285	0.0431014
0.287444	0.0424681
0.29765	0.0418335
0.308049	0.041199
0.318501	0.0405625
0.329245	0.0399261
0.340033	0.0392872
0.342158	0.000298023
0.351013	0.0386484
0.361907	0.0380065
0.373508	0.0373646
0.385298	0.0367191
0.397257	0.0360737
0.409499	0.035424
0.421908	0.0347745
0.434824	0.0341202
0.441884	0.000401793
0.447746	0.0334661
0.46127	0.0328067
0.474856	0.0321476
0.488918	0.0314826
0.503229	0.030818
0.517841	0.0301471
0.532804	0.0294766
0.54785	0.0287994
0.548836	0.00051954
0.563561	0.0281226
0.579411	0.0274389
0.595856	0.0267556
0.612791	0.026065
0.630237	0.025375
0.648609	0.0246774
0.6554	0.000650161
0.667546	0.0239806
0.688093	0.0232761
0.707914	0.0225725
0.72875	0.0218613
0.751985	0.021151
0.762042	0.000793382
0.776746	0.0204333
0.802149	0.0197169
0.827975	0.0189934
0.855119	0.0182716
0.864723	0.000948021
0.883161	0.0175432
0.911452	0.0168169
0.940296	0.0160848
0.958952	0.00111391
0.969297	0.0153552
0.999538	0.0146208
0.999538	0.0146208
1.02921	0.0138895
1.04437	0.00128994
1.05973	0.0131548
1.09199	0.0124237
1.1222	0.00147596
1.12687	0.011691
1.16533	0.0109629
1.19407	0.00167106
1.20724	0.010236
1.21833	0.001875
1.25175	0.00951516
1.29279	0.0023775
1.29527	0.00879905
1.33867	0.00809123
1.37816	0.00739213
1.40182	0.00291779
1.40824	0.00670364
1.42918	0.00602788
1.44258	0.00349305
1.44648	0.00536561
1.46285	0.004721
1.46772	0.00409447
)
