(title "X-Wall Shear Stress")
(labels "X-Wall Shear Stress" "Position")

((xy/key/label "middleplane_pressureside")
-0.419198	0.102385
-0.404298	0.103199
-0.342133	0.104012
-0.335779	0.104829
-0.32791	0.108939
-0.325913	0.101576
-0.309593	0.109768
-0.30511	0.105646
-0.30511	0.105646
-0.283342	0.0959482
-0.274957	0.0951516
-0.26064	0.108114
-0.219788	0.106467
-0.217844	0.0896076
-0.214789	0.127741
-0.214202	0.12863
-0.197762	0.129518
-0.196082	0.107288
-0.185637	0.110598
-0.183478	0.126859
-0.183478	0.126859
-0.180735	0.096748
-0.169259	0.100766
-0.165353	0.0943548
-0.152478	0.130414
-0.146774	0.0903962
-0.137234	0.0888214
-0.0986238	0.125976
-0.0893129	0.131309
-0.0767735	0.115631
-0.0765814	0.0833441
-0.0760506	0.116479
-0.0699274	0.0825663
-0.0546188	0.117328
-0.0537158	0.0975476
-0.0525182	0.084124
-0.0480956	0.0817882
-0.0477039	0.114787
-0.0457853	0.0763685
-0.04366	0.0771402
-0.0433553	0.0755966
-0.0402735	0.111432
-0.039597	0.0748261
-0.0373421	0.0779134
-0.0372911	0.132211
-0.0356995	0.0740555
-0.0351813	0.1471
-0.0342766	0.0810121
-0.0326812	0.0732861
-0.0305608	0.0725166
-0.0304748	0.0786865
-0.0296604	0.0717483
-0.0296604	0.0717483
-0.0292104	0.0709798
-0.0289499	0.146139
-0.0287901	0.0880352
-0.0286197	0.0802358
-0.0277128	0.0702124
-0.0273725	0.0794612
-0.0273725	0.0794612
-0.0253629	0.0694448
-0.0240675	0.118182
-0.0216713	0.0686782
-0.0191387	0.0849037
-0.0173917	0.0679114
-0.0123024	0.0671456
-0.00723105	0.0663795
-0.00217349	0.0656143
-0.0013957	0.119035
-0.000281564	0.133113
-6.73365e-05	0.0999597
0.000493313	0
0.00131739	0.148061
0.00303397	0.0648488
0.00400652	0.140467
0.00605376	0.0856856
0.00832842	0.0640841
0.00880288	0.139537
0.00958981	0.113944
0.0142917	0.0633192
0.0173941	0.138607
0.0194957	8.50803e-06
0.0205821	0.062555
0.0213665	0.0864673
0.0263936	0.141405
0.0264131	0.0872513
0.0267033	0.1251
0.0278481	0.0617906
0.0317787	0.137684
0.0319681	0.093561
0.0345125	0.134021
0.0353513	0.0610267
0.0367027	0.0983506
0.0395097	0.145186
0.0410501	0.0911848
0.0436307	0.0602626
0.0438204	0.112266
0.0460082	0.136761
0.0461813	0.119894
0.0519434	0.059499
0.0519813	0.148613
0.0519813	0.148613
0.0534421	3.39528e-05
0.0555523	0.113105
0.0578547	0.135846
0.0579893	0.13493
0.0602509	0.0587353
0.0690574	0.057972
0.0766108	0.0991534
0.0778047	0.0572085
0.0869724	0.0564453
0.0964135	0.055682
0.102276	0.142342
0.104538	7.6057e-05
0.106343	0.0549189
0.116389	0.0541558
0.117681	0.144233
0.120007	0.149165
0.126863	0.0533928
0.135498	0.15
0.137387	0.0526297
0.141123	0.120753
0.144453	0.124224
0.147985	0.0518668
0.156872	0.143288
0.158841	0.0511038
0.167985	0.149586
0.169584	0.0503408
0.170563	0.000134486
0.180766	0.0495779
0.187052	0.091976
0.191976	0.0488149
0.199777	0.149796
0.200102	0.0927671
0.203494	0.0480519
0.215197	0.123353
0.215526	0.047289
0.218634	0.149901
0.227248	0.046526
0.231081	0.121618
0.236383	0.149954
0.240099	0.045763
0.250726	0.000208618
0.251028	0.045
0.251207	0.14998
0.251809	0.122483
0.26044	0.0443673
0.264408	0.149993
0.270462	0.0437347
0.280191	0.0431014
0.29035	0.0424681
0.300453	0.0418335
0.310854	0.041199
0.321213	0.0405625
0.331935	0.0399261
0.342674	0.0392872
0.344265	0.000298023
0.353593	0.0386484
0.364485	0.0380065
0.375985	0.0373646
0.387809	0.0367191
0.399658	0.0360737
0.411921	0.035424
0.424255	0.0347745
0.437136	0.0341202
0.444151	0.000401793
0.45007	0.0334661
0.463482	0.0328067
0.477101	0.0321476
0.49104	0.0314826
0.505407	0.030818
0.519916	0.0301471
0.534893	0.0294766
0.549919	0.0287994
0.551222	0.00051954
0.565521	0.0281226
0.58145	0.0274389
0.597752	0.0267556
0.614753	0.026065
0.632105	0.025375
0.650428	0.0246774
0.657991	0.000650161
0.669504	0.0239806
0.689897	0.0232761
0.70967	0.0225725
0.730403	0.0218613
0.753849	0.021151
0.764744	0.000793382
0.778482	0.0204333
0.803767	0.0197169
0.829779	0.0189934
0.85672	0.0182716
0.867403	0.000948021
0.884901	0.0175432
0.913042	0.0168169
0.941915	0.0160848
0.961605	0.00111391
0.970972	0.0153552
1.00107	0.0146208
1.00107	0.0146208
1.03088	0.0138895
1.04704	0.00128994
1.06128	0.0131548
1.09362	0.0124237
1.12488	0.00147596
1.12853	0.011691
1.1669	0.0109629
1.19676	0.00167106
1.20893	0.010236
1.2209	0.001875
1.25339	0.00951516
1.29524	0.0023775
1.29702	0.00879905
1.34049	0.00809123
1.37993	0.00739213
1.4043	0.00291779
1.41017	0.00670364
1.43118	0.00602788
1.4449	0.00349305
1.4485	0.00536561
1.46497	0.004721
1.46993	0.00409447
)
