(title "X-Wall Shear Stress")
(labels "X-Wall Shear Stress" "Position")

((xy/key/label "middleplane_pressureside")
-0.524089	0.103199
-0.42669	0.104012
-0.414827	0.102385
-0.335997	0.111432
-0.289475	0.110598
-0.273281	0.112266
-0.245721	0.0903962
-0.198387	0.096748
-0.198283	0.120753
-0.197026	0.0896076
-0.194766	0.101576
-0.185793	0.109768
-0.183463	0.0959482
-0.174534	0.104829
-0.165749	0.121618
-0.164206	0.119894
-0.149678	0.0951516
-0.145325	0.0975476
-0.116337	0.148613
-0.116337	0.148613
-0.11132	0.13493
-0.109731	0.0911848
-0.107178	0.108939
-0.106423	0.148061
-0.105384	0.113105
-0.105166	0.122483
-0.102292	0.130414
-0.0997677	0.129518
-0.0947851	0.0983506
-0.0911936	0.134021
-0.0898861	0.0991534
-0.0895289	0.131309
-0.0803908	0.084124
-0.0799854	0.12863
-0.079008	0.135846
-0.0776844	0.0833441
-0.0766104	0.149165
-0.0736633	0.119035
-0.0681918	0.132211
-0.0655483	0.133113
-0.0593186	0.117328
-0.0565081	0.0849037
-0.0542702	0.0999597
-0.054201	0.116479
-0.0519238	0.0825663
-0.0498909	0.127741
-0.0496254	0.100766
-0.04941	0.123353
-0.0492919	0.0771402
-0.0474113	0.0779134
-0.0462696	0.108114
-0.045862	0.0763685
-0.0447186	0.0888214
-0.0428516	0.0943548
-0.0413525	0.0786865
-0.0404448	0.0755966
-0.03778	0.126859
-0.03778	0.126859
-0.0367347	0.0748261
-0.0344151	0.0740555
-0.0339122	0.0717483
-0.0339122	0.0717483
-0.0337607	0.0732861
-0.0337082	0.0725166
-0.0330557	0.0794612
-0.0330557	0.0794612
-0.0328613	0.0709798
-0.0327702	0.125976
-0.0302189	0.0702124
-0.0294511	0.0817882
-0.0272918	0.1471
-0.0272854	0.0802358
-0.0266417	0.0694448
-0.0237742	0.0810121
-0.0228994	0.0856856
-0.0221784	0.0686782
-0.0221743	0.118182
-0.0177664	0.0679114
-0.014024	0.1251
-0.0134109	0.124224
-0.0131155	0.0671456
-0.0120767	0.149586
-0.00890754	0.0663795
-0.00427021	0.0656143
0.000473566	0
0.000595924	0.0648488
0.00314518	0.136761
0.00600854	0.0640841
0.00769501	0.107288
0.00925907	0.0864673
0.012233	0.0633192
0.0162395	0.105646
0.0162395	0.105646
0.0190348	0.062555
0.0192403	8.50803e-06
0.0265844	0.0617906
0.034217	0.0610267
0.0423103	0.0602626
0.0428679	0.106467
0.0447825	0.0872513
0.0500901	0.059499
0.0509169	0.149796
0.0527816	3.39528e-05
0.0534021	0.0880352
0.0584474	0.0587353
0.0670685	0.057972
0.0739624	0.137684
0.075848	0.0572085
0.0797537	0.113944
0.0816682	0.091976
0.0852332	0.0564453
0.0862161	0.139537
0.0901813	0.149901
0.0904035	0.138607
0.0933299	0.140467
0.0941404	0.115631
0.0949196	0.055682
0.0992436	0.143288
0.1034	7.6057e-05
0.104943	0.0549189
0.107499	0.142342
0.113841	0.141405
0.115001	0.0541558
0.125451	0.0533928
0.126291	0.15
0.129591	0.093561
0.131005	0.149954
0.131956	0.146139
0.135726	0.0526297
0.146346	0.0518668
0.15703	0.0511038
0.167916	0.0503408
0.169057	0.000134486
0.170173	0.144233
0.177874	0.14998
0.177883	0.114787
0.179167	0.0495779
0.182212	0.0927671
0.190493	0.0488149
0.202182	0.0480519
0.214123	0.047289
0.225952	0.046526
0.226316	0.149993
0.236027	0.145186
0.238555	0.045763
0.248992	0.000208618
0.249536	0.045
0.259028	0.0443673
0.269029	0.0437347
0.278817	0.0431014
0.288942	0.0424681
0.299118	0.0418335
0.309472	0.041199
0.319907	0.0405625
0.330598	0.0399261
0.341372	0.0392872
0.342368	0.000298023
0.352311	0.0386484
0.363174	0.0380065
0.374757	0.0373646
0.386493	0.0367191
0.398459	0.0360737
0.41063	0.035424
0.423054	0.0347745
0.435902	0.0341202
0.442132	0.000401793
0.448821	0.0334661
0.462324	0.0328067
0.475863	0.0321476
0.489942	0.0314826
0.504173	0.030818
0.518825	0.0301471
0.533702	0.0294766
0.548777	0.0287994
0.549115	0.00051954
0.564445	0.0281226
0.580245	0.0274389
0.596715	0.0267556
0.613573	0.026065
0.631065	0.025375
0.649382	0.0246774
0.655713	0.000650161
0.668241	0.0239806
0.688855	0.0232761
0.708637	0.0225725
0.729456	0.0218613
0.752606	0.021151
0.762386	0.000793382
0.777419	0.0204333
0.802806	0.0197169
0.828545	0.0189934
0.855771	0.0182716
0.86508	0.000948021
0.883714	0.0175432
0.912055	0.0168169
0.940851	0.0160848
0.959315	0.00111391
0.969812	0.0153552
1.00011	0.0146208
1.00011	0.0146208
1.0297	0.0138895
1.04474	0.00128994
1.06027	0.0131548
1.09245	0.0124237
1.12259	0.00147596
1.12732	0.011691
1.16585	0.0109629
1.19446	0.00167106
1.20767	0.010236
1.2187	0.001875
1.25223	0.00951516
1.29318	0.0023775
1.29568	0.00879905
1.33911	0.00809123
1.37861	0.00739213
1.40222	0.00291779
1.40864	0.00670364
1.4296	0.00602788
1.44298	0.00349305
1.44689	0.00536561
1.46325	0.004721
1.46812	0.00409447
)
