(title "X-Wall Shear Stress")
(labels "X-Wall Shear Stress" "Position")

((xy/key/label "middleplane_pressureside")
-0.412827	0.149993
-0.386667	0.105646
-0.386667	0.105646
-0.376072	0.106467
-0.350291	0.100766
-0.347214	0.0999597
-0.330956	0.104829
-0.314758	0.14998
-0.302771	0.0943548
-0.292031	0.107288
-0.255317	0.093561
-0.249264	0.126859
-0.249264	0.126859
-0.248964	0.125976
-0.24505	0.0991534
-0.244315	0.101576
-0.243433	0.104012
-0.229196	0.15
-0.221717	0.13493
-0.21384	0.135846
-0.210996	0.149954
-0.205576	0.0888214
-0.199505	0.1251
-0.174899	0.0983506
-0.173863	0.108114
-0.17284	0.103199
-0.169403	0.124224
-0.163891	0.102385
-0.153549	0.0951516
-0.152466	0.123353
-0.142137	0.149901
-0.138631	0.0896076
-0.128568	0.0880352
-0.124996	0.149796
-0.124164	0.149586
-0.119399	0.122483
-0.116566	0.117328
-0.116529	0.149165
-0.111799	0.127741
-0.111372	0.118182
-0.10967	0.0975476
-0.108889	0.134021
-0.105107	0.148613
-0.105107	0.148613
-0.100946	0.111432
-0.0940061	0.110598
-0.0862986	0.108939
-0.0842343	0.145186
-0.0840103	0.148061
-0.0837901	0.146139
-0.0762147	0.0825663
-0.0745766	0.112266
-0.0728827	0.1471
-0.0704668	0.144233
-0.0698287	0.109768
-0.0673345	0.0817882
-0.0643236	0.119035
-0.0609853	0.116479
-0.0559743	0.121618
-0.0528583	0.143288
-0.0527147	0.0833441
-0.0499271	0.0810121
-0.0460152	0.0755966
-0.0447238	0.0763685
-0.044141	0.0748261
-0.0408217	0.0740555
-0.0392996	0.0802358
-0.0392215	0.0872513
-0.0388302	0.0771402
-0.0377002	0.113105
-0.0370899	0.0732861
-0.0363054	0.136761
-0.0338426	0.0725166
-0.032521	0.0794612
-0.032521	0.0794612
-0.0321981	0.0779134
-0.0312085	0.0717483
-0.0312085	0.0717483
-0.0300781	0.0709798
-0.0297434	0.0927671
-0.0297137	0.0786865
-0.0288542	0.0702124
-0.027155	0.0694448
-0.0243839	0.0686782
-0.0207157	0.131309
-0.0206043	0.0679114
-0.019588	0.142342
-0.0160179	0.0671456
-0.0159597	0.084124
-0.0141155	0.132211
-0.0136363	0.133113
-0.0106917	0.0663795
-0.00531494	0.0656143
-0.00386825	0.119894
3.97535e-06	0.113944
0.000406219	0.0648488
0.000476995	0
0.000927621	0.120753
0.00585601	0.0640841
0.00820077	0.0849037
0.00933581	0.0864673
0.0117607	0.0633192
0.0149055	0.096748
0.0163527	0.0856856
0.017854	0.062555
0.0193283	8.50803e-06
0.0204527	0.115631
0.024309	0.0959482
0.0247551	0.0617906
0.0309873	0.141405
0.0321571	0.0610267
0.0368358	0.114787
0.0378149	0.130414
0.0399525	0.0602626
0.0485277	0.059499
0.0488336	0.12863
0.0488759	0.0903962
0.0531005	3.39528e-05
0.0570439	0.0587353
0.066033	0.057972
0.0699551	0.140467
0.0749747	0.0572085
0.0841489	0.0564453
0.0907725	0.129518
0.0935491	0.055682
0.103284	0.0549189
0.104051	7.6057e-05
0.113339	0.0541558
0.115142	0.139537
0.123623	0.0533928
0.134369	0.0526297
0.14233	0.137684
0.144997	0.0518668
0.156047	0.0511038
0.16698	0.0503408
0.168358	0.138607
0.169962	0.000134486
0.178109	0.0495779
0.179226	0.091976
0.189498	0.0488149
0.190552	0.0911848
0.200788	0.0480519
0.21292	0.047289
0.224536	0.046526
0.237463	0.045763
0.248662	0.045
0.250024	0.000208618
0.257996	0.0443673
0.268133	0.0437347
0.277815	0.0431014
0.288082	0.0424681
0.298167	0.0418335
0.308629	0.041199
0.319027	0.0405625
0.329752	0.0399261
0.340584	0.0392872
0.343473	0.000298023
0.351456	0.0386484
0.362474	0.0380065
0.37391	0.0373646
0.385834	0.0367191
0.397674	0.0360737
0.409961	0.035424
0.422378	0.0347745
0.43521	0.0341202
0.443266	0.000401793
0.448281	0.0334661
0.461627	0.0328067
0.47537	0.0321476
0.489225	0.0314826
0.503659	0.030818
0.518199	0.0301471
0.533124	0.0294766
0.548331	0.0287994
0.550257	0.00051954
0.563783	0.0281226
0.579907	0.0274389
0.596121	0.0267556
0.613215	0.026065
0.630615	0.025375
0.648852	0.0246774
0.656928	0.000650161
0.668023	0.0239806
0.688309	0.0232761
0.708477	0.0225725
0.728736	0.0218613
0.752363	0.021151
0.763614	0.000793382
0.777256	0.0204333
0.802204	0.0197169
0.828579	0.0189934
0.85531	0.0182716
0.866249	0.000948021
0.883629	0.0175432
0.911758	0.0168169
0.940532	0.0160848
0.960435	0.00111391
0.969832	0.0153552
0.999718	0.0146208
0.999718	0.0146208
1.02965	0.0138895
1.04585	0.00128994
1.06002	0.0131548
1.09238	0.0124237
1.12366	0.00147596
1.12747	0.011691
1.16565	0.0109629
1.19553	0.00167106
1.20782	0.010236
1.2197	0.001875
1.25218	0.00951516
1.29404	0.0023775
1.29581	0.00879905
1.3394	0.00809123
1.37871	0.00739213
1.40305	0.00291779
1.40899	0.00670364
1.43004	0.00602788
1.4437	0.00349305
1.4473	0.00536561
1.46378	0.004721
1.46875	0.00409447
)
