(title "X-Wall Shear Stress")
(labels "X-Wall Shear Stress" "Position")

((xy/key/label "middleplane_pressureside")
-0.598951	0.0991534
-0.525748	0.0999597
-0.437674	0.107288
-0.426805	0.144233
-0.406953	0.108114
-0.388563	0.106467
-0.387005	0.143288
-0.329482	0.0927671
-0.327909	0.0983506
-0.304485	0.108939
-0.30407	0.093561
-0.248168	0.100766
-0.238266	0.105646
-0.238266	0.105646
-0.201995	0.145186
-0.193928	0.142342
-0.19285	0.091976
-0.126416	0.0943548
-0.124938	0.0872513
-0.120443	0.140467
-0.120127	0.119894
-0.117875	0.139537
-0.111294	0.0880352
-0.103643	0.141405
-0.100093	0.0864673
-0.0922544	0.119035
-0.0896457	0.109768
-0.0753756	0.138607
-0.0729517	0.136761
-0.0676939	0.137684
-0.0669883	0.0856856
-0.0568115	0.0810121
-0.0561243	0.0802358
-0.0512715	0.0794612
-0.0512715	0.0794612
-0.0501795	0.101576
-0.0477314	0.0817882
-0.0444205	0.125976
-0.0430962	0.0786865
-0.0412896	0.135846
-0.0403034	0.0740555
-0.0393799	0.0748261
-0.0390747	0.0732861
-0.036984	0.0755966
-0.0362746	0.0725166
-0.0356265	0.0779134
-0.0336981	0.1251
-0.0328024	0.0763685
-0.0320761	0.0717483
-0.0320761	0.0717483
-0.0310936	0.0771402
-0.0297307	0.0849037
-0.0283301	0.0709798
-0.026312	0.104829
-0.0251855	0.0702124
-0.0234951	0.0825663
-0.0232704	0.126859
-0.0232704	0.126859
-0.0225262	0.0694448
-0.0201013	0.0686782
-0.0191776	0.0888214
-0.0172532	0.0679114
-0.0168203	0.120753
-0.0137401	0.0671456
-0.00896561	0.0663795
-0.0061992	0.124224
-0.00373522	0.0656143
0.000479311	0
0.00179298	0.084124
0.00223236	0.0833441
0.00241906	0.0648488
0.00862713	0.0640841
0.0141144	0.146139
0.0150122	0.0633192
0.0191793	8.50803e-06
0.0215343	0.062555
0.0235588	0.130414
0.0258097	0.127741
0.0281741	0.0617906
0.0299965	0.13493
0.0354056	0.0610267
0.0372509	0.129518
0.0421175	0.131309
0.0427554	0.0602626
0.0462753	0.0951516
0.0492254	0.102385
0.0501368	0.0911848
0.0510218	0.059499
0.0511777	0.123353
0.0525534	3.39528e-05
0.0526276	0.12863
0.0595399	0.0587353
0.0598378	0.0975476
0.0685539	0.057972
0.0777736	0.0572085
0.0810048	0.1471
0.0870176	0.0564453
0.0880743	0.132211
0.0928867	0.121618
0.0934305	0.148061
0.0959215	0.118182
0.0965014	0.055682
0.0972878	0.148613
0.0972878	0.148613
0.0992797	0.149165
0.102976	7.6057e-05
0.104441	0.134021
0.10606	0.0549189
0.109518	0.149586
0.10979	0.122483
0.113198	0.103199
0.115147	0.104012
0.116003	0.0541558
0.117821	0.0896076
0.124308	0.149796
0.12591	0.133113
0.125967	0.0533928
0.135118	0.15
0.136541	0.0526297
0.137213	0.110598
0.143748	0.149901
0.147128	0.0518668
0.158047	0.0511038
0.168468	0.000134486
0.169104	0.0959482
0.169183	0.0503408
0.176194	0.149954
0.180184	0.0495779
0.19169	0.0488149
0.191946	0.0903962
0.202823	0.0480519
0.21477	0.047289
0.216414	0.14998
0.226298	0.046526
0.23887	0.045763
0.239325	0.096748
0.248313	0.000208618
0.250324	0.045
0.250566	0.111432
0.253139	0.149993
0.259603	0.0443673
0.260663	0.115631
0.269668	0.0437347
0.274562	0.117328
0.279277	0.0431014
0.281487	0.112266
0.284474	0.114787
0.289481	0.0424681
0.295114	0.116479
0.299564	0.0418335
0.299918	0.113105
0.309917	0.041199
0.315732	0.113944
0.320362	0.0405625
0.330944	0.0399261
0.341624	0.000298023
0.341839	0.0392872
0.352579	0.0386484
0.363616	0.0380065
0.374998	0.0373646
0.386857	0.0367191
0.398738	0.0360737
0.410888	0.035424
0.423394	0.0347745
0.436057	0.0341202
0.441352	0.000401793
0.449212	0.0334661
0.462442	0.0328067
0.476185	0.0321476
0.490086	0.0314826
0.504369	0.030818
0.519068	0.0301471
0.533761	0.0294766
0.548313	0.00051954
0.549098	0.0287994
0.564442	0.0281226
0.580539	0.0274389
0.596826	0.0267556
0.613746	0.026065
0.631309	0.025375
0.649369	0.0246774
0.654861	0.000650161
0.668531	0.0239806
0.688788	0.0232761
0.709136	0.0225725
0.729229	0.0218613
0.752518	0.021151
0.76151	0.000793382
0.777914	0.0204333
0.802479	0.0197169
0.828936	0.0189934
0.855761	0.0182716
0.864228	0.000948021
0.883826	0.0175432
0.912241	0.0168169
0.940606	0.0160848
0.958506	0.00111391
0.970132	0.0153552
0.999958	0.0146208
0.999958	0.0146208
1.0297	0.0138895
1.04395	0.00128994
1.06025	0.0131548
1.09226	0.0124237
1.12183	0.00147596
1.12755	0.011691
1.16567	0.0109629
1.19371	0.00167106
1.20767	0.010236
1.218	0.001875
1.2521	0.00951516
1.29255	0.0023775
1.29535	0.00879905
1.33911	0.00809123
1.37833	0.00739213
1.4016	0.00291779
1.40829	0.00670364
1.42936	0.00602788
1.44243	0.00349305
1.44651	0.00536561
1.46286	0.004721
1.46768	0.00409447
)
