(title "X-Wall Shear Stress")
(labels "X-Wall Shear Stress" "Position")

((xy/key/label "middleplane_pressureside")
-0.307839	0.103199
-0.294733	0.104012
-0.281052	0.102385
-0.267632	0.104829
-0.237849	0.0959482
-0.233571	0.096748
-0.228174	0.0903962
-0.222181	0.105646
-0.222181	0.105646
-0.213121	0.0896076
-0.199014	0.143288
-0.184221	0.106467
-0.181697	0.101576
-0.180371	0.142342
-0.177261	0.124224
-0.171008	0.0951516
-0.165612	0.0975476
-0.163653	0.123353
-0.151998	0.107288
-0.146258	0.135846
-0.138147	0.144233
-0.136598	0.136761
-0.128436	0.1251
-0.101146	0.108114
-0.0989297	0.141405
-0.094119	0.0983506
-0.0917799	0.114787
-0.0909591	0.113944
-0.0828374	0.122483
-0.0821925	0.0888214
-0.0789728	0.145186
-0.0787489	0.0833441
-0.0784208	0.13493
-0.0776157	0.113105
-0.0757772	0.137684
-0.0733121	0.108939
-0.064676	0.109768
-0.064146	0.146139
-0.0638353	0.084124
-0.0630275	0.115631
-0.0629188	0.0825663
-0.062099	0.100766
-0.0606427	0.0911848
-0.0560695	0.1471
-0.0469049	0.112266
-0.0453245	0.0763685
-0.0452811	0.125976
-0.0450887	0.0771402
-0.0419261	0.0943548
-0.0416952	0.0991534
-0.041388	0.0755966
-0.0396828	0.0779134
-0.039134	0.0817882
-0.0372017	0.0748261
-0.0348582	0.148061
-0.0335056	0.0740555
-0.031695	0.0786865
-0.0315972	0.110598
-0.0312618	0.0732861
-0.029934	0.0725166
-0.029791	0.0717483
-0.029791	0.0717483
-0.0294053	0.0709798
-0.0277899	0.0702124
-0.027296	0.0810121
-0.0260408	0.0794612
-0.0260408	0.0794612
-0.0255559	0.0849037
-0.0250126	0.0694448
-0.0250103	0.0802358
-0.0209601	0.0686782
-0.0176271	0.140467
-0.0169232	0.111432
-0.0165151	0.0679114
-0.0145394	0.0999597
-0.0115032	0.138607
-0.0115004	0.0671456
-0.00686509	0.0663795
-0.00260659	0.134021
-0.00197746	0.0656143
0.00047984	0
0.00287534	0.0648488
0.00628371	0.0856856
0.00784369	0.131309
0.00808419	0.0640841
0.0103127	0.148613
0.0103127	0.148613
0.0116011	0.116479
0.0139657	0.0633192
0.0141807	0.132211
0.0178931	0.133113
0.0180241	0.139537
0.0180403	0.0880352
0.0194803	8.50803e-06
0.0204347	0.062555
0.025814	0.130414
0.0277904	0.0864673
0.0278185	0.0617906
0.0354117	0.0610267
0.038437	0.121618
0.0436474	0.0602626
0.0444083	0.0872513
0.0451236	0.126859
0.0451236	0.126859
0.051571	0.059499
0.053591	3.39528e-05
0.059911	0.0587353
0.0672575	0.149165
0.0685293	0.057972
0.0771953	0.0572085
0.0863921	0.0564453
0.0925106	0.129518
0.0959172	0.055682
0.104944	7.6057e-05
0.105887	0.0549189
0.106714	0.117328
0.106932	0.149586
0.115246	0.127741
0.115919	0.0541558
0.120044	0.093561
0.123977	0.15
0.12492	0.091976
0.126402	0.0533928
0.13206	0.149796
0.13675	0.0526297
0.137485	0.12863
0.14735	0.0518668
0.149724	0.149901
0.153666	0.120753
0.158055	0.0511038
0.168834	0.0503408
0.171174	0.000134486
0.174554	0.149954
0.179398	0.118182
0.180036	0.0495779
0.191273	0.0488149
0.194129	0.0927671
0.202923	0.0480519
0.205623	0.14998
0.21488	0.047289
0.217134	0.119894
0.219299	0.119035
0.226689	0.046526
0.234547	0.149993
0.239375	0.045763
0.250292	0.045
0.251423	0.000208618
0.259765	0.0443673
0.269749	0.0437347
0.279525	0.0431014
0.289645	0.0424681
0.299799	0.0418335
0.310161	0.041199
0.320563	0.0405625
0.331271	0.0399261
0.342012	0.0392872
0.345009	0.000298023
0.352955	0.0386484
0.363809	0.0380065
0.375369	0.0373646
0.387131	0.0367191
0.399049	0.0360737
0.411269	0.035424
0.423637	0.0347745
0.436526	0.0341202
0.444905	0.000401793
0.449421	0.0334661
0.462901	0.0328067
0.476463	0.0321476
0.490483	0.0314826
0.504781	0.030818
0.51935	0.0301471
0.5343	0.0294766
0.549312	0.0287994
0.551964	0.00051954
0.564989	0.0281226
0.580834	0.0274389
0.597226	0.0267556
0.61416	0.026065
0.631555	0.025375
0.649911	0.0246774
0.658774	0.000650161
0.668899	0.0239806
0.689351	0.0232761
0.709129	0.0225725
0.729971	0.0218613
0.753258	0.021151
0.76553	0.000793382
0.777947	0.0204333
0.803336	0.0197169
0.829217	0.0189934
0.856278	0.0182716
0.868136	0.000948021
0.884397	0.0175432
0.912601	0.0168169
0.941514	0.0160848
0.962293	0.00111391
0.970506	0.0153552
1.00072	0.0146208
1.00072	0.0146208
1.03048	0.0138895
1.04771	0.00128994
1.06094	0.0131548
1.09329	0.0124237
1.12552	0.00147596
1.12817	0.011691
1.16667	0.0109629
1.19738	0.00167106
1.20866	0.010236
1.22148	0.001875
1.25322	0.00951516
1.29571	0.0023775
1.29684	0.00879905
1.34036	0.00809123
1.37992	0.00739213
1.40474	0.00291779
1.41015	0.00670364
1.43125	0.00602788
1.44527	0.00349305
1.44863	0.00536561
1.46513	0.004721
1.47019	0.00409447
)
