(title "X-Wall Shear Stress")
(labels "X-Wall Shear Stress" "Position")

((xy/key/label "middleplane_pressureside")
-0.686773	0.100766
-0.530719	0.0999597
-0.468727	0.101576
-0.325821	0.0951516
-0.281975	0.0943548
-0.262349	0.138607
-0.256964	0.137684
-0.252494	0.105646
-0.252494	0.105646
-0.213961	0.106467
-0.211243	0.104829
-0.208	0.0959482
-0.18908	0.0888214
-0.186524	0.0896076
-0.154202	0.107288
-0.147098	0.139537
-0.143565	0.102385
-0.133861	0.136761
-0.122187	0.108114
-0.118657	0.108939
-0.116487	0.109768
-0.1094	0.093561
-0.0963992	0.0880352
-0.0963507	0.148061
-0.0899533	0.0991534
-0.088139	0.148613
-0.088139	0.148613
-0.0822875	0.1471
-0.0733118	0.0825663
-0.0707372	0.104012
-0.0704788	0.130414
-0.0697713	0.110598
-0.0674928	0.131309
-0.0598048	0.0817882
-0.0597479	0.0833441
-0.0523435	0.146139
-0.0508984	0.149165
-0.044202	0.0810121
-0.0441381	0.0763685
-0.0439285	0.0755966
-0.0413078	0.0748261
-0.0395439	0.0771402
-0.0376568	0.0740555
-0.0351309	0.0802358
-0.0342018	0.0732861
-0.0324089	0.0779134
-0.0313825	0.0725166
-0.0296538	0.0717483
-0.0296538	0.0717483
-0.0296294	0.0794612
-0.0296294	0.0794612
-0.0289874	0.0709798
-0.0283642	0.0786865
-0.0276057	0.0702124
-0.0255369	0.0694448
-0.0245315	0.0872513
-0.0241864	0.084124
-0.0237548	0.129518
-0.0221829	0.0686782
-0.0203073	0.0903962
-0.0181098	0.0679114
-0.0134505	0.132211
-0.0131531	0.0671456
-0.0113138	0.140467
-0.00990454	0.149586
-0.00793824	0.0663795
-0.00785622	0.096748
-0.00350124	0.111432
-0.00277064	0.0656143
0.000485916	0
0.00256958	0.0648488
0.00289514	0.0849037
0.00787552	0.0640841
0.00833279	0.103199
0.00916389	0.0864673
0.0128665	0.0856856
0.0138172	0.0633192
0.0142981	0.135846
0.0152286	0.145186
0.01943	8.50803e-06
0.0200241	0.062555
0.0271885	0.0617906
0.0293392	0.149796
0.0346387	0.0610267
0.0380841	0.112266
0.0427732	0.117328
0.0428241	0.0602626
0.044128	0.12863
0.0469811	0.15
0.0479081	0.133113
0.0512604	0.059499
0.0533204	3.39528e-05
0.0548577	0.149901
0.0581668	0.118182
0.0595916	0.0587353
0.0639623	0.120753
0.066171	0.116479
0.0674428	0.141405
0.0684077	0.057972
0.0706598	0.113105
0.0711733	0.149954
0.0716233	0.125976
0.0759524	0.144233
0.0771636	0.121618
0.0771773	0.0572085
0.0791313	0.119894
0.0817161	0.14998
0.082552	0.126859
0.082552	0.126859
0.0846471	0.119035
0.0863312	0.0564453
0.0887911	0.127741
0.0900679	0.149993
0.0911853	0.134021
0.0931349	0.142342
0.0941297	0.13493
0.0957256	0.055682
0.0976965	0.143288
0.0995793	0.115631
0.104016	0.113944
0.104363	7.6057e-05
0.105617	0.0549189
0.10836	0.0927671
0.115666	0.0541558
0.116872	0.114787
0.119345	0.1251
0.126097	0.0533928
0.134259	0.122483
0.136676	0.0526297
0.147255	0.0518668
0.158023	0.0911848
0.158149	0.0511038
0.168903	0.0503408
0.170347	0.000134486
0.173106	0.0975476
0.180072	0.0495779
0.18764	0.124224
0.191312	0.0488149
0.193357	0.123353
0.20278	0.0480519
0.210789	0.0983506
0.214849	0.047289
0.218671	0.091976
0.226535	0.046526
0.239422	0.045763
0.250385	0.045
0.250471	0.000208618
0.259769	0.0443673
0.269823	0.0437347
0.27954	0.0431014
0.289728	0.0424681
0.299821	0.0418335
0.310242	0.041199
0.320603	0.0405625
0.331331	0.0399261
0.342086	0.0392872
0.343978	0.000298023
0.352998	0.0386484
0.363917	0.0380065
0.3754	0.0373646
0.387255	0.0367191
0.399093	0.0360737
0.411379	0.035424
0.423715	0.0347745
0.436596	0.0341202
0.443835	0.000401793
0.449559	0.0334661
0.462961	0.0328067
0.476604	0.0321476
0.490517	0.0314826
0.504913	0.030818
0.519418	0.0301471
0.5344	0.0294766
0.549458	0.0287994
0.550879	0.00051954
0.565024	0.0281226
0.581006	0.0274389
0.59727	0.0267556
0.614315	0.026065
0.631658	0.025375
0.649955	0.0246774
0.657615	0.000650161
0.669096	0.0239806
0.689406	0.0232761
0.7093	0.0225725
0.729904	0.0218613
0.753421	0.021151
0.764348	0.000793382
0.778098	0.0204333
0.803264	0.0197169
0.829435	0.0189934
0.856259	0.0182716
0.867002	0.000948021
0.884534	0.0175432
0.912599	0.0168169
0.941474	0.0160848
0.9612	0.00111391
0.970609	0.0153552
1.00059	0.0146208
1.00059	0.0146208
1.03051	0.0138895
1.04663	0.00128994
1.06083	0.0131548
1.09322	0.0124237
1.12446	0.00147596
1.12816	0.011691
1.16647	0.0109629
1.19633	0.00167106
1.20856	0.010236
1.22049	0.001875
1.25296	0.00951516
1.29483	0.0023775
1.29661	0.00879905
1.34011	0.00809123
1.3795	0.00739213
1.40387	0.00291779
1.40975	0.00670364
1.43077	0.00602788
1.44449	0.00349305
1.44809	0.00536561
1.46455	0.004721
1.46952	0.00409447
)
