(title "X-Wall Shear Stress")
(labels "X-Wall Shear Stress" "Position")

((xy/key/label "middleplane_pressureside")
-0.469693	0.104012
-0.407868	0.103199
-0.389417	0.0959482
-0.367349	0.096748
-0.360269	0.104829
-0.299979	0.102385
-0.252756	0.0903962
-0.245422	0.119035
-0.228131	0.101576
-0.207624	0.119894
-0.200138	0.118182
-0.183532	0.0951516
-0.180893	0.0896076
-0.161801	0.100766
-0.151212	0.0975476
-0.142828	0.0911848
-0.129128	0.117328
-0.123863	0.105646
-0.123863	0.105646
-0.0930211	0.112266
-0.090086	0.111432
-0.0864157	0.113105
-0.0859955	0.120753
-0.0766484	0.0833441
-0.0749003	0.110598
-0.0714614	0.084124
-0.0680583	0.113944
-0.0579063	0.0999597
-0.056668	0.0825663
-0.0561218	0.13493
-0.0539145	0.116479
-0.0463284	0.0771402
-0.0459765	0.0763685
-0.0451474	0.134021
-0.0417582	0.0755966
-0.0415902	0.0779134
-0.0415549	0.0849037
-0.0387879	0.109768
-0.0376549	0.135846
-0.0375741	0.0748261
-0.0340776	0.0740555
-0.0335288	0.114787
-0.0334744	0.0786865
-0.0333722	0.0817882
-0.0326252	0.0888214
-0.0320278	0.0732861
-0.0308658	0.0725166
-0.03084	0.0717483
-0.03084	0.0717483
-0.0305569	0.0709798
-0.0289977	0.0702124
-0.0265016	0.0794612
-0.0265016	0.0794612
-0.0263472	0.0694448
-0.0236389	0.0802358
-0.0228064	0.0810121
-0.0223986	0.0686782
-0.01809	0.0679114
-0.0163966	0.115631
-0.0131556	0.0671456
-0.0128919	0.133113
-0.00864012	0.145186
-0.00847956	0.0663795
-0.00811047	0.0856856
-0.00360845	0.0656143
0.000478191	0
0.00132278	0.0648488
0.00541255	0.146139
0.00614875	0.144233
0.00652539	0.0640841
0.0124472	0.0633192
0.0130542	0.12863
0.0139618	0.108939
0.0188448	0.062555
0.0193707	8.50803e-06
0.0222365	0.0864673
0.0231831	0.136761
0.0261551	0.0617906
0.0263774	0.121618
0.0278859	0.1471
0.0287411	0.129518
0.0328115	0.127741
0.0336777	0.0610267
0.0343477	0.132211
0.0379262	0.143288
0.0419063	0.0602626
0.0422978	0.0983506
0.0434395	0.148061
0.0436393	0.15
0.049982	0.059499
0.0512934	0.0872513
0.0532322	3.39528e-05
0.0558073	0.0880352
0.0580862	0.148613
0.0580862	0.148613
0.0581258	0.091976
0.0581526	0.0991534
0.0583079	0.0587353
0.0594528	0.106467
0.0624832	0.142342
0.0670153	0.057972
0.0710786	0.108114
0.0720676	0.126859
0.0720676	0.126859
0.0738166	0.130414
0.075726	0.0572085
0.0779108	0.149165
0.0780508	0.131309
0.0811969	0.0943548
0.0849433	0.0564453
0.0858155	0.141405
0.0882724	0.122483
0.0896213	0.149993
0.0912003	0.149586
0.0944349	0.055682
0.0947781	0.14998
0.0969764	0.149796
0.0980255	0.149901
0.0981718	0.149954
0.10207	0.137684
0.10429	7.6057e-05
0.10442	0.0549189
0.106727	0.107288
0.114479	0.0541558
0.116653	0.123353
0.120615	0.140467
0.124014	0.125976
0.124976	0.0533928
0.135457	0.0526297
0.139702	0.124224
0.146071	0.0518668
0.150191	0.1251
0.156365	0.138607
0.156907	0.0511038
0.159221	0.139537
0.167683	0.0503408
0.170282	0.000134486
0.178912	0.0495779
0.190162	0.0488149
0.195844	0.0927671
0.201758	0.0480519
0.213803	0.047289
0.225064	0.093561
0.225574	0.046526
0.238417	0.045763
0.249359	0.045
0.250389	0.000208618
0.258801	0.0443673
0.26885	0.0437347
0.278611	0.0431014
0.288789	0.0424681
0.298922	0.0418335
0.309341	0.041199
0.319732	0.0405625
0.330476	0.0399261
0.341235	0.0392872
0.343872	0.000298023
0.352183	0.0386484
0.363084	0.0380065
0.374619	0.0373646
0.386444	0.0367191
0.398331	0.0360737
0.410601	0.035424
0.42296	0.0347745
0.435865	0.0341202
0.443688	0.000401793
0.448802	0.0334661
0.462255	0.0328067
0.475867	0.0321476
0.489855	0.0314826
0.504209	0.030818
0.518762	0.0301471
0.533735	0.0294766
0.548771	0.0287994
0.550696	0.00051954
0.564418	0.0281226
0.580327	0.0274389
0.596684	0.0267556
0.613661	0.026065
0.631049	0.025375
0.649399	0.0246774
0.657403	0.000650161
0.66843	0.0239806
0.688832	0.0232761
0.708676	0.0225725
0.729478	0.0218613
0.752788	0.021151
0.764108	0.000793382
0.777475	0.0204333
0.802846	0.0197169
0.828756	0.0189934
0.85579	0.0182716
0.866734	0.000948021
0.883912	0.0175432
0.912131	0.0168169
0.941	0.0160848
0.960911	0.00111391
0.970024	0.0153552
1.0002	0.0146208
1.0002	0.0146208
1.02993	0.0138895
1.04632	0.00128994
1.0604	0.0131548
1.09273	0.0124237
1.12414	0.00147596
1.12764	0.011691
1.16604	0.0109629
1.196	0.00167106
1.20805	0.010236
1.22016	0.001875
1.25254	0.00951516
1.29447	0.0023775
1.29616	0.00879905
1.33962	0.00809123
1.37911	0.00739213
1.40349	0.00291779
1.40933	0.00670364
1.43034	0.00602788
1.44411	0.00349305
1.44768	0.00536561
1.46414	0.004721
1.46913	0.00409447
)
