(title "X-Wall Shear Stress")
(labels "X-Wall Shear Stress" "Position")

((xy/key/label "middleplane_pressureside")
-0.424868	0.096748
-0.365874	0.0959482
-0.267999	0.0911848
-0.243464	0.101576
-0.24117	0.102385
-0.229906	0.0903962
-0.204153	0.0975476
-0.17791	0.100766
-0.170783	0.0999597
-0.164644	0.118182
-0.142328	0.117328
-0.137519	0.103199
-0.131634	0.149993
-0.118879	0.0991534
-0.114628	0.091976
-0.10592	0.119035
-0.0950181	0.110598
-0.0909612	0.109768
-0.0886371	0.14998
-0.0827435	0.0849037
-0.0806837	0.084124
-0.0752565	0.15
-0.0633182	0.0856856
-0.0577375	0.0833441
-0.0540698	0.0896076
-0.0533282	0.0983506
-0.0485087	0.0779134
-0.0465447	0.0771402
-0.0452885	0.0786865
-0.045288	0.116479
-0.0405277	0.0763685
-0.0396139	0.149954
-0.0377869	0.0794612
-0.0377869	0.0794612
-0.0356633	0.104012
-0.0354736	0.0755966
-0.0349827	0.0951516
-0.0332792	0.0725166
-0.0332612	0.0717483
-0.0332612	0.0717483
-0.0330614	0.0748261
-0.0327963	0.0732861
-0.0324306	0.0740555
-0.031295	0.0709798
-0.0285598	0.0802358
-0.0281082	0.0702124
-0.0272021	0.0864673
-0.0271977	0.0825663
-0.0269643	0.111432
-0.0240185	0.0694448
-0.0226178	0.119894
-0.0204235	0.0810121
-0.019794	0.0686782
-0.0160694	0.130414
-0.015664	0.0679114
-0.0139679	0.0817882
-0.012386	0.146139
-0.0116146	0.0671456
-0.00767275	0.0663795
-0.00628433	0.145186
-0.00486284	0.131309
-0.00321702	0.149901
-0.00320742	0.0656143
0.000486001	0
0.00151548	0.0648488
0.00265319	0.1471
0.00620775	0.129518
0.0073449	0.0640841
0.00767504	0.108939
0.0110516	0.148061
0.0112555	0.149796
0.0124307	0.121618
0.0137436	0.0633192
0.0152334	0.148613
0.0152334	0.148613
0.0157497	0.149586
0.0163525	0.136761
0.0184134	0.104829
0.0190217	0.0872513
0.0191102	8.50803e-06
0.019242	0.120753
0.020795	0.062555
0.0217843	0.105646
0.0217843	0.105646
0.0219642	0.122483
0.0222622	0.149165
0.0281701	0.0617906
0.0310715	0.144233
0.0356704	0.0610267
0.0367439	0.12863
0.0380413	0.137684
0.0433432	0.0602626
0.0435395	0.106467
0.0510372	0.059499
0.0521443	3.39528e-05
0.0585694	0.132211
0.0594474	0.0587353
0.0631068	0.112266
0.0632042	0.127741
0.0678826	0.057972
0.0697064	0.135846
0.076924	0.0572085
0.0771813	0.0880352
0.0807744	0.126859
0.0807744	0.126859
0.0807841	0.0888214
0.0836747	0.0927671
0.0851454	0.123353
0.0863682	0.0564453
0.0895738	0.115631
0.0918365	0.138607
0.0961141	0.055682
0.100432	0.107288
0.102142	7.6057e-05
0.103074	0.108114
0.103259	0.125976
0.106017	0.0549189
0.11606	0.0541558
0.12373	0.139537
0.126339	0.0533928
0.135114	0.1251
0.136099	0.143288
0.136512	0.0526297
0.13917	0.124224
0.142193	0.133113
0.145257	0.13493
0.147168	0.0518668
0.147735	0.113105
0.156582	0.140467
0.157759	0.0511038
0.167357	0.000134486
0.168834	0.0503408
0.179258	0.134021
0.180025	0.0495779
0.190158	0.114787
0.191471	0.0488149
0.200629	0.113944
0.203119	0.0480519
0.21496	0.047289
0.222663	0.093561
0.225262	0.0943548
0.226796	0.046526
0.227261	0.141405
0.239158	0.045763
0.240833	0.142342
0.247073	0.000208618
0.250363	0.045
0.25987	0.0443673
0.269831	0.0437347
0.279621	0.0431014
0.289713	0.0424681
0.299932	0.0418335
0.310221	0.041199
0.320729	0.0405625
0.331345	0.0399261
0.340315	0.000298023
0.342187	0.0392872
0.35307	0.0386484
0.363963	0.0380065
0.375534	0.0373646
0.387239	0.0367191
0.399245	0.0360737
0.411344	0.035424
0.423851	0.0347745
0.436615	0.0341202
0.440011	0.000401793
0.449612	0.0334661
0.463074	0.0328067
0.476584	0.0321476
0.490707	0.0314826
0.504855	0.030818
0.519587	0.0301471
0.534386	0.0294766
0.546957	0.00051954
0.549528	0.0287994
0.565139	0.0281226
0.580922	0.0274389
0.597442	0.0267556
0.614218	0.026065
0.6318	0.025375
0.650028	0.0246774
0.653425	0.000650161
0.668862	0.0239806
0.68946	0.0232761
0.709358	0.0225725
0.730101	0.0218613
0.753079	0.021151
0.760042	0.000793382
0.778105	0.0204333
0.80327	0.0197169
0.829072	0.0189934
0.856349	0.0182716
0.8628	0.000948021
0.884145	0.0175432
0.912588	0.0168169
0.941174	0.0160848
0.957159	0.00111391
0.970238	0.0153552
1.00047	0.0146208
1.00047	0.0146208
1.02997	0.0138895
1.04265	0.00128994
1.06057	0.0131548
1.09259	0.0124237
1.12057	0.00147596
1.12752	0.011691
1.16595	0.0109629
1.19246	0.00167106
1.20768	0.010236
1.21684	0.001875
1.25218	0.00951516
1.29156	0.0023775
1.29546	0.00879905
1.33886	0.00809123
1.37821	0.00739213
1.40066	0.00291779
1.40808	0.00670364
1.42892	0.00602788
1.44163	0.00349305
1.4461	0.00536561
1.46234	0.004721
1.46701	0.00409447
)
