(title "X-Wall Shear Stress")
(labels "X-Wall Shear Stress" "Position")

((xy/key/label "middleplane_pressureside")
-0.592798	0.102385
-0.49493	0.101576
-0.443341	0.103199
-0.364807	0.0959482
-0.306459	0.096748
-0.282647	0.0951516
-0.240305	0.0896076
-0.230325	0.0903962
-0.219696	0.104012
-0.166956	0.100766
-0.163213	0.127741
-0.156777	0.111432
-0.146704	0.118182
-0.144963	0.110598
-0.143299	0.126859
-0.143299	0.126859
-0.137927	0.12863
-0.124148	0.148061
-0.122708	0.0888214
-0.120488	0.123353
-0.120061	0.141405
-0.119708	0.148613
-0.119708	0.148613
-0.117508	0.122483
-0.113405	0.142342
-0.113267	0.125976
-0.108426	0.140467
-0.108006	0.112266
-0.104779	0.1471
-0.10385	0.124224
-0.103501	0.104829
-0.0996148	0.0975476
-0.0995771	0.1251
-0.0995495	0.109768
-0.0951364	0.149165
-0.0869561	0.143288
-0.0866763	0.139537
-0.0745083	0.146139
-0.0739648	0.0833441
-0.0738899	0.129518
-0.0705775	0.0825663
-0.0695243	0.0943548
-0.0684561	0.121618
-0.0673413	0.105646
-0.0673413	0.105646
-0.066626	0.117328
-0.0660295	0.138607
-0.0631385	0.113944
-0.0603914	0.144233
-0.0600833	0.119035
-0.0576336	0.113105
-0.0544934	0.149586
-0.0523178	0.145186
-0.0521169	0.137684
-0.0511004	0.108939
-0.0510199	0.0817882
-0.0448933	0.084124
-0.0447427	0.0763685
-0.0433155	0.0755966
-0.0430116	0.136761
-0.0409714	0.0771402
-0.0397987	0.0748261
-0.0368697	0.0911848
-0.0365596	0.0810121
-0.0356654	0.0740555
-0.0348486	0.106467
-0.0335253	0.0779134
-0.0323255	0.0732861
-0.0323099	0.135846
-0.0296853	0.0725166
-0.0286431	0.0717483
-0.0286431	0.0717483
-0.0285963	0.0802358
-0.0283184	0.0709798
-0.0277468	0.0786865
-0.0274409	0.0702124
-0.0258854	0.0794612
-0.0258854	0.0794612
-0.0254823	0.0694448
-0.0231392	0.13493
-0.0220265	0.0686782
-0.0191031	0.0880352
-0.0178588	0.0679114
-0.0137694	0.134021
-0.0135945	0.108114
-0.0127881	0.0671456
-0.0097626	0.0849037
-0.00961174	0.130414
-0.00928382	0.107288
-0.00781643	0.0663795
-0.00260502	0.0656143
-0.000565176	0.120753
0.00048023	0
0.000512289	0.149796
0.00240691	0.0648488
0.00757	0.0640841
0.012584	0.133113
0.0132322	0.0633192
0.0132436	0.0856856
0.0181477	0.119894
0.0193091	8.50803e-06
0.0194177	0.062555
0.024797	0.0872513
0.0250657	0.0864673
0.0265939	0.0617906
0.0313372	0.131309
0.0340836	0.0610267
0.0389476	0.132211
0.0403721	0.114787
0.042334	0.0602626
0.0487497	0.149901
0.0503794	0.059499
0.0529945	3.39528e-05
0.0588165	0.0587353
0.067466	0.057972
0.0761134	0.0572085
0.0848014	0.15
0.085257	0.0564453
0.0911743	0.149954
0.0946833	0.055682
0.103817	7.6057e-05
0.104623	0.0549189
0.113321	0.0983506
0.114652	0.0541558
0.12516	0.0533928
0.127679	0.14998
0.135585	0.0526297
0.144142	0.0999597
0.146203	0.0518668
0.156644	0.149993
0.156956	0.091976
0.156972	0.0511038
0.161277	0.116479
0.167718	0.0503408
0.169635	0.000134486
0.177505	0.093561
0.178932	0.0495779
0.19014	0.0488149
0.201772	0.0480519
0.213773	0.047289
0.219946	0.0991534
0.222941	0.115631
0.225566	0.046526
0.238363	0.045763
0.249275	0.045
0.249654	0.000208618
0.251646	0.0927671
0.258732	0.0443673
0.268748	0.0437347
0.27852	0.0431014
0.288677	0.0424681
0.29882	0.0418335
0.309226	0.041199
0.319615	0.0405625
0.330357	0.0399261
0.341101	0.0392872
0.343082	0.000298023
0.352054	0.0386484
0.362937	0.0380065
0.374478	0.0373646
0.386294	0.0367191
0.398179	0.0360737
0.410457	0.035424
0.422804	0.0347745
0.435728	0.0341202
0.442872	0.000401793
0.448641	0.0334661
0.462111	0.0328067
0.475718	0.0321476
0.489699	0.0314826
0.50406	0.030818
0.518587	0.0301471
0.533587	0.0294766
0.548612	0.0287994
0.549865	0.00051954
0.564259	0.0281226
0.580186	0.0274389
0.596512	0.0267556
0.613531	0.026065
0.630891	0.025375
0.649231	0.0246774
0.656513	0.000650161
0.668335	0.0239806
0.688695	0.0232761
0.708554	0.0225725
0.729248	0.0218613
0.752712	0.021151
0.763198	0.000793382
0.777375	0.0204333
0.802629	0.0197169
0.828732	0.0189934
0.855607	0.0182716
0.865859	0.000948021
0.883867	0.0175432
0.911953	0.0168169
0.940865	0.0160848
0.960067	0.00111391
0.969952	0.0153552
1	0.0146208
1	0.0146208
1.02988	0.0138895
1.04549	0.00128994
1.06024	0.0131548
1.09259	0.0124237
1.12332	0.00147596
1.12753	0.011691
1.16588	0.0109629
1.19518	0.00167106
1.20792	0.010236
1.21939	0.001875
1.25233	0.00951516
1.2938	0.0023775
1.29591	0.00879905
1.33944	0.00809123
1.37877	0.00739213
1.40283	0.00291779
1.409	0.00670364
1.43	0.00602788
1.44352	0.00349305
1.44725	0.00536561
1.46369	0.004721
1.46861	0.00409447
)
