(title "X-Wall Shear Stress")
(labels "X-Wall Shear Stress" "Position")

((xy/key/label "middleplane_pressureside")
-0.501596	0.102385
-0.487562	0.103199
-0.381686	0.0959482
-0.349336	0.096748
-0.323145	0.104012
-0.30732	0.101576
-0.286699	0.0951516
-0.246502	0.0896076
-0.230411	0.111432
-0.227929	0.110598
-0.221986	0.0903962
-0.190052	0.0975476
-0.18839	0.104829
-0.158655	0.112266
-0.153656	0.109768
-0.124097	0.105646
-0.124097	0.105646
-0.120744	0.0888214
-0.081193	0.0833441
-0.0802838	0.106467
-0.0709253	0.0825663
-0.0602604	0.108939
-0.0599985	0.0943548
-0.0585766	0.084124
-0.0543999	0.113105
-0.0469422	0.0817882
-0.0467795	0.0763685
-0.0449022	0.0771402
-0.0439169	0.0755966
-0.0399158	0.0748261
-0.0383834	0.0779134
-0.0359154	0.0740555
-0.0334347	0.107288
-0.0331826	0.0810121
-0.0330256	0.0732861
-0.0314989	0.100766
-0.0310255	0.0725166
-0.0309505	0.0786865
-0.0303514	0.0717483
-0.0303514	0.0717483
-0.0299468	0.0709798
-0.0285574	0.0702124
-0.0281839	0.0802358
-0.027314	0.0794612
-0.027314	0.0794612
-0.0266738	0.142342
-0.0261083	0.0694448
-0.0222592	0.0686782
-0.0219993	0.0849037
-0.0178733	0.0679114
-0.0173777	0.146139
-0.0168941	0.0911848
-0.0161776	0.141405
-0.0128502	0.108114
-0.0127368	0.0671456
-0.0122179	0.119035
-0.00804146	0.145186
-0.00785339	0.143288
-0.00776231	0.0663795
-0.00264948	0.0656143
-0.00204318	0.0880352
0.000488516	0
0.00193909	0.1471
0.00204568	0.136761
0.00246349	0.0648488
0.00257904	0.144233
0.00598871	0.119894
0.00641832	0.0856856
0.00773524	0.0640841
0.013057	0.118182
0.0130795	0.15
0.013621	0.0633192
0.0191962	8.50803e-06
0.0199882	0.062555
0.0205821	0.0983506
0.0247786	0.148061
0.0248065	0.135846
0.0250325	0.0864673
0.027305	0.0617906
0.0288321	0.149993
0.0291134	0.140467
0.0342201	0.149796
0.0343067	0.14998
0.0343429	0.137684
0.0348988	0.0610267
0.0358727	0.149901
0.0361099	0.148613
0.0361099	0.148613
0.0363007	0.149586
0.037136	0.149954
0.0392575	0.0872513
0.0423252	0.149165
0.0432212	0.0602626
0.0444716	0.113944
0.0472924	0.126859
0.0472924	0.126859
0.0514005	0.059499
0.0521095	0.127741
0.0524869	3.39528e-05
0.054653	0.117328
0.0598265	0.0587353
0.065431	0.120753
0.0685762	0.057972
0.0738364	0.13493
0.0751051	0.139537
0.0773181	0.0572085
0.0782899	0.138607
0.0795549	0.125976
0.082113	0.116479
0.084896	0.12863
0.0865287	0.0564453
0.0960026	0.055682
0.0962038	0.114787
0.0983228	0.115631
0.102794	7.6057e-05
0.105989	0.0549189
0.113723	0.134021
0.116042	0.0541558
0.121134	0.129518
0.126542	0.0533928
0.135531	0.133113
0.136556	0.1251
0.137014	0.0526297
0.147629	0.0518668
0.150214	0.0999597
0.151179	0.132211
0.152747	0.121618
0.152811	0.130414
0.154448	0.0991534
0.158446	0.0511038
0.164395	0.131309
0.168217	0.000134486
0.169209	0.0503408
0.173913	0.091976
0.174317	0.093561
0.180421	0.0495779
0.191648	0.0488149
0.200317	0.124224
0.203229	0.0480519
0.215245	0.047289
0.222931	0.122483
0.227003	0.046526
0.238693	0.123353
0.239815	0.045763
0.248049	0.000208618
0.250737	0.045
0.250772	0.0927671
0.260166	0.0443673
0.27019	0.0437347
0.279935	0.0431014
0.290089	0.0424681
0.300206	0.0418335
0.3106	0.041199
0.320975	0.0405625
0.331696	0.0399261
0.341368	0.000298023
0.342436	0.0392872
0.353366	0.0386484
0.364243	0.0380065
0.375766	0.0373646
0.387562	0.0367191
0.399438	0.0360737
0.411683	0.035424
0.424027	0.0347745
0.436916	0.0341202
0.441116	0.000401793
0.449824	0.0334661
0.463271	0.0328067
0.476848	0.0321476
0.490827	0.0314826
0.505158	0.030818
0.519697	0.0301471
0.534652	0.0294766
0.548097	0.00051954
0.549669	0.0287994
0.565288	0.0281226
0.581187	0.0274389
0.59752	0.0267556
0.61448	0.026065
0.631857	0.025375
0.650146	0.0246774
0.65464	0.000650161
0.669246	0.0239806
0.689609	0.0232761
0.709348	0.0225725
0.730099	0.0218613
0.753531	0.021151
0.761296	0.000793382
0.778123	0.0204333
0.803429	0.0197169
0.829394	0.0189934
0.856311	0.0182716
0.864034	0.000948021
0.884472	0.0175432
0.912584	0.0168169
0.941458	0.0160848
0.958338	0.00111391
0.970428	0.0153552
1.00055	0.0146208
1.00055	0.0146208
1.03028	0.0138895
1.0438	0.00128994
1.06066	0.0131548
1.09293	0.0124237
1.12169	0.00147596
1.12778	0.011691
1.16612	0.0109629
1.19358	0.00167106
1.20803	0.010236
1.21789	0.001875
1.2524	0.00951516
1.2925	0.0023775
1.2959	0.00879905
1.33927	0.00809123
1.37856	0.00739213
1.40158	0.00291779
1.40864	0.00670364
1.42948	0.00602788
1.44245	0.00349305
1.44667	0.00536561
1.46299	0.004721
1.46773	0.00409447
)
