(title "X-Wall Shear Stress")
(labels "X-Wall Shear Stress" "Position")

((xy/key/label "middleplane_pressureside")
-0.361212	0.101576
-0.332671	0.103199
-0.331397	0.102385
-0.321953	0.100766
-0.311749	0.0951516
-0.30869	0.104012
-0.299674	0.113944
-0.289047	0.113105
-0.275436	0.0943548
-0.236593	0.0999597
-0.223434	0.0991534
-0.220326	0.114787
-0.203015	0.104829
-0.1968	0.112266
-0.184567	0.0959482
-0.175645	0.0896076
-0.171741	0.0888214
-0.160776	0.149993
-0.118805	0.14998
-0.118743	0.115631
-0.116801	0.111432
-0.108463	0.093561
-0.0929178	0.0983506
-0.0907248	0.15
-0.0893311	0.110598
-0.0883536	0.0880352
-0.0833928	0.149954
-0.0737473	0.149901
-0.0722524	0.149796
-0.0713407	0.0825663
-0.0628589	0.105646
-0.0628589	0.105646
-0.0591207	0.0833441
-0.0580395	0.0817882
-0.0495768	0.144233
-0.0468759	0.116479
-0.0457363	0.145186
-0.0441564	0.0763685
-0.0438663	0.0810121
-0.0435569	0.0755966
-0.0408794	0.0748261
-0.0404185	0.0771402
-0.0403274	0.119035
-0.0374831	0.149586
-0.0372336	0.0740555
-0.0355549	0.0802358
-0.0346961	0.118182
-0.0339639	0.0732861
-0.0338803	0.0779134
-0.0312942	0.0725166
-0.0303309	0.0794612
-0.0303309	0.0794612
-0.0297732	0.0717483
-0.0297732	0.0717483
-0.0296375	0.0786865
-0.0289766	0.0709798
-0.0273964	0.0702124
-0.0251047	0.0694448
-0.024321	0.117328
-0.024233	0.0872513
-0.02418	0.084124
-0.0229548	0.0903962
-0.0215146	0.0686782
-0.0187528	0.109768
-0.0173219	0.0679114
-0.0122996	0.0671456
-0.00723702	0.0663795
-0.00206787	0.0656143
-0.00200503	0.119894
0.00047649	0
0.00324284	0.0648488
0.00337621	0.0849037
0.00825769	0.0864673
0.00864963	0.0640841
0.0104536	0.136761
0.0130412	0.0856856
0.0146272	0.0633192
0.0161212	0.137684
0.0191705	8.50803e-06
0.0195052	0.096748
0.0209777	0.062555
0.0244616	0.149165
0.0282895	0.0617906
0.035846	0.0610267
0.0405288	0.135846
0.0440863	0.0602626
0.0441358	0.138607
0.0453844	0.106467
0.0522976	0.059499
0.0525269	3.39528e-05
0.0594023	0.120753
0.0606495	0.0587353
0.0694154	0.057972
0.0781694	0.0572085
0.0846055	0.130414
0.0851505	0.0975476
0.0873548	0.0564453
0.0889593	0.148613
0.0889593	0.148613
0.0917972	0.131309
0.0937014	0.121618
0.0937801	0.13493
0.0953887	0.123353
0.0959667	0.146139
0.0968075	0.055682
0.0971113	0.122483
0.0999757	0.139537
0.102935	7.6057e-05
0.103708	0.129518
0.106753	0.0549189
0.10799	0.124224
0.113193	0.0927671
0.116775	0.0541558
0.117567	0.132211
0.118176	0.143288
0.121616	0.107288
0.123667	0.1251
0.127224	0.0533928
0.127611	0.108939
0.129356	0.12863
0.132544	0.134021
0.134326	0.125976
0.136335	0.133113
0.137676	0.0526297
0.142283	0.126859
0.142283	0.126859
0.143007	0.127741
0.143221	0.148061
0.148255	0.0518668
0.15737	0.0911848
0.159043	0.0511038
0.168441	0.000134486
0.169336	0.1471
0.169781	0.0503408
0.180943	0.0495779
0.182399	0.108114
0.189909	0.140467
0.192143	0.0488149
0.203675	0.0480519
0.215667	0.047289
0.227241	0.091976
0.227387	0.046526
0.240176	0.045763
0.248319	0.000208618
0.251071	0.045
0.260469	0.0443673
0.26206	0.142342
0.270478	0.0437347
0.272792	0.141405
0.280198	0.0431014
0.290337	0.0424681
0.300431	0.0418335
0.310812	0.041199
0.321163	0.0405625
0.33187	0.0399261
0.341668	0.000298023
0.342591	0.0392872
0.353503	0.0386484
0.36437	0.0380065
0.375871	0.0373646
0.387668	0.0367191
0.39952	0.0360737
0.411762	0.035424
0.424089	0.0347745
0.436966	0.0341202
0.441424	0.000401793
0.449873	0.0334661
0.463296	0.0328067
0.476882	0.0321476
0.490827	0.0314826
0.50517	0.030818
0.519685	0.0301471
0.534641	0.0294766
0.548404	0.00051954
0.549656	0.0287994
0.565254	0.0281226
0.581161	0.0274389
0.597464	0.0267556
0.614446	0.026065
0.631789	0.025375
0.650105	0.0246774
0.654959	0.000650161
0.669156	0.0239806
0.689532	0.0232761
0.709308	0.0225725
0.730029	0.0218613
0.753428	0.021151
0.761615	0.000793382
0.778051	0.0204333
0.803315	0.0197169
0.829303	0.0189934
0.856238	0.0182716
0.864334	0.000948021
0.884394	0.0175432
0.912499	0.0168169
0.94132	0.0160848
0.958611	0.00111391
0.970372	0.0153552
1.00042	0.0146208
1.00042	0.0146208
1.03021	0.0138895
1.04406	0.00128994
1.06056	0.0131548
1.09283	0.0124237
1.12193	0.00147596
1.12774	0.011691
1.16603	0.0109629
1.19381	0.00167106
1.20799	0.010236
1.2181	0.001875
1.25234	0.00951516
1.29266	0.0023775
1.29584	0.00879905
1.33928	0.00809123
1.37855	0.00739213
1.40174	0.00291779
1.40863	0.00670364
1.42953	0.00602788
1.44258	0.00349305
1.44672	0.00536561
1.46305	0.004721
1.46783	0.00409447
)
