(title "X-Wall Shear Stress")
(labels "X-Wall Shear Stress" "Position")

((xy/key/label "middleplane_pressureside")
-0.542962	0.100766
-0.466854	0.0999597
-0.348408	0.101576
-0.284381	0.0943548
-0.276314	0.093561
-0.249378	0.0991534
-0.237637	0.149993
-0.167186	0.14998
-0.13824	0.0888214
-0.136843	0.0880352
-0.134836	0.15
-0.129578	0.0951516
-0.118438	0.0927671
-0.0945662	0.0872513
-0.0933608	0.149954
-0.0898762	0.102385
-0.0766013	0.148061
-0.0755763	0.111432
-0.0736953	0.149586
-0.0730805	0.149165
-0.0722114	0.148613
-0.0722114	0.148613
-0.0673303	0.1471
-0.067079	0.108114
-0.0652864	0.112266
-0.0632973	0.107288
-0.0596312	0.0817882
-0.0561358	0.0810121
-0.0551617	0.149796
-0.0530108	0.0864673
-0.0507945	0.149901
-0.0500345	0.0802358
-0.0469664	0.0825663
-0.045195	0.0983506
-0.0417684	0.0794612
-0.0417684	0.0794612
-0.0401172	0.0748261
-0.0395153	0.0740555
-0.0386938	0.0755966
-0.0370543	0.0732861
-0.0349746	0.0763685
-0.0341632	0.0786865
-0.034056	0.146139
-0.0336104	0.0725166
-0.0300848	0.0771402
-0.0297053	0.0779134
-0.0296232	0.0717483
-0.0296232	0.0717483
-0.0289808	0.0896076
-0.0268087	0.0709798
-0.0243584	0.0702124
-0.0223543	0.0694448
-0.0200378	0.0686782
-0.0174125	0.0833441
-0.0170709	0.0679114
-0.0166913	0.0856856
-0.0131601	0.0671456
-0.00826621	0.0663795
-0.00290257	0.0656143
0.000469341	0
0.00325891	0.0648488
0.00561324	0.145186
0.00679646	0.084124
0.00700909	0.0849037
0.00806736	0.110598
0.009153	0.0640841
0.011887	0.106467
0.0127347	0.108939
0.0148012	0.103199
0.0154253	0.0633192
0.019623	8.50803e-06
0.0215892	0.062555
0.0221707	0.119894
0.0245544	0.144233
0.0271781	0.120753
0.028234	0.0617906
0.0321587	0.141405
0.0326623	0.142342
0.0338923	0.104012
0.0339577	0.143288
0.0350164	0.113105
0.0353736	0.0610267
0.0428654	0.0602626
0.0512657	0.059499
0.0542214	3.39528e-05
0.0544536	0.0959482
0.0569109	0.121618
0.0597464	0.0587353
0.0659722	0.109768
0.0681911	0.104829
0.0688031	0.057972
0.0689628	0.114787
0.0694267	0.119035
0.0701721	0.140467
0.0735351	0.105646
0.0735351	0.105646
0.075737	0.122483
0.0778288	0.0572085
0.0870381	0.0564453
0.0900186	0.113944
0.0964116	0.055682
0.097374	0.115631
0.0986905	0.123353
0.103379	0.091976
0.105969	0.0549189
0.106229	7.6057e-05
0.106858	0.13493
0.11255	0.125976
0.115888	0.0541558
0.118832	0.0975476
0.124061	0.0903962
0.124612	0.1251
0.125938	0.0533928
0.126648	0.134021
0.127112	0.124224
0.13658	0.0526297
0.140274	0.126859
0.140274	0.126859
0.147133	0.0518668
0.149661	0.139537
0.155053	0.118182
0.155644	0.135846
0.155961	0.096748
0.158134	0.0511038
0.167509	0.133113
0.169119	0.0503408
0.172984	0.000134486
0.177694	0.116479
0.180151	0.0495779
0.185142	0.127741
0.191559	0.0488149
0.195804	0.129518
0.199756	0.132211
0.200256	0.12863
0.201625	0.130414
0.202679	0.0480519
0.203761	0.0911848
0.209763	0.131309
0.209954	0.117328
0.214705	0.047289
0.226204	0.046526
0.227248	0.138607
0.233134	0.136761
0.238972	0.045763
0.250279	0.045
0.253521	0.000208618
0.259529	0.0443673
0.260831	0.137684
0.269627	0.0437347
0.279227	0.0431014
0.289463	0.0424681
0.299502	0.0418335
0.309908	0.041199
0.320298	0.0405625
0.330937	0.0399261
0.341788	0.0392872
0.347293	0.000298023
0.352563	0.0386484
0.363594	0.0380065
0.374964	0.0373646
0.386865	0.0367191
0.398696	0.0360737
0.410915	0.035424
0.423357	0.0347745
0.436087	0.0341202
0.447293	0.000401793
0.449206	0.0334661
0.462454	0.0328067
0.476237	0.0321476
0.490073	0.0314826
0.504437	0.030818
0.519053	0.0301471
0.533832	0.0294766
0.549137	0.0287994
0.554396	0.00051954
0.564486	0.0281226
0.580642	0.0274389
0.596866	0.0267556
0.613891	0.026065
0.631375	0.025375
0.649517	0.0246774
0.661372	0.000650161
0.668663	0.0239806
0.688945	0.0232761
0.709361	0.0225725
0.729361	0.0218613
0.752846	0.021151
0.768179	0.000793382
0.778134	0.0204333
0.802828	0.0197169
0.829333	0.0189934
0.8561	0.0182716
0.870677	0.000948021
0.884356	0.0175432
0.912663	0.0168169
0.94125	0.0160848
0.964731	0.00111391
0.970774	0.0153552
1.00061	0.0146208
1.00061	0.0146208
1.03053	0.0138895
1.05012	0.00128994
1.06106	0.0131548
1.09332	0.0124237
1.12787	0.00147596
1.12865	0.011691
1.16684	0.0109629
1.19971	0.00167106
1.20912	0.010236
1.22366	0.001875
1.25364	0.00951516
1.29727	0.00879905
1.29764	0.0023775
1.34117	0.00809123
1.3806	0.00739213
1.40663	0.00291779
1.41103	0.00670364
1.43235	0.00602788
1.44696	0.00349305
1.44975	0.00536561
1.4664	0.004721
1.47165	0.00409447
)
