(title "Pressure Coefficient")
(labels "Pressure Coefficient" "Position")

((xy/key/label "middleplane_suctionside")
-1.27197	0.0113271
-1.27193	0.0120004
-1.27042	0.0106588
-1.27001	0.0126915
-1.26689	0.0133865
-1.26645	0.0100098
-1.26382	0.0140962
-1.26017	0.0093677
-1.26006	0.0148092
-1.2545	0.0155359
-1.25184	0.00874669
-1.24773	0.0162654
-1.23983	0.0170054
-1.23817	0.00813306
-1.23174	0.017748
-1.22325	0.0184982
-1.21892	0.00754529
-1.21438	0.019251
-1.20532	0.0200097
-1.19675	0.00696551
-1.19499	0.0207706
-1.18495	0.0215355
-1.17381	0.0223023
-1.17087	0.00641152
-1.16283	0.0230708
-1.1525	0.0238405
-1.14345	0.00586785
-1.14062	0.0246121
-1.12938	0.0253844
-1.11722	0.0261561
-1.11546	0.00534934
-1.1054	0.0269284
-1.09361	0.0276991
-1.0811	0.0284702
-1.07932	0.00484274
-1.0696	0.0292382
-1.05725	0.0300065
-1.04557	0.0307708
-1.03362	0.0315354
-1.03292	0.00436711
-1.02154	0.0322952
-1.0099	0.0330552
-1.0099	0.0330552
-0.997799	0.0338094
-0.986495	0.0345636
-0.979975	0.00390581
-0.974932	0.0353113
-0.963852	0.0360589
-0.953007	0.0367996
-0.942188	0.0375401
-0.932004	0.0382731
-0.921747	0.039006
-0.919228	0.00347298
-0.912239	0.039731
-0.905625	0.0682353
-0.90296	0.0404558
-0.894797	0.067407
-0.894259	0.0411723
-0.886034	0.0418887
-0.878209	0.0425965
-0.870769	0.0433041
-0.863671	0.0440029
-0.857024	0.0447016
-0.85111	0.00305901
-0.850791	0.0453912
-0.845206	0.0460808
-0.839207	0.0468912
-0.836729	0.0690626
-0.834202	0.0477015
-0.829556	0.0485143
-0.827214	0.0665807
-0.825057	0.0493266
-0.820911	0.061625
-0.820708	0.0501416
-0.815947	0.0509558
-0.813369	0.0740311
-0.81197	0.0517727
-0.809148	0.0624492
-0.808824	0.0525887
-0.80781	0.0534074
-0.80686	0.0542254
-0.806705	0.0607997
-0.805705	0.0550455
-0.803407	0.0558648
-0.797273	0.0566866
-0.794312	0.0599766
-0.790614	0.0575074
-0.789695	0.0591524
-0.787454	0.0583304
-0.784856	0.0748616
-0.779135	0.0732043
-0.772902	0.0632753
-0.772881	0.00267424
-0.76425	0.0657532
-0.741152	0.0641003
-0.736889	0.0698909
-0.734762	0.0649273
-0.71768	0.0723754
-0.706353	0.075688
-0.68688	0.00230864
-0.670174	0.0707182
-0.670001	0.0715473
-0.620441	0.0765191
-0.619445	0.00212956
-0.584592	0.079834
-0.58273	0.0806604
-0.565579	0.0790047
-0.564358	0.0773463
-0.55968	0.00195389
-0.550753	0.0781767
-0.549929	0.0814909
-0.497129	0.082317
-0.495407	0.0017695
-0.441406	0.0831475
-0.420985	0.00159315
-0.396287	0.0839744
-0.366218	0.0848036
-0.344954	0.0856305
-0.341632	0.0889371
-0.340261	0.00140978
-0.339167	0.0881126
-0.330253	0.0864586
-0.330087	0.0897658
-0.32961	0.0872836
-0.314104	0.0905909
-0.311979	0.0930684
-0.310221	0.0938908
-0.307611	0.0922427
-0.307611	0.0922427
-0.306379	0.0947171
-0.305426	0.091418
-0.30461	0.0955387
-0.299717	0.0963647
-0.286726	0.0971866
-0.266869	0.0980108
-0.252546	0.00123677
-0.243352	0.098833
-0.219463	0.0996547
-0.214254	0.104574
-0.212177	0.103754
-0.211934	0.105392
-0.208562	0.106209
-0.205951	0.107024
-0.204285	0.107841
-0.204285	0.107841
-0.203911	0.102936
-0.201979	0.108655
-0.200107	0.100474
-0.197672	0.109472
-0.194102	0.102114
-0.191128	0.101296
-0.190962	0.110285
-0.182422	0.1111
-0.173241	0.111912
-0.1646	0.112724
-0.16028	0.00105995
-0.158284	0.113533
-0.154937	0.114345
-0.153018	0.115153
-0.149863	0.115964
-0.143262	0.116772
-0.132274	0.11758
-0.117341	0.118386
-0.0997923	0.119191
-0.0818139	0.119994
-0.0672176	0.120799
-0.0614392	0.000896333
-0.0571734	0.1216
-0.0511715	0.122404
-0.0468621	0.123205
-0.0406743	0.124006
-0.0335137	0.124806
-0.0287036	0.125604
-0.0284179	0.127197
-0.0280257	0.126401
-0.0262748	0.127992
-0.0211913	0.128786
-0.0124343	0.129579
0.00256566	0.130371
0.0207271	0.131162
0.034655	0.131951
0.0425404	0.132739
0.0448065	0.000736003
0.0476453	0.133526
0.0531743	0.134312
0.0593796	0.135097
0.0658613	0.135881
0.0720817	0.136663
0.0769834	0.137444
0.0841769	0.138223
0.0969706	0.139002
0.113222	0.139779
0.136812	0.140555
0.154545	0.00059126
0.157693	0.148601
0.158816	0.148972
0.159257	0.14823
0.161623	0.149343
0.16338	0.149549
0.164015	0.149652
0.16473	0.149704
0.165149	0.147469
0.165272	0.14973
0.165386	0.149743
0.168346	0.149749
0.168921	0.141328
0.175218	0.146708
0.186777	0.145944
0.193536	0.142101
0.196305	0.145179
0.20095	0.144411
0.202192	0.142873
0.202634	0.143643
0.267063	0.000456433
0.380556	0.000341303
0.49239	0.00024267
0.597034	0.000166752
0.693617	0.00011253
0.779926	8.24209e-05
)
