(title "Pressure Coefficient")
(labels "Pressure Coefficient" "Position")

((xy/key/label "middleplane_suctionside")
-1.26566	0.0120004
-1.26539	0.0113271
-1.26389	0.0106588
-1.26371	0.0126915
-1.26095	0.0133865
-1.25969	0.0100098
-1.2579	0.0140962
-1.25414	0.0148092
-1.25322	0.0093677
-1.24898	0.0155359
-1.24489	0.00874669
-1.24186	0.0162654
-1.2346	0.0170054
-1.23083	0.00813306
-1.2264	0.017748
-1.21793	0.0184982
-1.21155	0.00754529
-1.2096	0.019251
-1.1999	0.0200097
-1.19039	0.0207706
-1.18927	0.00696551
-1.18001	0.0215355
-1.16905	0.0223023
-1.16315	0.00641152
-1.15868	0.0230708
-1.1476	0.0238405
-1.13674	0.0246121
-1.13567	0.00586785
-1.12486	0.0253844
-1.113	0.0261561
-1.10747	0.00534934
-1.10168	0.0269284
-1.08935	0.0276991
-1.07785	0.0284702
-1.07118	0.00484274
-1.0657	0.0292382
-1.05379	0.0300065
-1.0422	0.0307708
-1.03003	0.0315354
-1.02468	0.00436711
-1.01863	0.0322952
-1.00658	0.0330552
-1.00658	0.0330552
-0.995102	0.0338094
-0.983653	0.0345636
-0.972128	0.0353113
-0.971566	0.00390581
-0.961213	0.0360589
-0.950046	0.0367996
-0.939594	0.0375401
-0.92924	0.0382731
-0.919308	0.039006
-0.910718	0.00347298
-0.909868	0.039731
-0.900502	0.0404558
-0.899468	0.0707182
-0.891741	0.0411723
-0.883102	0.0418887
-0.875034	0.0425965
-0.867332	0.0433041
-0.86032	0.0440029
-0.853706	0.0447016
-0.849341	0.0698909
-0.847665	0.0453912
-0.843576	0.0715473
-0.84253	0.00305901
-0.841869	0.0460808
-0.835522	0.0468912
-0.829726	0.0477015
-0.824002	0.0485143
-0.819196	0.0493266
-0.814866	0.0501416
-0.811192	0.0509558
-0.807894	0.0517727
-0.80441	0.0525887
-0.801095	0.0534074
-0.800909	0.0649273
-0.800197	0.0641003
-0.798912	0.0765191
-0.79737	0.0542254
-0.794414	0.0550455
-0.791607	0.0558648
-0.79081	0.0575074
-0.790407	0.0566866
-0.789986	0.0583304
-0.787441	0.0591524
-0.785902	0.0632753
-0.785578	0.0657532
-0.782397	0.0599766
-0.781155	0.0773463
-0.777321	0.0607997
-0.773204	0.0624492
-0.772615	0.061625
-0.766436	0.0690626
-0.764261	0.00267424
-0.75973	0.0665807
-0.756812	0.075688
-0.734497	0.0723754
-0.732772	0.067407
-0.72691	0.0682353
-0.707005	0.0781767
-0.691399	0.0748616
-0.678283	0.00230864
-0.658458	0.0732043
-0.647073	0.0740311
-0.610899	0.00212956
-0.608616	0.0790047
-0.55116	0.00195389
-0.517397	0.079834
-0.504186	0.0831475
-0.49707	0.0839744
-0.486948	0.0017695
-0.474733	0.082317
-0.458605	0.0848036
-0.457182	0.0806604
-0.4454	0.0814909
-0.419642	0.0856305
-0.412627	0.00159315
-0.39191	0.0864586
-0.367971	0.0872836
-0.364908	0.0897658
-0.35821	0.0905909
-0.358091	0.0889371
-0.354325	0.0881126
-0.333666	0.091418
-0.332029	0.00140978
-0.298195	0.0922427
-0.298195	0.0922427
-0.261573	0.0930684
-0.24602	0.098833
-0.245585	0.0996547
-0.244491	0.00123677
-0.242775	0.100474
-0.241612	0.0980108
-0.2396	0.101296
-0.23567	0.102114
-0.232846	0.0938908
-0.231906	0.0971866
-0.230043	0.102936
-0.22172	0.103754
-0.219918	0.0963647
-0.216589	0.0947171
-0.212847	0.0955387
-0.210913	0.104574
-0.198751	0.105392
-0.185481	0.106209
-0.183144	0.111912
-0.182026	0.1111
-0.176616	0.112724
-0.172874	0.110285
-0.172055	0.107024
-0.166415	0.113533
-0.16135	0.109472
-0.161089	0.107841
-0.161089	0.107841
-0.156355	0.108655
-0.155733	0.114345
-0.152437	0.00105995
-0.145708	0.115153
-0.135818	0.115964
-0.124057	0.116772
-0.108203	0.11758
-0.0899213	0.118386
-0.0767364	0.122404
-0.0755399	0.123205
-0.0747818	0.119191
-0.0732933	0.1216
-0.0685125	0.120799
-0.067523	0.119994
-0.0674349	0.124006
-0.0538605	0.000896333
-0.0529443	0.124806
-0.0367714	0.125604
-0.0230008	0.126401
-0.0123829	0.127197
-0.00620885	0.127992
-0.00278516	0.128786
0.00349263	0.129579
0.0144803	0.130371
0.0258396	0.131162
0.0338309	0.131951
0.0396352	0.132739
0.0457856	0.133526
0.0521007	0.000736003
0.0558527	0.134312
0.0644906	0.140555
0.0655764	0.141328
0.0659629	0.139779
0.0684074	0.142101
0.0695358	0.135097
0.0717757	0.139002
0.0722797	0.142873
0.0749524	0.143643
0.0758738	0.144411
0.0775797	0.145179
0.0800308	0.138223
0.0816706	0.135881
0.0821644	0.145944
0.086261	0.137444
0.0876194	0.136663
0.0896719	0.146708
0.102138	0.147469
0.119391	0.14823
0.133314	0.148601
0.148212	0.148972
0.161486	0.00059126
0.16483	0.149343
0.177253	0.149549
0.184419	0.149652
0.188111	0.149704
0.189971	0.14973
0.190888	0.149743
0.191617	0.149749
0.273593	0.000456433
0.386618	0.000341303
0.497935	0.00024267
0.602027	0.000166752
0.69811	0.00011253
0.784006	8.24209e-05
)
