(title "Pressure Coefficient")
(labels "Pressure Coefficient" "Position")

((xy/key/label "middleplane_suctionside")
-1.26528	0.0120004
-1.26491	0.0113271
-1.26345	0.0126915
-1.26324	0.0106588
-1.26087	0.0133865
-1.25898	0.0100098
-1.25779	0.0140962
-1.2543	0.0148092
-1.25231	0.0093677
-1.24918	0.0155359
-1.24389	0.00874669
-1.2422	0.0162654
-1.23518	0.0170054
-1.22968	0.00813306
-1.22691	0.017748
-1.21876	0.0184982
-1.21038	0.019251
-1.21022	0.00754529
-1.20083	0.0200097
-1.19159	0.0207706
-1.18787	0.00696551
-1.1811	0.0215355
-1.17055	0.0223023
-1.16161	0.00641152
-1.16012	0.0230708
-1.14916	0.0238405
-1.13852	0.0246121
-1.13398	0.00586785
-1.12652	0.0253844
-1.11511	0.0261561
-1.10567	0.00534934
-1.10371	0.0269284
-1.0916	0.0276991
-1.08024	0.0284702
-1.06922	0.00484274
-1.06804	0.0292382
-1.05649	0.0300065
-1.04481	0.0307708
-1.03297	0.0315354
-1.02258	0.00436711
-1.02161	0.0322952
-1.00967	0.0330552
-1.00967	0.0330552
-0.998417	0.0338094
-0.986863	0.0345636
-0.975617	0.0353113
-0.969347	0.00390581
-0.96464	0.0360589
-0.953648	0.0367996
-0.943348	0.0375401
-0.933025	0.0382731
-0.923265	0.039006
-0.913707	0.039731
-0.910845	0.0682353
-0.908382	0.00347298
-0.904334	0.0404558
-0.895516	0.0411723
-0.893694	0.0740311
-0.886915	0.0418887
-0.878976	0.0425965
-0.874268	0.067407
-0.87146	0.0433041
-0.864571	0.0440029
-0.857904	0.0447016
-0.852068	0.0690626
-0.851741	0.0453912
-0.846199	0.0748616
-0.845602	0.0460808
-0.840088	0.00305901
-0.839158	0.0468912
-0.833271	0.0477015
-0.828039	0.0485143
-0.825319	0.0732043
-0.823665	0.0493266
-0.819422	0.0501416
-0.815369	0.0509558
-0.811005	0.0517727
-0.809761	0.0665807
-0.807018	0.0525887
-0.805197	0.0624492
-0.804125	0.0534074
-0.804057	0.061625
-0.802614	0.0542254
-0.801157	0.0550455
-0.799777	0.0558648
-0.797192	0.0566866
-0.796923	0.0607997
-0.791236	0.0575074
-0.791006	0.0599766
-0.78656	0.0591524
-0.78654	0.0583304
-0.78377	0.0632753
-0.761719	0.00267424
-0.756981	0.0657532
-0.748788	0.0641003
-0.733305	0.0649273
-0.724707	0.075688
-0.713781	0.0698909
-0.699581	0.0723754
-0.679914	0.0806604
-0.675662	0.00230864
-0.675632	0.0814909
-0.625843	0.079834
-0.608237	0.00212956
-0.606168	0.082317
-0.605388	0.0715473
-0.604656	0.0707182
-0.594823	0.0765191
-0.554079	0.0790047
-0.548454	0.00195389
-0.514242	0.0773463
-0.50708	0.0781767
-0.492582	0.0831475
-0.484208	0.0017695
-0.40986	0.00159315
-0.380974	0.0839744
-0.342757	0.0881126
-0.34204	0.0889371
-0.329522	0.0872836
-0.329243	0.00140978
-0.318881	0.0897658
-0.314535	0.0848036
-0.312946	0.0864586
-0.301803	0.0971866
-0.299861	0.0980108
-0.299567	0.0856305
-0.292445	0.0963647
-0.28481	0.098833
-0.283393	0.0905909
-0.280963	0.0955387
-0.272417	0.0947171
-0.266824	0.0996547
-0.265947	0.102114
-0.264659	0.101296
-0.264298	0.0938908
-0.261602	0.102936
-0.260902	0.100474
-0.254222	0.091418
-0.25319	0.0930684
-0.252669	0.103754
-0.245318	0.0922427
-0.245318	0.0922427
-0.243545	0.104574
-0.241705	0.00123677
-0.237986	0.105392
-0.23426	0.106209
-0.228845	0.107024
-0.219523	0.107841
-0.219523	0.107841
-0.205542	0.108655
-0.188833	0.109472
-0.171169	0.110285
-0.152658	0.1111
-0.149667	0.00105995
-0.137542	0.111912
-0.128083	0.112724
-0.120932	0.113533
-0.112569	0.114345
-0.1038	0.115153
-0.0991779	0.115964
-0.0945452	0.116772
-0.0848405	0.11758
-0.0797689	0.123205
-0.0784114	0.122404
-0.0776804	0.124006
-0.0761021	0.125604
-0.0756394	0.124806
-0.0751386	0.126401
-0.0719438	0.1216
-0.0715234	0.118386
-0.0631123	0.127197
-0.0611872	0.120799
-0.0578224	0.119191
-0.053321	0.119994
-0.0511121	0.000896333
-0.0368406	0.127992
-0.0103988	0.128786
-0.00732317	0.131162
-0.00678128	0.131951
-0.00256491	0.130371
-0.000297435	0.132739
0.000387094	0.129579
0.0108765	0.133526
0.0235337	0.134312
0.0339039	0.135097
0.0418197	0.135881
0.0476739	0.139002
0.0488831	0.139779
0.0508547	0.136663
0.0513937	0.138223
0.054832	0.000736003
0.0550179	0.140555
0.0553056	0.137444
0.0664476	0.141328
0.0847613	0.142101
0.0957348	0.149749
0.0967755	0.149743
0.0978512	0.14973
0.099309	0.149704
0.101221	0.149652
0.10416	0.149549
0.108644	0.142873
0.108929	0.149343
0.115686	0.148972
0.121982	0.148601
0.126965	0.14823
0.131472	0.143643
0.132317	0.147469
0.136278	0.146708
0.139775	0.145944
0.143217	0.144411
0.143403	0.145179
0.164165	0.00059126
0.276204	0.000456433
0.389152	0.000341303
0.500335	0.00024267
0.60426	0.000166752
0.700196	0.00011253
0.78594	8.24209e-05
)
