(title "Pressure Coefficient")
(labels "Pressure Coefficient" "Position")

((xy/key/label "middleplane_suctionside")
-1.27157	0.0113271
-1.27156	0.0120004
-1.26989	0.0106588
-1.26973	0.0126915
-1.26672	0.0133865
-1.2659	0.0100098
-1.26359	0.0140962
-1.26006	0.0148092
-1.25947	0.0093677
-1.25446	0.0155359
-1.25109	0.00874669
-1.24784	0.0162654
-1.24009	0.0170054
-1.23734	0.00813306
-1.23188	0.017748
-1.22371	0.0184982
-1.21796	0.00754529
-1.21467	0.019251
-1.20581	0.0200097
-1.19578	0.00696551
-1.19564	0.0207706
-1.18544	0.0215355
-1.17472	0.0223023
-1.1698	0.00641152
-1.16341	0.0230708
-1.15339	0.0238405
-1.14229	0.00586785
-1.14167	0.0246121
-1.13025	0.0253844
-1.11858	0.0261561
-1.11424	0.00534934
-1.10646	0.0269284
-1.09502	0.0276991
-1.08249	0.0284702
-1.07801	0.00484274
-1.07097	0.0292382
-1.05898	0.0300065
-1.04711	0.0307708
-1.0356	0.0315354
-1.03153	0.00436711
-1.02343	0.0322952
-1.01196	0.0330552
-1.01196	0.0330552
-0.999986	0.0338094
-0.988593	0.0345636
-0.978505	0.00390581
-0.977351	0.0353113
-0.966184	0.0360589
-0.955643	0.0367996
-0.944889	0.0375401
-0.934792	0.0382731
-0.924662	0.039006
-0.917688	0.00347298
-0.915064	0.039731
-0.908488	0.0682353
-0.905915	0.0404558
-0.897179	0.0411723
-0.889123	0.0418887
-0.881366	0.0425965
-0.87997	0.067407
-0.874085	0.0433041
-0.873618	0.0732043
-0.867025	0.0440029
-0.865193	0.0690626
-0.860352	0.0447016
-0.854071	0.0453912
-0.852729	0.0723754
-0.84951	0.00305901
-0.84844	0.0460808
-0.842605	0.0468912
-0.83727	0.0477015
-0.832757	0.0485143
-0.82818	0.0493266
-0.824109	0.0501416
-0.81968	0.0509558
-0.818524	0.0665807
-0.81825	0.0740311
-0.815819	0.0517727
-0.813098	0.061625
-0.812783	0.0525887
-0.810887	0.0534074
-0.809809	0.0542254
-0.808626	0.0624492
-0.808175	0.0550455
-0.806127	0.0558648
-0.804526	0.0607997
-0.80243	0.0715473
-0.801564	0.0566866
-0.800452	0.0698909
-0.798812	0.0599766
-0.796796	0.0575074
-0.795735	0.0591524
-0.794437	0.0583304
-0.785898	0.0632753
-0.776336	0.0707182
-0.775724	0.0657532
-0.771227	0.00267424
-0.764066	0.0641003
-0.759409	0.0649273
-0.697216	0.0748616
-0.685188	0.00230864
-0.617734	0.00212956
-0.587007	0.075688
-0.561675	0.0781767
-0.557946	0.00195389
-0.547488	0.0790047
-0.545739	0.0773463
-0.538426	0.0765191
-0.51426	0.079834
-0.493659	0.0017695
-0.491802	0.0806604
-0.487595	0.0814909
-0.471063	0.082317
-0.432938	0.0831475
-0.420797	0.0881126
-0.419229	0.00159315
-0.417188	0.0872836
-0.39935	0.0889371
-0.395168	0.0839744
-0.393193	0.0864586
-0.374176	0.0848036
-0.373677	0.0856305
-0.36894	0.0897658
-0.341319	0.0905909
-0.338505	0.00140978
-0.316391	0.091418
-0.303801	0.0980108
-0.303182	0.098833
-0.299447	0.0971866
-0.298708	0.0996547
-0.295022	0.0922427
-0.295022	0.0922427
-0.293609	0.100474
-0.291578	0.0963647
-0.288354	0.101296
-0.283001	0.0955387
-0.280473	0.0930684
-0.278444	0.102114
-0.276365	0.0947171
-0.274494	0.0938908
-0.263306	0.102936
-0.250796	0.00123677
-0.245665	0.103754
-0.227101	0.107841
-0.227101	0.107841
-0.225812	0.104574
-0.223691	0.108655
-0.220026	0.107024
-0.211421	0.105392
-0.211034	0.106209
-0.210388	0.109472
-0.19024	0.110285
-0.165441	0.1111
-0.158547	0.00105995
-0.142202	0.111912
-0.123309	0.112724
-0.106576	0.113533
-0.0943552	0.114345
-0.0924973	0.115964
-0.0915125	0.115153
-0.0859578	0.116772
-0.077314	0.124006
-0.0741919	0.11758
-0.0733326	0.123205
-0.0668179	0.124806
-0.0667051	0.118386
-0.0634019	0.119191
-0.0603673	0.122404
-0.0602188	0.119994
-0.0597341	0.000896333
-0.0559937	0.120799
-0.0536735	0.1216
-0.0516565	0.125604
-0.0410617	0.126401
-0.0346284	0.127197
-0.0284817	0.127992
-0.0215747	0.128786
-0.0147978	0.129579
-0.00769538	0.130371
0.000226851	0.131162
0.00895448	0.131951
0.0177625	0.132739
0.0255314	0.133526
0.0329772	0.134312
0.0420418	0.135097
0.0464887	0.000736003
0.0524903	0.135881
0.0606429	0.136663
0.0630473	0.139002
0.0635118	0.138223
0.0638561	0.137444
0.065729	0.139779
0.0717567	0.140555
0.0797483	0.141328
0.0903683	0.142101
0.106153	0.142873
0.121189	0.143643
0.126451	0.144411
0.128321	0.145179
0.138324	0.145944
0.156189	0.00059126
0.156676	0.146708
0.177906	0.147469
0.194601	0.14823
0.2018	0.148601
0.206058	0.148972
0.208946	0.149343
0.209017	0.149749
0.209229	0.149743
0.209497	0.14973
0.2098	0.149704
0.209995	0.149549
0.210059	0.149652
0.268654	0.000456433
0.382084	0.000341303
0.493836	0.00024267
0.59837	0.000166752
0.694854	0.00011253
0.781068	8.24209e-05
)
