(title "Pressure Coefficient")
(labels "Pressure Coefficient" "Position")

((xy/key/label "middleplane_suctionside")
-1.26607	0.0120004
-1.26593	0.0113271
-1.2644	0.0106588
-1.26418	0.0126915
-1.26118	0.0133865
-1.26025	0.0100098
-1.25828	0.0140962
-1.25442	0.0148092
-1.25391	0.0093677
-1.24912	0.0155359
-1.2455	0.00874669
-1.24221	0.0162654
-1.23448	0.0170054
-1.23165	0.00813306
-1.22657	0.017748
-1.21793	0.0184982
-1.2124	0.00754529
-1.20947	0.019251
-1.20015	0.0200097
-1.19008	0.00696551
-1.19002	0.0207706
-1.18007	0.0215355
-1.1688	0.0223023
-1.16409	0.00641152
-1.15834	0.0230708
-1.14768	0.0238405
-1.13661	0.00586785
-1.1361	0.0246121
-1.12485	0.0253844
-1.11257	0.0261561
-1.10847	0.00534934
-1.10117	0.0269284
-1.08915	0.0276991
-1.07698	0.0284702
-1.07225	0.00484274
-1.06544	0.0292382
-1.05313	0.0300065
-1.04163	0.0307708
-1.02956	0.0315354
-1.02577	0.00436711
-1.01775	0.0322952
-1.00607	0.0330552
-1.00607	0.0330552
-0.994129	0.0338094
-0.98293	0.0345636
-0.972707	0.00390581
-0.971374	0.0353113
-0.960394	0.0360589
-0.94946	0.0367996
-0.938682	0.0375401
-0.928455	0.0382731
-0.918249	0.039006
-0.911905	0.00347298
-0.908812	0.039731
-0.89955	0.0404558
-0.890871	0.0411723
-0.882504	0.0418887
-0.874474	0.0425965
-0.866809	0.0433041
-0.859526	0.0440029
-0.855387	0.067407
-0.85278	0.0447016
-0.848768	0.0665807
-0.846576	0.0453912
-0.84375	0.00305901
-0.841022	0.0460808
-0.835009	0.0468912
-0.829683	0.0477015
-0.824523	0.0485143
-0.819361	0.0493266
-0.815538	0.0657532
-0.814599	0.0501416
-0.809994	0.0509558
-0.808618	0.0682353
-0.806456	0.0517727
-0.803963	0.0525887
-0.802791	0.0534074
-0.80078	0.0542254
-0.797919	0.0550455
-0.797194	0.0607997
-0.794768	0.0599766
-0.793744	0.0558648
-0.793665	0.061625
-0.790715	0.0591524
-0.787456	0.0566866
-0.785338	0.0583304
-0.78398	0.0575074
-0.780567	0.0649273
-0.775265	0.0715473
-0.772721	0.0624492
-0.772159	0.0707182
-0.7687	0.0732043
-0.765511	0.00267424
-0.765367	0.0723754
-0.753497	0.0641003
-0.750482	0.0632753
-0.749263	0.0740311
-0.743612	0.0690626
-0.734739	0.0698909
-0.732352	0.0781767
-0.718201	0.0748616
-0.715798	0.0773463
-0.699187	0.0790047
-0.699153	0.075688
-0.697554	0.0765191
-0.679548	0.00230864
-0.612167	0.00212956
-0.609161	0.079834
-0.55243	0.00195389
-0.501253	0.0806604
-0.488217	0.0017695
-0.421754	0.0889371
-0.420838	0.0881126
-0.413886	0.00159315
-0.411779	0.0814909
-0.40086	0.0897658
-0.3986	0.0872836
-0.367	0.0905909
-0.36495	0.0864586
-0.354821	0.082317
-0.333278	0.00140978
-0.333073	0.0856305
-0.330745	0.091418
-0.323924	0.0831475
-0.312452	0.0848036
-0.309167	0.0839744
-0.300664	0.0922427
-0.300664	0.0922427
-0.279682	0.0930684
-0.265707	0.0938908
-0.254285	0.0947171
-0.245722	0.00123677
-0.240797	0.0955387
-0.226613	0.0963647
-0.225156	0.098833
-0.223178	0.0980108
-0.222037	0.0996547
-0.220437	0.0971866
-0.217473	0.102936
-0.216945	0.100474
-0.21632	0.102114
-0.214825	0.101296
-0.213241	0.103754
-0.201961	0.104574
-0.187476	0.105392
-0.174635	0.106209
-0.165589	0.107024
-0.159988	0.107841
-0.159988	0.107841
-0.156795	0.108655
-0.155354	0.109472
-0.154529	0.110285
-0.153657	0.00105995
-0.152532	0.1111
-0.147559	0.111912
-0.137998	0.112724
-0.123554	0.113533
-0.105967	0.114345
-0.0881096	0.115153
-0.0729222	0.115964
-0.0707563	0.122404
-0.0703441	0.1216
-0.0669528	0.123205
-0.0654391	0.120799
-0.0619158	0.116772
-0.0600023	0.124006
-0.0579571	0.119994
-0.0550537	0.000896333
-0.0538478	0.11758
-0.051479	0.119191
-0.0509202	0.124806
-0.0496591	0.118386
-0.0405461	0.125604
-0.0294827	0.126401
-0.0181812	0.127197
-0.00698631	0.127992
0.00406525	0.128786
0.0145107	0.129579
0.023759	0.130371
0.0320043	0.131162
0.0399332	0.131951
0.0484297	0.132739
0.0509503	0.000736003
0.0567951	0.133526
0.0632977	0.134312
0.0713501	0.135097
0.0799028	0.135881
0.0831405	0.139002
0.0846273	0.136663
0.0849829	0.138223
0.0857311	0.139779
0.0865677	0.137444
0.0935929	0.140555
0.107256	0.141328
0.125487	0.142101
0.142916	0.142873
0.152585	0.145944
0.152983	0.143643
0.153586	0.145179
0.155097	0.146708
0.155276	0.144411
0.156533	0.149743
0.157594	0.14973
0.157676	0.149749
0.158715	0.149704
0.159397	0.147469
0.160378	0.00059126
0.160984	0.149652
0.163217	0.14823
0.164731	0.149549
0.1653	0.148601
0.167264	0.148972
0.167661	0.149343
0.272528	0.000456433
0.385614	0.000341303
0.496961	0.00024267
0.601048	0.000166752
0.697118	0.00011253
0.782968	8.24209e-05
)
