(title "Pressure Coefficient")
(labels "Pressure Coefficient" "Position")

((xy/key/label "middleplane_suctionside")
-1.26787	0.0120004
-1.26765	0.0113271
-1.26617	0.0106588
-1.26592	0.0126915
-1.26305	0.0133865
-1.26198	0.0100098
-1.26009	0.0140962
-1.25623	0.0148092
-1.2556	0.0093677
-1.25104	0.0155359
-1.24724	0.00874669
-1.24398	0.0162654
-1.23653	0.0170054
-1.23327	0.00813306
-1.22849	0.017748
-1.21988	0.0184982
-1.21405	0.00754529
-1.21158	0.019251
-1.20196	0.0200097
-1.19224	0.0207706
-1.19174	0.00696551
-1.18205	0.0215355
-1.17091	0.0223023
-1.1657	0.00641152
-1.16062	0.0230708
-1.14956	0.0238405
-1.13858	0.0246121
-1.13824	0.00586785
-1.12687	0.0253844
-1.1148	0.0261561
-1.11008	0.00534934
-1.10359	0.0269284
-1.09124	0.0276991
-1.07971	0.0284702
-1.07385	0.00484274
-1.06767	0.0292382
-1.05569	0.0300065
-1.0442	0.0307708
-1.03198	0.0315354
-1.02736	0.00436711
-1.02061	0.0322952
-1.00857	0.0330552
-1.00857	0.0330552
-0.997135	0.0338094
-0.985777	0.0345636
-0.974334	0.0353113
-0.974286	0.00390581
-0.963535	0.0360589
-0.962597	0.0723754
-0.952446	0.0367996
-0.942094	0.0375401
-0.931791	0.0382731
-0.922013	0.039006
-0.913468	0.00347298
-0.912736	0.039731
-0.912105	0.0715473
-0.903637	0.0404558
-0.895225	0.0411723
-0.890618	0.0732043
-0.886891	0.0418887
-0.879106	0.0425965
-0.871623	0.0433041
-0.864781	0.0440029
-0.860916	0.0665807
-0.858355	0.0447016
-0.856723	0.0657532
-0.852714	0.0453912
-0.847424	0.0460808
-0.845295	0.00305901
-0.841924	0.0468912
-0.836995	0.0477015
-0.831818	0.0485143
-0.827078	0.0493266
-0.82405	0.0649273
-0.822553	0.067407
-0.822531	0.0501416
-0.818921	0.0509558
-0.816467	0.0517727
-0.815243	0.0525887
-0.814331	0.0534074
-0.812736	0.0599766
-0.811841	0.0542254
-0.810846	0.0591524
-0.810781	0.0607997
-0.808837	0.0550455
-0.80419	0.0583304
-0.803565	0.0558648
-0.799769	0.061625
-0.799115	0.0707182
-0.798958	0.0575074
-0.798714	0.0566866
-0.785256	0.0641003
-0.777139	0.0624492
-0.767197	0.0740311
-0.767033	0.00267424
-0.765883	0.0632753
-0.752631	0.0682353
-0.715225	0.0698909
-0.698446	0.0690626
-0.681047	0.00230864
-0.662402	0.0748616
-0.613645	0.00212956
-0.590412	0.075688
-0.553894	0.00195389
-0.533863	0.0765191
-0.489661	0.0017695
-0.476188	0.079834
-0.474533	0.0773463
-0.469057	0.0806604
-0.458295	0.0790047
-0.44431	0.0814909
-0.44294	0.0781767
-0.42702	0.082317
-0.426629	0.0831475
-0.419487	0.0839744
-0.415305	0.00159315
-0.402033	0.0848036
-0.388186	0.0856305
-0.377463	0.0864586
-0.361336	0.0872836
-0.336202	0.0881126
-0.33467	0.00140978
-0.308003	0.0889371
-0.300095	0.0947171
-0.299497	0.0955387
-0.298169	0.0963647
-0.29412	0.0971866
-0.293373	0.0938908
-0.286108	0.0897658
-0.285172	0.0930684
-0.284064	0.0980108
-0.282159	0.0922427
-0.282159	0.0922427
-0.279378	0.091418
-0.277709	0.0905909
-0.271311	0.098833
-0.259913	0.0996547
-0.253979	0.100474
-0.25296	0.101296
-0.252692	0.102114
-0.250341	0.102936
-0.247076	0.00123677
-0.245017	0.103754
-0.235046	0.104574
-0.220115	0.105392
-0.202011	0.106209
-0.184849	0.107024
-0.175497	0.113533
-0.174941	0.112724
-0.173436	0.114345
-0.172635	0.107841
-0.172635	0.107841
-0.172332	0.111912
-0.169473	0.1111
-0.167215	0.110285
-0.166872	0.108655
-0.166859	0.115153
-0.165909	0.109472
-0.154963	0.00105995
-0.152383	0.115964
-0.131519	0.116772
-0.110259	0.11758
-0.0948562	0.118386
-0.0884909	0.119994
-0.0884791	0.119191
-0.087654	0.120799
-0.0808729	0.1216
-0.0687443	0.122404
-0.0563103	0.000896333
-0.054522	0.123205
-0.0399252	0.124006
-0.0267346	0.124806
-0.0187824	0.125604
-0.0171707	0.126401
-0.0161525	0.127197
-0.00810619	0.127992
0.00943769	0.128786
0.0325077	0.129579
0.0497401	0.000736003
0.0517342	0.130371
0.0534865	0.134312
0.0546241	0.133526
0.0554188	0.135097
0.0579089	0.132739
0.0604324	0.131162
0.060652	0.135881
0.0609171	0.131951
0.0679486	0.136663
0.075187	0.137444
0.083855	0.138223
0.097234	0.139002
0.113334	0.139779
0.123847	0.142873
0.124488	0.140555
0.12511	0.142101
0.125556	0.143643
0.126982	0.141328
0.131348	0.144411
0.140835	0.145179
0.153069	0.145944
0.159232	0.00059126
0.165625	0.146708
0.177954	0.147469
0.189097	0.14823
0.195433	0.148601
0.201144	0.148972
0.206818	0.149343
0.210419	0.149549
0.212272	0.149652
0.213213	0.149704
0.213787	0.14973
0.214151	0.149743
0.214754	0.149749
0.271456	0.000456433
0.384618	0.000341303
0.496079	0.00024267
0.600307	0.000166752
0.696514	0.00011253
0.782512	8.24209e-05
)
