(title "Pressure Coefficient")
(labels "Pressure Coefficient" "Position")

((xy/key/label "middleplane_suctionside")
-1.26621	0.0120004
-1.26598	0.0113271
-1.26439	0.0106588
-1.26439	0.0126915
-1.26148	0.0133865
-1.26015	0.0100098
-1.25865	0.0140962
-1.25486	0.0148092
-1.25372	0.0093677
-1.24963	0.0155359
-1.24524	0.00874669
-1.24279	0.0162654
-1.23514	0.0170054
-1.23128	0.00813306
-1.22729	0.017748
-1.21873	0.0184982
-1.21196	0.00754529
-1.21032	0.019251
-1.20108	0.0200097
-1.19101	0.0207706
-1.18957	0.00696551
-1.1811	0.0215355
-1.16991	0.0223023
-1.16348	0.00641152
-1.15948	0.0230708
-1.1489	0.0238405
-1.13737	0.0246121
-1.13593	0.00586785
-1.12617	0.0253844
-1.11395	0.0261561
-1.1077	0.00534934
-1.10257	0.0269284
-1.09061	0.0276991
-1.07848	0.0284702
-1.0714	0.00484274
-1.06698	0.0292382
-1.0547	0.0300065
-1.04324	0.0307708
-1.03119	0.0315354
-1.02484	0.00436711
-1.01941	0.0322952
-1.00775	0.0330552
-1.00775	0.0330552
-0.995837	0.0338094
-0.984667	0.0345636
-0.973113	0.0353113
-0.971705	0.00390581
-0.962157	0.0360589
-0.951199	0.0367996
-0.940441	0.0375401
-0.93022	0.0382731
-0.920033	0.039006
-0.910834	0.00347298
-0.910631	0.039731
-0.901364	0.0404558
-0.892684	0.0411723
-0.884275	0.0418887
-0.876226	0.0425965
-0.868547	0.0433041
-0.866828	0.0665807
-0.861312	0.0440029
-0.854646	0.0447016
-0.848535	0.0453912
-0.846463	0.0657532
-0.845392	0.0723754
-0.843042	0.0460808
-0.842614	0.00305901
-0.837004	0.0468912
-0.83511	0.067407
-0.831624	0.0477015
-0.826288	0.0485143
-0.824558	0.0732043
-0.821207	0.0493266
-0.81983	0.0715473
-0.816701	0.0501416
-0.812607	0.0509558
-0.809747	0.0517727
-0.807334	0.0525887
-0.805368	0.0534074
-0.804919	0.0649273
-0.802207	0.0542254
-0.79874	0.0550455
-0.797329	0.0599766
-0.797318	0.0591524
-0.794637	0.0558648
-0.794551	0.0607997
-0.793987	0.0583304
-0.791046	0.0575074
-0.790659	0.0566866
-0.787371	0.061625
-0.77095	0.0707182
-0.769822	0.0641003
-0.76941	0.0624492
-0.768525	0.0682353
-0.764319	0.00267424
-0.760068	0.0740311
-0.756524	0.0632753
-0.723716	0.0698909
-0.718027	0.0690626
-0.678318	0.00230864
-0.677877	0.0748616
-0.626001	0.0781767
-0.621912	0.0790047
-0.619305	0.079834
-0.610918	0.00212956
-0.604853	0.075688
-0.601866	0.0773463
-0.601148	0.0806604
-0.574287	0.0765191
-0.556005	0.0814909
-0.551162	0.00195389
-0.492732	0.082317
-0.486936	0.0017695
-0.436169	0.0831475
-0.412598	0.00159315
-0.406628	0.0839744
-0.404921	0.0864586
-0.404403	0.0856305
-0.400184	0.0848036
-0.395372	0.0872836
-0.364897	0.0881126
-0.343129	0.0922427
-0.343129	0.0922427
-0.337704	0.0930684
-0.331988	0.00140978
-0.31595	0.0938908
-0.314686	0.091418
-0.312831	0.0963647
-0.311406	0.0889371
-0.310035	0.0955387
-0.306584	0.0947171
-0.304975	0.0971866
-0.287269	0.0980108
-0.278418	0.0905909
-0.272468	0.0897658
-0.266178	0.098833
-0.244437	0.00123677
-0.244424	0.0996547
-0.22498	0.100474
-0.209113	0.101296
-0.196234	0.102114
-0.189157	0.1111
-0.185686	0.102936
-0.181779	0.111912
-0.174875	0.110285
-0.174715	0.103754
-0.162274	0.104574
-0.158922	0.112724
-0.152379	0.00105995
-0.146908	0.109472
-0.146487	0.105392
-0.141395	0.116772
-0.141184	0.11758
-0.136063	0.113533
-0.135895	0.115964
-0.135608	0.118386
-0.128424	0.115153
-0.126373	0.119191
-0.126148	0.106209
-0.125906	0.114345
-0.119536	0.108655
-0.114358	0.119994
-0.108069	0.107024
-0.104239	0.107841
-0.104239	0.107841
-0.0991938	0.120799
-0.0796979	0.1216
-0.0572458	0.122404
-0.0537952	0.000896333
-0.0354408	0.123205
-0.0171528	0.124006
-0.00380892	0.124806
0.00561607	0.125604
0.0128809	0.126401
0.0184355	0.127197
0.0219134	0.127992
0.0231629	0.128786
0.0239493	0.129579
0.0271628	0.130371
0.0308528	0.131162
0.0317702	0.131951
0.0319221	0.132739
0.0341217	0.133526
0.0381258	0.134312
0.0421546	0.135097
0.0468896	0.135881
0.0521785	0.000736003
0.0545948	0.136663
0.0641534	0.137444
0.0736766	0.138223
0.0837103	0.139002
0.0918731	0.139779
0.0983117	0.140555
0.109409	0.141328
0.128278	0.142101
0.150612	0.142873
0.161568	0.00059126
0.164416	0.149749
0.166226	0.149743
0.167972	0.143643
0.168431	0.14973
0.171504	0.149704
0.175738	0.149652
0.178744	0.144411
0.182138	0.149549
0.188681	0.145179
0.190692	0.149343
0.197422	0.145944
0.199383	0.148972
0.202937	0.146708
0.204819	0.148601
0.20662	0.147469
0.207173	0.14823
0.27368	0.000456433
0.386721	0.000341303
0.498043	0.00024267
0.602129	0.000166752
0.698232	0.00011253
0.784164	8.24209e-05
)
