(title "Pressure Coefficient")
(labels "Pressure Coefficient" "Position")

((xy/key/label "middleplane_suctionside")
-1.27366	0.0120004
-1.27361	0.0113271
-1.27211	0.0106588
-1.27163	0.0126915
-1.2688	0.0133865
-1.26816	0.0100098
-1.26542	0.0140962
-1.26185	0.0148092
-1.26171	0.0093677
-1.2564	0.0155359
-1.25355	0.00874669
-1.24934	0.0162654
-1.24205	0.0170054
-1.23965	0.00813306
-1.23347	0.017748
-1.22533	0.0184982
-1.22039	0.00754529
-1.21651	0.019251
-1.20695	0.0200097
-1.19834	0.00696551
-1.19745	0.0207706
-1.18665	0.0215355
-1.17621	0.0223023
-1.17234	0.00641152
-1.16528	0.0230708
-1.15441	0.0238405
-1.14498	0.00586785
-1.14344	0.0246121
-1.13118	0.0253844
-1.11991	0.0261561
-1.11697	0.00534934
-1.10793	0.0269284
-1.09597	0.0276991
-1.08423	0.0284702
-1.08078	0.00484274
-1.07183	0.0292382
-1.06035	0.0300065
-1.0482	0.0307708
-1.03652	0.0315354
-1.0344	0.00436711
-1.02482	0.0322952
-1.01277	0.0330552
-1.01277	0.0330552
-1.0014	0.0338094
-0.989538	0.0345636
-0.981417	0.00390581
-0.978365	0.0353113
-0.967107	0.0360589
-0.956207	0.0367996
-0.945748	0.0375401
-0.935339	0.0382731
-0.931557	0.0698909
-0.925584	0.039006
-0.920642	0.00347298
-0.91582	0.039731
-0.906617	0.0404558
-0.897712	0.0411723
-0.889193	0.0418887
-0.884293	0.0707182
-0.88132	0.0425965
-0.878658	0.0690626
-0.873845	0.0433041
-0.86701	0.0440029
-0.860461	0.0447016
-0.86041	0.075688
-0.854443	0.0453912
-0.852506	0.00305901
-0.848404	0.0460808
-0.842391	0.0468912
-0.836536	0.0477015
-0.833847	0.0765191
-0.831358	0.0485143
-0.826963	0.0493266
-0.822784	0.0501416
-0.819328	0.0509558
-0.815806	0.0641003
-0.815803	0.0517727
-0.814472	0.0632753
-0.812627	0.0525887
-0.809196	0.0534074
-0.809018	0.0748616
-0.80648	0.0542254
-0.804214	0.0550455
-0.802795	0.0566866
-0.802606	0.0558648
-0.801735	0.0575074
-0.799179	0.0583304
-0.798762	0.0649273
-0.798537	0.0624492
-0.795519	0.0682353
-0.795188	0.0591524
-0.791257	0.0599766
-0.788248	0.0607997
-0.787713	0.061625
-0.780165	0.0715473
-0.774246	0.00267424
-0.772705	0.0657532
-0.750629	0.067407
-0.749915	0.0665807
-0.743396	0.0740311
-0.734756	0.0773463
-0.708506	0.0723754
-0.701731	0.0732043
-0.688214	0.00230864
-0.620753	0.00212956
-0.617914	0.0781767
-0.560967	0.00195389
-0.513348	0.0790047
-0.496669	0.0017695
-0.440311	0.079834
-0.422217	0.00159315
-0.40585	0.0806604
-0.401049	0.0831475
-0.400995	0.0839744
-0.398413	0.082317
-0.398387	0.0814909
-0.391715	0.0848036
-0.375942	0.0856305
-0.358025	0.0864586
-0.344139	0.0872836
-0.34146	0.00140978
-0.335221	0.0881126
-0.326773	0.0889371
-0.319983	0.0897658
-0.319023	0.0980108
-0.317676	0.0905909
-0.314769	0.091418
-0.311674	0.098833
-0.310459	0.0971866
-0.302086	0.0922427
-0.302086	0.0922427
-0.297681	0.0996547
-0.286282	0.0963647
-0.285426	0.100474
-0.274708	0.0930684
-0.271519	0.101296
-0.253913	0.0955387
-0.253705	0.00123677
-0.25253	0.102114
-0.241737	0.0938908
-0.231629	0.0947171
-0.231626	0.102936
-0.211562	0.103754
-0.202244	0.112724
-0.201058	0.113533
-0.19747	0.111912
-0.194811	0.114345
-0.193671	0.104574
-0.189051	0.1111
-0.185442	0.115153
-0.180119	0.110285
-0.178923	0.105392
-0.174842	0.115964
-0.172267	0.109472
-0.167083	0.106209
-0.165622	0.108655
-0.162419	0.116772
-0.161392	0.00105995
-0.160952	0.107841
-0.160952	0.107841
-0.160546	0.107024
-0.145154	0.11758
-0.122259	0.118386
-0.097055	0.119191
-0.0735193	0.119994
-0.0624983	0.000896333
-0.0538366	0.120799
-0.038528	0.1216
-0.0272817	0.122404
-0.0206863	0.123205
-0.0176857	0.124006
-0.0150225	0.124806
-0.00972364	0.125604
-0.000981271	0.126401
0.00938752	0.127197
0.0174977	0.127992
0.0223363	0.128786
0.0244993	0.135881
0.0254171	0.135097
0.0266555	0.129579
0.0292482	0.136663
0.0317025	0.130371
0.0317717	0.134312
0.0366994	0.131162
0.0374559	0.137444
0.0391004	0.133526
0.0410355	0.131951
0.0426321	0.132739
0.0437956	0.000736003
0.0484514	0.138223
0.0613794	0.139002
0.073795	0.139779
0.0877144	0.140555
0.103309	0.141328
0.115603	0.142101
0.126048	0.142873
0.133447	0.143643
0.134258	0.144411
0.137464	0.145179
0.14742	0.145944
0.153585	0.00059126
0.163745	0.149749
0.16458	0.146708
0.165878	0.149743
0.168108	0.14973
0.171473	0.149704
0.176181	0.149652
0.183083	0.149549
0.187373	0.147469
0.192548	0.149343
0.202044	0.14823
0.202092	0.148972
0.205438	0.148601
0.266168	0.000456433
0.379717	0.000341303
0.491624	0.00024267
0.596363	0.000166752
0.69303	0.00011253
0.779404	8.24209e-05
)
