(title "Pressure Coefficient")
(labels "Pressure Coefficient" "Position")

((xy/key/label "middleplane_suctionside")
-1.2679	0.0113271
-1.26788	0.0120004
-1.26637	0.0106588
-1.26595	0.0126915
-1.26282	0.0133865
-1.26238	0.0100098
-1.25979	0.0140962
-1.25611	0.0093677
-1.25598	0.0148092
-1.25045	0.0155359
-1.24778	0.00874669
-1.24365	0.0162654
-1.23575	0.0170054
-1.23409	0.00813306
-1.22769	0.017748
-1.21916	0.0184982
-1.21488	0.00754529
-1.21035	0.019251
-1.20123	0.0200097
-1.19269	0.00696551
-1.19095	0.0207706
-1.18089	0.0215355
-1.16974	0.0223023
-1.16682	0.00641152
-1.15884	0.0230708
-1.14845	0.0238405
-1.13941	0.00586785
-1.13666	0.0246121
-1.12539	0.0253844
-1.11325	0.0261561
-1.11141	0.00534934
-1.1015	0.0269284
-1.08968	0.0276991
-1.07728	0.0284702
-1.07528	0.00484274
-1.06574	0.0292382
-1.05345	0.0300065
-1.04182	0.0307708
-1.02987	0.0315354
-1.02889	0.00436711
-1.0179	0.0322952
-1.00622	0.0330552
-1.00622	0.0330552
-0.994196	0.0338094
-0.982912	0.0345636
-0.975954	0.00390581
-0.971373	0.0353113
-0.960342	0.0360589
-0.949445	0.0367996
-0.938634	0.0375401
-0.928379	0.0382731
-0.918091	0.039006
-0.915232	0.00347298
-0.908563	0.039731
-0.902642	0.0715473
-0.899235	0.0404558
-0.890495	0.0411723
-0.882145	0.0418887
-0.874146	0.0425965
-0.866475	0.0433041
-0.866471	0.0723754
-0.859183	0.0440029
-0.852323	0.0447016
-0.848578	0.0707182
-0.847147	0.00305901
-0.845985	0.0453912
-0.840275	0.0460808
-0.835604	0.0657532
-0.834185	0.0468912
-0.832617	0.0665807
-0.828949	0.0477015
-0.823868	0.0485143
-0.818909	0.0493266
-0.814049	0.0501416
-0.812816	0.0649273
-0.809464	0.0509558
-0.805931	0.0517727
-0.803275	0.0525887
-0.801685	0.0534074
-0.799217	0.0542254
-0.796503	0.0550455
-0.7933	0.0599766
-0.793228	0.0591524
-0.792364	0.0558648
-0.791319	0.067407
-0.790215	0.0607997
-0.789894	0.0583304
-0.78791	0.0566866
-0.787483	0.0575074
-0.781023	0.0641003
-0.780789	0.061625
-0.775016	0.0781767
-0.773219	0.0732043
-0.768964	0.00267424
-0.763937	0.0624492
-0.760068	0.0632753
-0.755835	0.0773463
-0.754442	0.0698909
-0.729174	0.0682353
-0.704289	0.0690626
-0.696441	0.0765191
-0.687834	0.0790047
-0.685485	0.0740311
-0.683027	0.00230864
-0.654818	0.075688
-0.646093	0.0748616
-0.615648	0.00212956
-0.555925	0.00195389
-0.544437	0.079834
-0.491708	0.0017695
-0.453093	0.0839744
-0.447886	0.0831475
-0.446827	0.0806604
-0.433048	0.0848036
-0.429963	0.082317
-0.418728	0.0814909
-0.417358	0.00159315
-0.389527	0.0856305
-0.371163	0.0938908
-0.36397	0.0930684
-0.354986	0.0947171
-0.336716	0.00140978
-0.336371	0.0864586
-0.333011	0.0922427
-0.333011	0.0922427
-0.324064	0.0955387
-0.292131	0.091418
-0.289212	0.0963647
-0.288837	0.0872836
-0.259082	0.0971866
-0.258904	0.0905909
-0.256124	0.0881126
-0.249103	0.00123677
-0.242321	0.0897658
-0.241285	0.0889371
-0.235352	0.0980108
-0.217777	0.098833
-0.204919	0.0996547
-0.196321	0.100474
-0.193144	0.101296
-0.190115	0.102114
-0.184002	0.102936
-0.180927	0.106209
-0.180849	0.107024
-0.177761	0.103754
-0.177112	0.105392
-0.174784	0.104574
-0.173596	0.107841
-0.173596	0.107841
-0.160188	0.108655
-0.156958	0.00105995
-0.145883	0.109472
-0.134124	0.110285
-0.123981	0.1111
-0.112454	0.111912
-0.0984807	0.112724
-0.0910434	0.119191
-0.0903527	0.118386
-0.0873274	0.119994
-0.0870825	0.11758
-0.0852154	0.113533
-0.0825896	0.116772
-0.0784128	0.120799
-0.0778392	0.115964
-0.0768545	0.114345
-0.0749277	0.115153
-0.0656539	0.1216
-0.0582574	0.000896333
-0.0517682	0.122404
-0.0398876	0.123205
-0.0318995	0.124006
-0.0280708	0.124806
-0.0266976	0.125604
-0.0251471	0.126401
-0.0211114	0.127197
-0.0137228	0.127992
-0.00536742	0.128786
0.000304835	0.129579
0.00499125	0.130371
0.0135823	0.131162
0.0239251	0.131951
0.0310913	0.132739
0.0351139	0.133526
0.0418469	0.134312
0.0478471	0.000736003
0.058932	0.135097
0.0761565	0.138223
0.0802	0.135881
0.0806014	0.137444
0.0881353	0.136663
0.0906538	0.139002
0.121105	0.139779
0.152364	0.140555
0.15742	0.00059126
0.165176	0.149749
0.167994	0.149743
0.170364	0.14973
0.172552	0.149704
0.173924	0.149652
0.1751	0.149549
0.175209	0.141328
0.177918	0.149343
0.184515	0.148972
0.191625	0.142101
0.192221	0.148601
0.199506	0.14823
0.20457	0.142873
0.208861	0.147469
0.21215	0.143643
0.21357	0.144411
0.214057	0.145179
0.214533	0.146708
0.21526	0.145944
0.269742	0.000456433
0.383019	0.000341303
0.494615	0.00024267
0.599002	0.000166752
0.695337	0.00011253
0.78141	8.24209e-05
)
