(title "Pressure Coefficient")
(labels "Pressure Coefficient" "Position")

((xy/key/label "middleplane_suctionside")
-1.2632	0.0120004
-1.26296	0.0113271
-1.26145	0.0126915
-1.26127	0.0106588
-1.25856	0.0133865
-1.25702	0.0100098
-1.25577	0.0140962
-1.25206	0.0148092
-1.25054	0.0093677
-1.24681	0.0155359
-1.24198	0.00874669
-1.24007	0.0162654
-1.23241	0.0170054
-1.22804	0.00813306
-1.22457	0.017748
-1.21609	0.0184982
-1.20862	0.00754529
-1.20764	0.019251
-1.19849	0.0200097
-1.18844	0.0207706
-1.18618	0.00696551
-1.17855	0.0215355
-1.16743	0.0223023
-1.16007	0.00641152
-1.15698	0.0230708
-1.14641	0.0238405
-1.13494	0.0246121
-1.13243	0.00586785
-1.12376	0.0253844
-1.11157	0.0261561
-1.10415	0.00534934
-1.10024	0.0269284
-1.08824	0.0276991
-1.07621	0.0284702
-1.0678	0.00484274
-1.06468	0.0292382
-1.05246	0.0300065
-1.04105	0.0307708
-1.02899	0.0315354
-1.02119	0.00436711
-1.01735	0.0322952
-1.00559	0.0330552
-1.00559	0.0330552
-0.99376	0.0338094
-0.982579	0.0345636
-0.971033	0.0353113
-0.968018	0.00390581
-0.960193	0.0360589
-0.949201	0.0367996
-0.938599	0.0375401
-0.928343	0.0382731
-0.918172	0.039006
-0.917844	0.0723754
-0.908782	0.039731
-0.907119	0.00347298
-0.900437	0.0732043
-0.899467	0.0404558
-0.890869	0.0411723
-0.882548	0.0418887
-0.874654	0.0425965
-0.867064	0.0433041
-0.859923	0.0440029
-0.853157	0.0447016
-0.847914	0.0715473
-0.846931	0.0453912
-0.841314	0.0460808
-0.838882	0.00305901
-0.835388	0.0468912
-0.83479	0.0665807
-0.833588	0.067407
-0.830426	0.0477015
-0.825659	0.0485143
-0.823163	0.0740311
-0.821023	0.0493266
-0.81625	0.0501416
-0.811612	0.0509558
-0.809556	0.0657532
-0.807738	0.0517727
-0.804975	0.0525887
-0.804429	0.0534074
-0.803465	0.0542254
-0.801994	0.0550455
-0.801679	0.061625
-0.801085	0.0607997
-0.798753	0.0558648
-0.796768	0.0599766
-0.792661	0.0566866
-0.791921	0.0591524
-0.788783	0.0682353
-0.787876	0.0575074
-0.787215	0.0583304
-0.786128	0.0624492
-0.779801	0.0649273
-0.76441	0.0632753
-0.760757	0.0641003
-0.760589	0.00267424
-0.748867	0.0707182
-0.744103	0.0748616
-0.72457	0.0690626
-0.700275	0.0698909
-0.696825	0.075688
-0.67461	0.00230864
-0.657913	0.0765191
-0.607241	0.00212956
-0.600109	0.0773463
-0.547507	0.00195389
-0.532745	0.0781767
-0.483317	0.0017695
-0.466645	0.0790047
-0.430482	0.0848036
-0.428088	0.0856305
-0.420919	0.0839744
-0.416	0.079834
-0.410033	0.0831475
-0.409033	0.00159315
-0.407087	0.0864586
-0.397692	0.082317
-0.392527	0.0806604
-0.389052	0.0814909
-0.373391	0.0872836
-0.334913	0.0881126
-0.328488	0.00140978
-0.32065	0.0980108
-0.320452	0.0971866
-0.315035	0.098833
-0.31277	0.0963647
-0.309659	0.0996547
-0.30592	0.100474
-0.303201	0.0955387
-0.299413	0.101296
-0.297288	0.0889371
-0.297244	0.0947171
-0.29523	0.0938908
-0.289524	0.0930684
-0.285042	0.102114
-0.275783	0.0922427
-0.275783	0.0922427
-0.265331	0.0897658
-0.261277	0.102936
-0.257945	0.091418
-0.249861	0.0905909
-0.241027	0.00123677
-0.229705	0.103754
-0.196351	0.104574
-0.166347	0.105392
-0.155548	0.111912
-0.15441	0.112724
-0.150077	0.1111
-0.149072	0.00105995
-0.146625	0.113533
-0.141237	0.110285
-0.140278	0.106209
-0.134722	0.114345
-0.12842	0.109472
-0.122042	0.107024
-0.121311	0.115153
-0.116273	0.108655
-0.11394	0.107841
-0.11394	0.107841
-0.108688	0.115964
-0.0981191	0.116772
-0.0907251	0.11758
-0.0864767	0.118386
-0.0843684	0.119191
-0.0830829	0.119994
-0.0807054	0.120799
-0.076042	0.1216
-0.0682534	0.122404
-0.0578707	0.123205
-0.0506093	0.000896333
-0.0493363	0.124006
-0.0476107	0.124806
-0.0470753	0.125604
-0.0394028	0.126401
-0.0250386	0.127197
-0.00453065	0.127992
-0.00289026	0.131162
-0.000567437	0.130371
0.00484862	0.131951
0.0104463	0.129579
0.0122591	0.128786
0.0166064	0.132739
0.0287617	0.133526
0.0400825	0.134312
0.050402	0.135097
0.0552317	0.000736003
0.0612711	0.135881
0.0732802	0.136663
0.0792607	0.142101
0.0834646	0.141328
0.0839561	0.142873
0.0844043	0.137444
0.0906634	0.140555
0.0920863	0.138223
0.0946688	0.139779
0.0950481	0.139002
0.100235	0.143643
0.12261	0.144411
0.147895	0.145179
0.15554	0.14823
0.160756	0.147469
0.163252	0.148601
0.164459	0.00059126
0.173759	0.145944
0.176978	0.146708
0.178415	0.148972
0.195441	0.149343
0.206365	0.149549
0.211949	0.149652
0.214698	0.149704
0.216111	0.14973
0.216888	0.149743
0.217725	0.149749
0.276387	0.000456433
0.389225	0.000341303
0.500304	0.00024267
0.604138	0.000166752
0.699997	0.00011253
0.785688	8.24209e-05
)
