(title "Pressure Coefficient")
(labels "Pressure Coefficient" "Position")

((xy/key/label "middleplane_suctionside")
-1.26722	0.0120004
-1.26716	0.0113271
-1.26547	0.0106588
-1.26543	0.0126915
-1.26243	0.0133865
-1.2614	0.0100098
-1.25944	0.0140962
-1.25582	0.0148092
-1.25496	0.0093677
-1.25033	0.0155359
-1.2465	0.00874669
-1.24367	0.0162654
-1.23588	0.0170054
-1.23271	0.00813306
-1.22783	0.017748
-1.2195	0.0184982
-1.21331	0.00754529
-1.21063	0.019251
-1.2017	0.0200097
-1.19148	0.0207706
-1.19103	0.00696551
-1.18143	0.0215355
-1.17048	0.0223023
-1.16502	0.00641152
-1.1594	0.0230708
-1.14925	0.0238405
-1.13744	0.00586785
-1.13743	0.0246121
-1.12616	0.0253844
-1.11424	0.0261561
-1.10932	0.00534934
-1.10231	0.0269284
-1.09071	0.0276991
-1.07817	0.0284702
-1.07305	0.00484274
-1.06669	0.0292382
-1.0545	0.0300065
-1.04273	0.0307708
-1.031	0.0315354
-1.02652	0.00436711
-1.01884	0.0322952
-1.0073	0.0330552
-1.0073	0.0330552
-0.995231	0.0338094
-0.983888	0.0345636
-0.973453	0.00390581
-0.972473	0.0353113
-0.961286	0.0360589
-0.950607	0.0367996
-0.939747	0.0375401
-0.929607	0.0382731
-0.919402	0.039006
-0.912616	0.00347298
-0.909808	0.039731
-0.905683	0.0682353
-0.903225	0.0690626
-0.900594	0.0404558
-0.891799	0.0411723
-0.88361	0.0418887
-0.87578	0.0425965
-0.868461	0.0433041
-0.861392	0.0440029
-0.854779	0.0447016
-0.848498	0.0453912
-0.844425	0.00305901
-0.842842	0.0460808
-0.838779	0.0624492
-0.836713	0.0468912
-0.833442	0.0632753
-0.831217	0.0477015
-0.826843	0.0485143
-0.822619	0.0493266
-0.819008	0.0501416
-0.814802	0.0509558
-0.814785	0.067407
-0.81041	0.0517727
-0.805597	0.0525887
-0.805374	0.061625
-0.803786	0.0566866
-0.803501	0.0558648
-0.803366	0.0698909
-0.802546	0.0534074
-0.801765	0.0542254
-0.801452	0.0550455
-0.797949	0.0575074
-0.788538	0.0641003
-0.787289	0.0583304
-0.778295	0.0591524
-0.777557	0.0607997
-0.773244	0.0599766
-0.766154	0.00267424
-0.76259	0.0748616
-0.758416	0.075688
-0.745571	0.0740311
-0.737149	0.0765191
-0.735519	0.0649273
-0.729081	0.0665807
-0.717447	0.0773463
-0.716065	0.0732043
-0.712108	0.0781767
-0.703562	0.0657532
-0.701857	0.0707182
-0.700075	0.0790047
-0.68098	0.0723754
-0.68016	0.00230864
-0.66187	0.0715473
-0.645767	0.079834
-0.612759	0.00212956
-0.557463	0.0806604
-0.553008	0.00195389
-0.488779	0.0017695
-0.469084	0.0814909
-0.436463	0.0905909
-0.429003	0.0897658
-0.417755	0.091418
-0.414432	0.00159315
-0.401497	0.0889371
-0.398284	0.082317
-0.377057	0.0922427
-0.377057	0.0922427
-0.367594	0.0881126
-0.346487	0.0831475
-0.334734	0.0872836
-0.333806	0.00140978
-0.325502	0.0930684
-0.313489	0.0839744
-0.306615	0.0864586
-0.296309	0.0848036
-0.292593	0.0856305
-0.276178	0.0938908
-0.248809	0.108655
-0.246231	0.00123677
-0.245269	0.107841
-0.245269	0.107841
-0.243843	0.109472
-0.238217	0.0947171
-0.235779	0.107024
-0.2305	0.110285
-0.223795	0.106209
-0.221744	0.0996547
-0.219095	0.100474
-0.216936	0.098833
-0.214629	0.0955387
-0.210954	0.105392
-0.21086	0.101296
-0.209507	0.1111
-0.20842	0.0980108
-0.203849	0.0963647
-0.202683	0.0971866
-0.201635	0.102114
-0.199456	0.104574
-0.194721	0.102936
-0.193331	0.103754
-0.183235	0.111912
-0.155972	0.112724
-0.154138	0.00105995
-0.132285	0.113533
-0.114591	0.114345
-0.102606	0.115153
-0.101863	0.119191
-0.101463	0.118386
-0.0974798	0.11758
-0.0972316	0.119994
-0.0957121	0.115964
-0.094257	0.116772
-0.087827	0.120799
-0.0756642	0.1216
-0.0645574	0.122404
-0.0562264	0.123205
-0.0555148	0.000896333
-0.0493082	0.124006
-0.0408209	0.124806
-0.0287032	0.125604
-0.0145122	0.126401
-0.000717849	0.127197
0.0122229	0.127992
0.026207	0.128786
0.0360372	0.131951
0.037631	0.132739
0.0388142	0.129579
0.03929	0.131162
0.0427783	0.130371
0.0431374	0.133526
0.0504964	0.000736003
0.0508415	0.134312
0.0609455	0.135097
0.0712949	0.135881
0.0795338	0.136663
0.0885199	0.137444
0.101033	0.138223
0.114628	0.139002
0.115929	0.141328
0.119764	0.142101
0.121567	0.140555
0.12311	0.139779
0.138041	0.142873
0.152541	0.149749
0.153746	0.149743
0.155428	0.14973
0.157707	0.149704
0.15994	0.00059126
0.160418	0.149652
0.1636	0.149549
0.163776	0.143643
0.166635	0.149343
0.168888	0.148972
0.170849	0.148601
0.173918	0.14823
0.180188	0.147469
0.185074	0.144411
0.186641	0.146708
0.190822	0.145944
0.192684	0.145179
0.272104	0.000456433
0.385186	0.000341303
0.496562	0.00024267
0.600723	0.000166752
0.696855	0.00011253
0.782784	8.24209e-05
)
