(title "Pressure Coefficient")
(labels "Pressure Coefficient" "Position")

((xy/key/label "middleplane_suctionside")
-1.27107	0.0120004
-1.27103	0.0113271
-1.26939	0.0106588
-1.26919	0.0126915
-1.2663	0.0133865
-1.26542	0.0100098
-1.26302	0.0140962
-1.25956	0.0148092
-1.2589	0.0093677
-1.25402	0.0155359
-1.25061	0.00874669
-1.24726	0.0162654
-1.23972	0.0170054
-1.23673	0.00813306
-1.23135	0.017748
-1.22327	0.0184982
-1.21735	0.00754529
-1.21422	0.019251
-1.20521	0.0200097
-1.19524	0.00696551
-1.19523	0.0207706
-1.18479	0.0215355
-1.17425	0.0223023
-1.16919	0.00641152
-1.1629	0.0230708
-1.15275	0.0238405
-1.14171	0.00586785
-1.1412	0.0246121
-1.12952	0.0253844
-1.11799	0.0261561
-1.11366	0.00534934
-1.1058	0.0269284
-1.09431	0.0276991
-1.08186	0.0284702
-1.07738	0.00484274
-1.07014	0.0292382
-1.05819	0.0300065
-1.0462	0.0307708
-1.03464	0.0315354
-1.03092	0.00436711
-1.02246	0.0322952
-1.0109	0.0330552
-1.0109	0.0330552
-0.998933	0.0338094
-0.987421	0.0345636
-0.977887	0.00390581
-0.976066	0.0353113
-0.964756	0.0360589
-0.954094	0.0367996
-0.943253	0.0375401
-0.933109	0.0382731
-0.922955	0.039006
-0.917066	0.00347298
-0.913263	0.039731
-0.903972	0.0404558
-0.895002	0.0411723
-0.886674	0.0418887
-0.878746	0.0425965
-0.871431	0.0433041
-0.867776	0.0748616
-0.864459	0.0440029
-0.857923	0.0447016
-0.85167	0.0453912
-0.849684	0.0690626
-0.848894	0.00305901
-0.845813	0.0460808
-0.844221	0.0740311
-0.839499	0.0468912
-0.838263	0.0698909
-0.83345	0.0477015
-0.828739	0.0485143
-0.828203	0.0632753
-0.824692	0.0493266
-0.821478	0.0501416
-0.8181	0.0509558
-0.815923	0.0641003
-0.814264	0.0517727
-0.811898	0.0682353
-0.811392	0.0624492
-0.810847	0.075688
-0.809135	0.0525887
-0.806477	0.0566866
-0.80567	0.0575074
-0.80426	0.0534074
-0.80295	0.0558648
-0.802409	0.0707182
-0.802023	0.0542254
-0.800837	0.0550455
-0.797941	0.0583304
-0.795836	0.0732043
-0.787637	0.0591524
-0.78485	0.061625
-0.783958	0.0649273
-0.779568	0.0599766
-0.775284	0.0715473
-0.77453	0.0607997
-0.770618	0.00267424
-0.769266	0.0723754
-0.758273	0.067407
-0.751422	0.0657532
-0.735708	0.0665807
-0.692905	0.0765191
-0.684595	0.00230864
-0.617157	0.00212956
-0.576764	0.0773463
-0.557382	0.00195389
-0.502483	0.0814909
-0.500365	0.0806604
-0.500171	0.0781767
-0.493113	0.0017695
-0.484037	0.079834
-0.475905	0.0790047
-0.475244	0.082317
-0.430095	0.0831475
-0.418706	0.00159315
-0.390984	0.0839744
-0.379861	0.0872836
-0.376339	0.0881126
-0.375197	0.0864586
-0.370999	0.0848036
-0.368941	0.0856305
-0.360705	0.0889371
-0.33801	0.00140978
-0.33445	0.0897658
-0.303181	0.0905909
-0.273918	0.091418
-0.255935	0.110285
-0.255637	0.1111
-0.251126	0.098833
-0.250959	0.0922427
-0.250959	0.0922427
-0.250338	0.00123677
-0.249637	0.0980108
-0.248872	0.109472
-0.244075	0.111912
-0.238999	0.0996547
-0.238767	0.108655
-0.23338	0.0930684
-0.233226	0.0971866
-0.22649	0.107841
-0.22649	0.107841
-0.225307	0.100474
-0.221158	0.112724
-0.219392	0.0938908
-0.217709	0.101296
-0.213233	0.0963647
-0.212631	0.102114
-0.211635	0.107024
-0.20803	0.0947171
-0.206175	0.102936
-0.203455	0.0955387
-0.197658	0.103754
-0.196732	0.106209
-0.191514	0.113533
-0.188864	0.104574
-0.187585	0.105392
-0.161776	0.114345
-0.158131	0.00105995
-0.136876	0.115153
-0.118966	0.115964
-0.106636	0.116772
-0.0967729	0.11758
-0.0873657	0.118386
-0.0781719	0.119191
-0.0707399	0.119994
-0.0659974	0.120799
-0.0624532	0.1216
-0.0593691	0.000896333
-0.059331	0.122404
-0.0567917	0.123205
-0.0545074	0.124006
-0.0522338	0.124806
-0.048087	0.125604
-0.0415788	0.126401
-0.0349841	0.127197
-0.0277966	0.127992
-0.0179558	0.128786
-0.0165125	0.131951
-0.0130417	0.131162
-0.00796604	0.129579
-0.00587356	0.130371
-0.00444756	0.132739
0.00842715	0.149743
0.0145076	0.149749
0.0198837	0.14973
0.0202071	0.133526
0.0233859	0.137444
0.0284986	0.138223
0.0292929	0.149704
0.0300456	0.136663
0.0354486	0.149652
0.0420814	0.135881
0.0425677	0.134312
0.0457381	0.139002
0.0467962	0.000736003
0.046806	0.149549
0.0495045	0.135097
0.0652499	0.149343
0.0708446	0.139779
0.0904112	0.148972
0.0965485	0.140555
0.117822	0.141328
0.123236	0.148601
0.134961	0.142101
0.148855	0.142873
0.156427	0.00059126
0.157383	0.14823
0.159446	0.143643
0.16755	0.144411
0.176711	0.145179
0.188684	0.145944
0.193577	0.147469
0.203007	0.146708
0.268813	0.000456433
0.382151	0.000341303
0.493811	0.00024267
0.598269	0.000166752
0.69468	0.00011253
0.780838	8.24209e-05
)
