(title "Pressure Coefficient")
(labels "Pressure Coefficient" "Position")

((xy/key/label "middleplane_suctionside")
-1.27154	0.0120004
-1.27143	0.0113271
-1.26994	0.0106588
-1.26961	0.0126915
-1.26659	0.0133865
-1.26583	0.0100098
-1.26366	0.0140962
-1.25978	0.0148092
-1.25954	0.0093677
-1.25446	0.0155359
-1.25116	0.00874669
-1.24751	0.0162654
-1.23982	0.0170054
-1.23736	0.00813306
-1.23184	0.017748
-1.22321	0.0184982
-1.21815	0.00754529
-1.21475	0.019251
-1.20534	0.0200097
-1.19587	0.00696551
-1.19535	0.0207706
-1.18527	0.0215355
-1.17408	0.0223023
-1.16993	0.00641152
-1.16364	0.0230708
-1.15276	0.0238405
-1.14249	0.00586785
-1.14147	0.0246121
-1.12999	0.0253844
-1.1178	0.0261561
-1.11441	0.00534934
-1.10648	0.0269284
-1.09425	0.0276991
-1.08243	0.0284702
-1.07824	0.00484274
-1.07061	0.0292382
-1.05844	0.0300065
-1.04694	0.0307708
-1.03476	0.0315354
-1.03179	0.00436711
-1.02321	0.0322952
-1.01124	0.0330552
-1.01124	0.0330552
-0.999573	0.0338094
-0.988247	0.0345636
-0.978777	0.00390581
-0.976717	0.0353113
-0.965851	0.0360589
-0.954759	0.0367996
-0.944236	0.0375401
-0.933874	0.0382731
-0.923845	0.039006
-0.917989	0.00347298
-0.914438	0.039731
-0.908305	0.0723754
-0.905341	0.0715473
-0.90518	0.0404558
-0.896627	0.0411723
-0.88825	0.0418887
-0.880351	0.0425965
-0.872709	0.0433041
-0.865612	0.0440029
-0.86561	0.0732043
-0.858874	0.0447016
-0.852831	0.0453912
-0.849831	0.00305901
-0.84731	0.0460808
-0.841534	0.0468912
-0.839151	0.0665807
-0.837313	0.0657532
-0.836888	0.0707182
-0.836555	0.0477015
-0.831472	0.0485143
-0.826563	0.0493266
-0.821629	0.0501416
-0.821484	0.0740311
-0.817307	0.0509558
-0.81395	0.0517727
-0.811997	0.0525887
-0.81167	0.0649273
-0.811303	0.0534074
-0.809419	0.0542254
-0.806947	0.0550455
-0.806406	0.0607997
-0.805975	0.0748616
-0.805602	0.0599766
-0.802852	0.067407
-0.80262	0.0591524
-0.802044	0.0558648
-0.79928	0.075688
-0.797907	0.061625
-0.797166	0.0583304
-0.796248	0.0566866
-0.794213	0.0575074
-0.781473	0.0641003
-0.777021	0.0624492
-0.771567	0.00267424
-0.766085	0.0632753
-0.757937	0.0765191
-0.746422	0.0698909
-0.741534	0.0682353
-0.707442	0.0690626
-0.685551	0.00230864
-0.671137	0.0773463
-0.61811	0.00212956
-0.558334	0.00195389
-0.541837	0.0781767
-0.494058	0.0017695
-0.4781	0.0831475
-0.475345	0.082317
-0.438622	0.0839744
-0.434015	0.0814909
-0.420149	0.0790047
-0.419636	0.00159315
-0.387957	0.0806604
-0.377007	0.0848036
-0.372087	0.079834
-0.33892	0.00140978
-0.334936	0.0938908
-0.333367	0.0930684
-0.332139	0.0947171
-0.325962	0.0922427
-0.325962	0.0922427
-0.320622	0.0955387
-0.317587	0.0856305
-0.309646	0.091418
-0.303321	0.0963647
-0.288596	0.0905909
-0.287197	0.0971866
-0.274441	0.0980108
-0.273778	0.0864586
-0.268448	0.0897658
-0.264665	0.098833
-0.255934	0.0996547
-0.253686	0.0889371
-0.251217	0.00123677
-0.249685	0.0872836
-0.247785	0.100474
-0.245547	0.0881126
-0.241038	0.101296
-0.235189	0.102114
-0.230223	0.102936
-0.225329	0.103754
-0.218235	0.104574
-0.21662	0.110285
-0.213272	0.1111
-0.210825	0.109472
-0.207363	0.105392
-0.200854	0.111912
-0.198099	0.108655
-0.192957	0.106209
-0.185606	0.107841
-0.185606	0.107841
-0.182776	0.107024
-0.18277	0.112724
-0.164568	0.113533
-0.158973	0.00105995
-0.149753	0.114345
-0.14012	0.115153
-0.133754	0.115964
-0.128062	0.116772
-0.120174	0.11758
-0.108005	0.118386
-0.0955879	0.119191
-0.0865334	0.119994
-0.0787	0.120799
-0.0696851	0.1216
-0.0601608	0.000896333
-0.059688	0.122404
-0.0505412	0.123205
-0.0434296	0.124006
-0.0381153	0.124806
-0.0332459	0.125604
-0.028015	0.126401
-0.0229841	0.127197
-0.0189947	0.127992
-0.0172059	0.129579
-0.0169352	0.128786
-0.0164107	0.130371
-0.00936685	0.131162
0.0046502	0.131951
0.0216105	0.132739
0.0354716	0.133526
0.0437073	0.134312
0.0460536	0.000736003
0.0523083	0.135097
0.0680514	0.135881
0.0930541	0.136663
0.121961	0.137444
0.14299	0.138223
0.145372	0.144411
0.145666	0.141328
0.146868	0.143643
0.146906	0.145179
0.147111	0.142101
0.147859	0.140555
0.148157	0.142873
0.151311	0.139002
0.151363	0.139779
0.151838	0.145944
0.155748	0.00059126
0.158856	0.146708
0.170245	0.147469
0.180193	0.149652
0.180776	0.149704
0.180845	0.149549
0.181409	0.14973
0.181871	0.149743
0.182444	0.14823
0.182554	0.149749
0.183369	0.149343
0.186389	0.148972
0.187123	0.148601
0.268214	0.000456433
0.381643	0.000341303
0.493412	0.00024267
0.597987	0.000166752
0.694516	0.00011253
0.780782	8.24209e-05
)
