(title "Pressure Coefficient")
(labels "Pressure Coefficient" "Position")

((xy/key/label "middleplane_suctionside")
-1.26487	0.0120004
-1.26477	0.0113271
-1.26307	0.0106588
-1.26303	0.0126915
-1.2602	0.0133865
-1.25905	0.0100098
-1.25694	0.0140962
-1.25354	0.0148092
-1.25248	0.0093677
-1.24804	0.0155359
-1.24412	0.00874669
-1.24129	0.0162654
-1.23385	0.0170054
-1.2302	0.00813306
-1.22542	0.017748
-1.21745	0.0184982
-1.21075	0.00754529
-1.20842	0.019251
-1.1993	0.0200097
-1.18956	0.0207706
-1.18858	0.00696551
-1.17894	0.0215355
-1.16865	0.0223023
-1.16248	0.00641152
-1.15739	0.0230708
-1.147	0.0238405
-1.13576	0.0246121
-1.13493	0.00586785
-1.12372	0.0253844
-1.11252	0.0261561
-1.10681	0.00534934
-1.1003	0.0269284
-1.08872	0.0276991
-1.07664	0.0284702
-1.07047	0.00484274
-1.0645	0.0292382
-1.05299	0.0300065
-1.04077	0.0307708
-1.02933	0.0315354
-1.02395	0.00436711
-1.01736	0.0322952
-1.00551	0.0330552
-1.00551	0.0330552
-0.99395	0.0338094
-0.982092	0.0345636
-0.970973	0.0353113
-0.970867	0.00390581
-0.959608	0.0360589
-0.948843	0.0367996
-0.938215	0.0375401
-0.927795	0.0382731
-0.917856	0.039006
-0.91002	0.00347298
-0.907936	0.039731
-0.89865	0.0404558
-0.889611	0.0411723
-0.881119	0.0418887
-0.87317	0.0425965
-0.870812	0.0690626
-0.865619	0.0433041
-0.858554	0.0440029
-0.851706	0.0447016
-0.845307	0.0453912
-0.841837	0.00305901
-0.839627	0.0682353
-0.838992	0.0460808
-0.832783	0.0468912
-0.826798	0.0477015
-0.82172	0.0485143
-0.817171	0.0493266
-0.812997	0.0698909
-0.812735	0.0501416
-0.808676	0.0509558
-0.804275	0.0517727
-0.804185	0.0632753
-0.800791	0.0748616
-0.800278	0.0525887
-0.799638	0.0624492
-0.79655	0.0534074
-0.794371	0.0542254
-0.792773	0.0550455
-0.792154	0.0558648
-0.791962	0.0566866
-0.788082	0.0575074
-0.786008	0.0740311
-0.781596	0.061625
-0.781481	0.0583304
-0.781301	0.0641003
-0.774931	0.0591524
-0.7728	0.0607997
-0.772126	0.0599766
-0.770241	0.067407
-0.76438	0.075688
-0.763578	0.00267424
-0.747046	0.0649273
-0.739529	0.0732043
-0.728609	0.0665807
-0.724567	0.0657532
-0.724032	0.0707182
-0.694811	0.0723754
-0.685964	0.0765191
-0.681613	0.0715473
-0.677604	0.00230864
-0.610225	0.00212956
-0.59748	0.0773463
-0.550488	0.00195389
-0.544661	0.0806604
-0.544403	0.0814909
-0.531752	0.0781767
-0.518857	0.079834
-0.505757	0.0790047
-0.504052	0.082317
-0.486282	0.0017695
-0.445917	0.0831475
-0.428256	0.0872836
-0.42421	0.0881126
-0.411968	0.00159315
-0.411606	0.0864586
-0.400322	0.0839744
-0.399746	0.0889371
-0.390288	0.0856305
-0.38243	0.0848036
-0.366313	0.0897658
-0.331382	0.00140978
-0.331341	0.0905909
-0.327952	0.0971866
-0.32504	0.0963647
-0.310216	0.0980108
-0.3083	0.0955387
-0.298085	0.091418
-0.287786	0.0947171
-0.27745	0.098833
-0.271997	0.0922427
-0.271997	0.0922427
-0.269293	0.0938908
-0.261477	0.0930684
-0.24386	0.00123677
-0.240363	0.0996547
-0.208727	0.100474
-0.187612	0.101296
-0.185287	0.105392
-0.181327	0.104574
-0.178081	0.106209
-0.175579	0.102114
-0.172828	0.103754
-0.170149	0.102936
-0.164339	0.107024
-0.153064	0.107841
-0.153064	0.107841
-0.151828	0.00105995
-0.147708	0.108655
-0.144373	0.109472
-0.136963	0.110285
-0.126734	0.1111
-0.117693	0.111912
-0.110528	0.112724
-0.107291	0.113533
-0.106337	0.114345
-0.102086	0.115153
-0.0940148	0.115964
-0.0896549	0.1216
-0.088945	0.122404
-0.0869044	0.120799
-0.0860704	0.116772
-0.0841782	0.123205
-0.0828367	0.119994
-0.0807089	0.11758
-0.0793837	0.119191
-0.0784212	0.118386
-0.0762255	0.124006
-0.0656106	0.124806
-0.0532737	0.000896333
-0.0529876	0.125604
-0.0409848	0.126401
-0.0328455	0.127197
-0.028504	0.127992
-0.0242191	0.128786
-0.0165609	0.129579
-0.00513912	0.130371
0.00824566	0.131162
0.0217338	0.131951
0.0353738	0.132739
0.0508388	0.133526
0.0526737	0.000736003
0.0675673	0.134312
0.0806051	0.135097
0.0868233	0.135881
0.0917914	0.136663
0.099851	0.137444
0.110316	0.138223
0.111771	0.149749
0.117544	0.140555
0.118566	0.141328
0.119446	0.139002
0.120641	0.139779
0.121448	0.149743
0.124188	0.142101
0.130328	0.142873
0.13415	0.14973
0.134798	0.143643
0.140527	0.144411
0.147875	0.149704
0.149884	0.145179
0.158937	0.149652
0.159284	0.145944
0.162032	0.00059126
0.164894	0.146708
0.168001	0.147469
0.168525	0.149549
0.170332	0.14823
0.171818	0.148601
0.174095	0.148972
0.174243	0.149343
0.274104	0.000456433
0.387097	0.000341303
0.498349	0.00024267
0.602348	0.000166752
0.698328	0.00011253
0.784105	8.24209e-05
)
