(title "Pressure Coefficient")
(labels "Pressure Coefficient" "Position")

((xy/key/label "middleplane_suctionside")
-1.26817	0.0120004
-1.26791	0.0113271
-1.26642	0.0106588
-1.26621	0.0126915
-1.26345	0.0133865
-1.26224	0.0100098
-1.26038	0.0140962
-1.25663	0.0148092
-1.25577	0.0093677
-1.25147	0.0155359
-1.24746	0.00874669
-1.24436	0.0162654
-1.23712	0.0170054
-1.23341	0.00813306
-1.22892	0.017748
-1.22047	0.0184982
-1.21413	0.00754529
-1.21214	0.019251
-1.20246	0.0200097
-1.19296	0.0207706
-1.19187	0.00696551
-1.18261	0.0215355
-1.17169	0.0223023
-1.16577	0.00641152
-1.16134	0.0230708
-1.15027	0.0238405
-1.13941	0.0246121
-1.1383	0.00586785
-1.1276	0.0253844
-1.11573	0.0261561
-1.11013	0.00534934
-1.10446	0.0269284
-1.09219	0.0276991
-1.08069	0.0284702
-1.07385	0.00484274
-1.06861	0.0292382
-1.05671	0.0300065
-1.04517	0.0307708
-1.03303	0.0315354
-1.02736	0.00436711
-1.02167	0.0322952
-1.00965	0.0330552
-1.00965	0.0330552
-0.998204	0.0338094
-0.986764	0.0345636
-0.975278	0.0353113
-0.974262	0.00390581
-0.964343	0.0360589
-0.953204	0.0367996
-0.942767	0.0375401
-0.932394	0.0382731
-0.922503	0.039006
-0.913417	0.00347298
-0.91299	0.039731
-0.903623	0.0404558
-0.894793	0.0411723
-0.894711	0.0690626
-0.886112	0.0418887
-0.88052	0.0698909
-0.878018	0.0425965
-0.870309	0.0433041
-0.863328	0.0440029
-0.856672	0.0447016
-0.850626	0.0453912
-0.845225	0.00305901
-0.84467	0.0460808
-0.838312	0.0748616
-0.838287	0.0468912
-0.832291	0.0477015
-0.826583	0.0485143
-0.824287	0.0682353
-0.822053	0.0493266
-0.820285	0.075688
-0.817976	0.0501416
-0.81763	0.0632753
-0.814512	0.0509558
-0.812414	0.0641003
-0.810948	0.0517727
-0.807203	0.0525887
-0.803056	0.0534074
-0.79953	0.0542254
-0.798426	0.0575074
-0.798371	0.0566866
-0.797719	0.0550455
-0.796844	0.0558648
-0.796782	0.0740311
-0.796449	0.0624492
-0.794003	0.0583304
-0.79393	0.0707182
-0.786497	0.0591524
-0.779636	0.0599766
-0.779403	0.061625
-0.778995	0.0649273
-0.776773	0.0607997
-0.76694	0.00267424
-0.751832	0.067407
-0.74087	0.0657532
-0.735688	0.0732043
-0.724929	0.0765191
-0.724257	0.0665807
-0.71904	0.0715473
-0.69794	0.0723754
-0.680932	0.00230864
-0.613516	0.00212956
-0.598023	0.0773463
-0.553753	0.00195389
-0.494398	0.0781767
-0.489508	0.0017695
-0.4595	0.082317
-0.454288	0.0814909
-0.449112	0.0831475
-0.435211	0.0839744
-0.434495	0.0806604
-0.434224	0.0790047
-0.430369	0.0864586
-0.429987	0.0856305
-0.428137	0.0848036
-0.420751	0.0872836
-0.419549	0.079834
-0.41514	0.00159315
-0.40253	0.0881126
-0.379221	0.0889371
-0.349965	0.0897658
-0.334489	0.00140978
-0.32949	0.0963647
-0.327475	0.0971866
-0.319336	0.0955387
-0.31749	0.0905909
-0.313584	0.0980108
-0.303045	0.0947171
-0.294372	0.091418
-0.291268	0.098833
-0.288169	0.0938908
-0.283915	0.0922427
-0.283915	0.0922427
-0.281379	0.0930684
-0.262921	0.0996547
-0.246881	0.00123677
-0.23511	0.100474
-0.227523	0.102936
-0.223737	0.102114
-0.221624	0.103754
-0.221158	0.101296
-0.207885	0.104574
-0.194303	0.105392
-0.186255	0.106209
-0.181788	0.107024
-0.17793	0.107841
-0.17793	0.107841
-0.173516	0.108655
-0.168921	0.109472
-0.16438	0.110285
-0.159023	0.1111
-0.154751	0.00105995
-0.152428	0.111912
-0.144278	0.112724
-0.133746	0.113533
-0.120032	0.114345
-0.101925	0.115153
-0.096944	0.119191
-0.0965754	0.118386
-0.0878226	0.119994
-0.0873194	0.11758
-0.0841073	0.115964
-0.0788352	0.116772
-0.0734769	0.120799
-0.0592682	0.1216
-0.0587971	0.127992
-0.0583447	0.127197
-0.056082	0.000896333
-0.0559168	0.128786
-0.0546743	0.126401
-0.0511558	0.129579
-0.0495863	0.125604
-0.0492535	0.122404
-0.0452749	0.124806
-0.0447074	0.130371
-0.0443722	0.123205
-0.0432739	0.124006
-0.034581	0.131162
-0.0203495	0.131951
-0.00469603	0.132739
0.0100486	0.133526
0.0247661	0.134312
0.0360671	0.135097
0.0410815	0.135881
0.0433307	0.136663
0.043898	0.137444
0.0452996	0.138223
0.0499849	0.000736003
0.0512421	0.139002
0.0619399	0.139779
0.078025	0.140555
0.10081	0.141328
0.128686	0.142101
0.157877	0.142873
0.159495	0.00059126
0.181745	0.143643
0.189746	0.146708
0.190512	0.145944
0.193263	0.144411
0.193678	0.145179
0.197911	0.147469
0.21189	0.14823
0.214671	0.149749
0.21576	0.149743
0.217454	0.14973
0.219733	0.149704
0.220706	0.148601
0.222472	0.149652
0.225655	0.149549
0.226475	0.148972
0.228052	0.149343
0.27174	0.000456433
0.384921	0.000341303
0.496405	0.00024267
0.600656	0.000166752
0.696886	0.00011253
0.7829	8.24209e-05
)
