(title "Pressure Coefficient")
(labels "Pressure Coefficient" "Position")

((xy/key/label "middleplane_suctionside")
-1.26305	0.0120004
-1.26283	0.0113271
-1.26126	0.0106588
-1.26118	0.0126915
-1.25826	0.0133865
-1.25705	0.0100098
-1.25539	0.0140962
-1.25155	0.0148092
-1.25064	0.0093677
-1.24631	0.0155359
-1.24218	0.00874669
-1.23938	0.0162654
-1.23175	0.0170054
-1.22823	0.00813306
-1.22382	0.017748
-1.2152	0.0184982
-1.20893	0.00754529
-1.2068	0.019251
-1.19738	0.0200097
-1.18738	0.0207706
-1.18655	0.00696551
-1.17735	0.0215355
-1.16609	0.0223023
-1.16049	0.00641152
-1.15571	0.0230708
-1.14481	0.0238405
-1.13347	0.0246121
-1.13294	0.00586785
-1.12202	0.0253844
-1.10971	0.0261561
-1.10472	0.00534934
-1.09841	0.0269284
-1.08611	0.0276991
-1.07422	0.0284702
-1.06843	0.00484274
-1.0624	0.0292382
-1.05009	0.0300065
-1.03856	0.0307708
-1.02626	0.0315354
-1.02188	0.00436711
-1.01461	0.0322952
-1.00258	0.0330552
-1.00258	0.0330552
-0.990755	0.0338094
-0.979377	0.0345636
-0.968759	0.00390581
-0.967698	0.0353113
-0.95672	0.0360589
-0.945495	0.0367996
-0.934802	0.0375401
-0.924342	0.0382731
-0.91414	0.039006
-0.907912	0.00347298
-0.904654	0.039731
-0.895256	0.0404558
-0.886584	0.0411723
-0.878081	0.0418887
-0.870012	0.0425965
-0.862266	0.0433041
-0.855054	0.0440029
-0.854528	0.0665807
-0.848236	0.0447016
-0.842134	0.0453912
-0.839723	0.00305901
-0.836539	0.0460808
-0.83125	0.0657532
-0.830637	0.0468912
-0.826717	0.067407
-0.825504	0.0477015
-0.820255	0.0485143
-0.815355	0.0493266
-0.810394	0.0501416
-0.8061	0.0509558
-0.802746	0.0517727
-0.800565	0.0525887
-0.799501	0.0534074
-0.79895	0.0707182
-0.797531	0.0542254
-0.796117	0.0607997
-0.795103	0.0550455
-0.79218	0.0599766
-0.790273	0.0558648
-0.790085	0.0649273
-0.789776	0.061625
-0.788825	0.0591524
-0.786762	0.0715473
-0.784869	0.0566866
-0.784398	0.0583304
-0.782291	0.0575074
-0.779772	0.0698909
-0.771463	0.0682353
-0.767825	0.0624492
-0.761473	0.00267424
-0.76014	0.0641003
-0.757407	0.075688
-0.755977	0.0765191
-0.753354	0.0723754
-0.752806	0.0690626
-0.751779	0.0632753
-0.727148	0.0748616
-0.720982	0.0732043
-0.710938	0.0740311
-0.694164	0.0773463
-0.675524	0.00230864
-0.614081	0.0781767
-0.60816	0.00212956
-0.571245	0.0790047
-0.567301	0.079834
-0.549088	0.0806604
-0.548432	0.00195389
-0.507584	0.0839744
-0.499329	0.0814909
-0.495167	0.0848036
-0.489877	0.0831475
-0.484252	0.0017695
-0.473486	0.082317
-0.452762	0.0856305
-0.409977	0.00159315
-0.398523	0.0864586
-0.346713	0.0872836
-0.329434	0.00140978
-0.298902	0.0881126
-0.27924	0.0955387
-0.275786	0.0963647
-0.274391	0.0996547
-0.274041	0.0947171
-0.271912	0.100474
-0.271813	0.098833
-0.271145	0.0971866
-0.26964	0.0980108
-0.260261	0.101296
-0.25951	0.0938908
-0.259261	0.0889371
-0.243809	0.0930684
-0.24276	0.102114
-0.241971	0.00123677
-0.237056	0.0897658
-0.234098	0.0922427
-0.234098	0.0922427
-0.230788	0.091418
-0.230779	0.0905909
-0.2294	0.102936
-0.229063	0.105392
-0.228648	0.104574
-0.226195	0.103754
-0.223227	0.106209
-0.209924	0.107024
-0.191506	0.107841
-0.191506	0.107841
-0.169149	0.108655
-0.150014	0.00105995
-0.143682	0.109472
-0.138568	0.116772
-0.137872	0.11758
-0.129212	0.118386
-0.127377	0.115964
-0.117631	0.119191
-0.115113	0.110285
-0.107176	0.115153
-0.106143	0.119994
-0.0950324	0.120799
-0.0857659	0.1111
-0.084179	0.114345
-0.08274	0.1216
-0.0682968	0.122404
-0.0644774	0.113533
-0.0630492	0.111912
-0.0553615	0.112724
-0.0530735	0.123205
-0.0515436	0.000896333
-0.0391427	0.124006
-0.0271559	0.124806
-0.0158383	0.125604
-0.00435285	0.126401
0.00704791	0.127197
0.0172936	0.127992
0.0253637	0.128786
0.0316815	0.129579
0.0381563	0.130371
0.0463743	0.131162
0.0543095	0.000736003
0.0562965	0.131951
0.0596763	0.139002
0.0670419	0.138223
0.0679379	0.132739
0.0687955	0.139779
0.0811924	0.133526
0.0822607	0.137444
0.0929548	0.140555
0.0943623	0.134312
0.0974822	0.136663
0.104369	0.135097
0.1062	0.135881
0.121167	0.141328
0.150854	0.142101
0.163546	0.00059126
0.173104	0.149749
0.174165	0.149743
0.175055	0.142873
0.175903	0.14973
0.178363	0.149704
0.181443	0.149652
0.185272	0.149549
0.186189	0.146708
0.187456	0.143643
0.188032	0.145944
0.188141	0.147469
0.189383	0.149343
0.191522	0.14823
0.192252	0.148972
0.19227	0.145179
0.192837	0.148601
0.193157	0.144411
0.275473	0.000456433
0.388295	0.000341303
0.499342	0.00024267
0.603117	0.000166752
0.698875	0.00011253
0.784437	8.24209e-05
)
