(title "Pressure Coefficient")
(labels "Pressure Coefficient" "Position")

((xy/key/label "middleplane_suctionside")
-1.26673	0.0120004
-1.26662	0.0113271
-1.26496	0.0126915
-1.26493	0.0106588
-1.26198	0.0133865
-1.2608	0.0100098
-1.25907	0.0140962
-1.25543	0.0148092
-1.25436	0.0093677
-1.25	0.0155359
-1.24587	0.00874669
-1.24336	0.0162654
-1.23559	0.0170054
-1.23204	0.00813306
-1.22762	0.017748
-1.21929	0.0184982
-1.21265	0.00754529
-1.2105	0.019251
-1.2016	0.0200097
-1.19142	0.0207706
-1.19031	0.00696551
-1.18143	0.0215355
-1.17053	0.0223023
-1.16429	0.00641152
-1.1595	0.0230708
-1.14941	0.0238405
-1.13767	0.0246121
-1.1367	0.00586785
-1.12644	0.0253844
-1.11462	0.0261561
-1.10853	0.00534934
-1.1027	0.0269284
-1.09122	0.0276991
-1.07876	0.0284702
-1.07225	0.00484274
-1.06736	0.0292382
-1.0553	0.0300065
-1.04357	0.0307708
-1.03199	0.0315354
-1.02569	0.00436711
-1.01988	0.0322952
-1.00846	0.0330552
-1.00846	0.0330552
-0.996511	0.0338094
-0.985247	0.0345636
-0.974005	0.0353113
-0.972594	0.00390581
-0.962888	0.0360589
-0.952326	0.0367996
-0.941552	0.0375401
-0.931481	0.0382731
-0.921388	0.039006
-0.91189	0.039731
-0.911737	0.00347298
-0.903175	0.0682353
-0.902808	0.0404558
-0.898404	0.067407
-0.894121	0.0411723
-0.886047	0.0418887
-0.87825	0.0425965
-0.870921	0.0433041
-0.863854	0.0440029
-0.857218	0.0447016
-0.851	0.0453912
-0.845453	0.0460808
-0.843527	0.00305901
-0.839649	0.0468912
-0.83772	0.0732043
-0.834362	0.0477015
-0.831618	0.0723754
-0.829941	0.0485143
-0.825961	0.0624492
-0.825404	0.0493266
-0.821323	0.0501416
-0.820006	0.0665807
-0.817452	0.0690626
-0.816844	0.061625
-0.816805	0.0509558
-0.812649	0.0517727
-0.809277	0.0525887
-0.807531	0.0534074
-0.807479	0.0542254
-0.806736	0.0550455
-0.805882	0.0558648
-0.801721	0.0632753
-0.801674	0.0566866
-0.800483	0.0607997
-0.794146	0.0575074
-0.79232	0.0599766
-0.788836	0.0740311
-0.787824	0.0583304
-0.787246	0.0591524
-0.77647	0.0715473
-0.765238	0.00267424
-0.758886	0.0641003
-0.756139	0.0657532
-0.736159	0.0649273
-0.731154	0.0698909
-0.718541	0.0707182
-0.698151	0.0748616
-0.67923	0.00230864
-0.611818	0.00212956
-0.600815	0.075688
-0.594198	0.0806604
-0.585519	0.079834
-0.569882	0.0814909
-0.557018	0.0790047
-0.552054	0.00195389
-0.533567	0.0765191
-0.525184	0.0781767
-0.513804	0.082317
-0.510857	0.0773463
-0.487814	0.0017695
-0.446998	0.0831475
-0.413455	0.00159315
-0.391832	0.0839744
-0.355118	0.0848036
-0.332822	0.00140978
-0.329183	0.0856305
-0.309906	0.0864586
-0.299116	0.0872836
-0.295052	0.0881126
-0.293051	0.0889371
-0.290461	0.0897658
-0.288727	0.0963647
-0.287073	0.0971866
-0.286348	0.0905909
-0.285687	0.0955387
-0.283481	0.091418
-0.28305	0.0922427
-0.28305	0.0922427
-0.282027	0.0930684
-0.281598	0.0947171
-0.280573	0.0938908
-0.279033	0.0980108
-0.265652	0.098833
-0.249293	0.0996547
-0.245238	0.00123677
-0.232417	0.100474
-0.217377	0.101296
-0.204419	0.102114
-0.194132	0.102936
-0.187625	0.109472
-0.185987	0.103754
-0.185434	0.108655
-0.182502	0.110285
-0.179347	0.107841
-0.179347	0.107841
-0.17867	0.104574
-0.173482	0.107024
-0.173163	0.105392
-0.172067	0.1111
-0.17105	0.106209
-0.161552	0.111912
-0.153143	0.00105995
-0.152607	0.112724
-0.143905	0.113533
-0.134649	0.114345
-0.125676	0.115153
-0.117724	0.115964
-0.109873	0.116772
-0.100975	0.11758
-0.091753	0.118386
-0.0855268	0.119191
-0.0830076	0.119994
-0.0800626	0.120799
-0.0730714	0.1216
-0.0622427	0.122404
-0.0545128	0.000896333
-0.0511375	0.123205
-0.0446158	0.127197
-0.0424334	0.124006
-0.0410635	0.126401
-0.0400616	0.127992
-0.0369843	0.124806
-0.0364034	0.125604
-0.0273112	0.128786
-0.0123126	0.129579
-0.00014831	0.130371
0.0104681	0.131162
0.0225282	0.131951
0.0366823	0.132739
0.0515196	0.000736003
0.0518323	0.133526
0.0662916	0.134312
0.0786405	0.135097
0.087457	0.143643
0.0874727	0.144411
0.0875484	0.142873
0.0876762	0.135881
0.091996	0.145179
0.0928433	0.136663
0.0939257	0.142101
0.0961582	0.137444
0.0992166	0.138223
0.101921	0.139002
0.104863	0.141328
0.106024	0.139779
0.109376	0.140555
0.117728	0.145944
0.1542	0.149749
0.1568	0.149743
0.159143	0.14973
0.160974	0.00059126
0.161783	0.149704
0.164471	0.149652
0.168194	0.149549
0.171177	0.146708
0.174479	0.149343
0.184968	0.148972
0.197016	0.148601
0.206918	0.14823
0.207804	0.147469
0.273154	0.000456433
0.386264	0.000341303
0.497645	0.00024267
0.601768	0.000166752
0.697872	0.00011253
0.78376	8.24209e-05
)
