(title "Pressure Coefficient")
(labels "Pressure Coefficient" "Position")

((xy/key/label "middleplane_suctionside")
-1.2634	0.0120004
-1.26325	0.0113271
-1.26165	0.0126915
-1.26146	0.0106588
-1.25884	0.0133865
-1.25736	0.0100098
-1.2557	0.0140962
-1.25235	0.0148092
-1.25075	0.0093677
-1.24688	0.0155359
-1.24228	0.00874669
-1.24025	0.0162654
-1.23279	0.0170054
-1.22833	0.00813306
-1.22447	0.017748
-1.21654	0.0184982
-1.20881	0.00754529
-1.20754	0.019251
-1.19858	0.0200097
-1.18881	0.0207706
-1.18653	0.00696551
-1.1783	0.0215355
-1.16804	0.0223023
-1.16037	0.00641152
-1.15676	0.0230708
-1.14653	0.0238405
-1.13527	0.0246121
-1.13273	0.00586785
-1.12335	0.0253844
-1.11218	0.0261561
-1.10453	0.00534934
-1.09995	0.0269284
-1.08849	0.0276991
-1.07636	0.0284702
-1.06813	0.00484274
-1.06436	0.0292382
-1.05285	0.0300065
-1.04067	0.0307708
-1.02933	0.0315354
-1.02153	0.00436711
-1.0173	0.0322952
-1.00556	0.0330552
-1.00556	0.0330552
-0.993946	0.0338094
-0.982134	0.0345636
-0.971048	0.0353113
-0.968377	0.00390581
-0.959659	0.0360589
-0.948974	0.0367996
-0.938275	0.0375401
-0.927882	0.0382731
-0.91786	0.039006
-0.907897	0.039731
-0.907479	0.00347298
-0.898591	0.0404558
-0.889496	0.0411723
-0.881026	0.0418887
-0.879434	0.0682353
-0.876812	0.0740311
-0.873016	0.0425965
-0.868353	0.0732043
-0.86542	0.0433041
-0.858247	0.0440029
-0.851306	0.0447016
-0.844761	0.0453912
-0.839502	0.067407
-0.839247	0.00305901
-0.838417	0.0460808
-0.832187	0.0468912
-0.82619	0.0477015
-0.824665	0.0690626
-0.821222	0.0485143
-0.816541	0.0493266
-0.812538	0.0748616
-0.811967	0.0501416
-0.807595	0.0509558
-0.80297	0.0517727
-0.802539	0.0624492
-0.799039	0.0525887
-0.795832	0.0534074
-0.794359	0.0542254
-0.793648	0.0723754
-0.793033	0.0550455
-0.792179	0.0558648
-0.791986	0.061625
-0.790071	0.0566866
-0.78829	0.0632753
-0.784243	0.0575074
-0.780799	0.0607997
-0.77794	0.0583304
-0.776442	0.0599766
-0.775309	0.0665807
-0.77465	0.0591524
-0.760953	0.00267424
-0.75454	0.0641003
-0.736799	0.0657532
-0.731023	0.0649273
-0.725112	0.0698909
-0.712733	0.075688
-0.712363	0.0715473
-0.695424	0.0790047
-0.680906	0.0707182
-0.674967	0.00230864
-0.669765	0.0781767
-0.633356	0.0765191
-0.628538	0.079834
-0.624333	0.0773463
-0.607593	0.00212956
-0.547853	0.00195389
-0.48451	0.0806604
-0.483651	0.0017695
-0.4562	0.0848036
-0.439042	0.0856305
-0.438215	0.0839744
-0.409353	0.00159315
-0.398451	0.0864586
-0.391032	0.0831475
-0.36998	0.0814909
-0.349861	0.082317
-0.348536	0.0872836
-0.328797	0.00140978
-0.308281	0.0881126
-0.288309	0.0889371
-0.285733	0.0905909
-0.285661	0.091418
-0.284558	0.0897658
-0.282996	0.0922427
-0.282996	0.0922427
-0.277409	0.0930684
-0.270249	0.0938908
-0.262694	0.0947171
-0.254157	0.0955387
-0.24433	0.0963647
-0.241319	0.00123677
-0.237842	0.103754
-0.235838	0.104574
-0.235063	0.102936
-0.232519	0.0971866
-0.229016	0.105392
-0.228322	0.102114
-0.220062	0.0980108
-0.218894	0.101296
-0.217397	0.106209
-0.210925	0.098833
-0.21027	0.100474
-0.207221	0.0996547
-0.202204	0.107024
-0.185239	0.107841
-0.185239	0.107841
-0.168635	0.108655
-0.154897	0.109472
-0.149347	0.00105995
-0.145368	0.110285
-0.140624	0.1111
-0.138514	0.111912
-0.134592	0.112724
-0.126978	0.113533
-0.116239	0.114345
-0.110232	0.118386
-0.106904	0.11758
-0.106235	0.119191
-0.105474	0.115153
-0.100248	0.116772
-0.0990499	0.115964
-0.0936312	0.119994
-0.0776854	0.120799
-0.0681282	0.1216
-0.0612287	0.122404
-0.0508623	0.000896333
-0.0502814	0.123205
-0.0384932	0.124006
-0.0359555	0.125604
-0.0345675	0.124806
-0.0292761	0.126401
-0.00891389	0.127197
0.014968	0.127992
0.0304037	0.128786
0.0376496	0.129579
0.0422309	0.130371
0.0482637	0.131162
0.0484323	0.139002
0.0550051	0.000736003
0.057263	0.139779
0.0575093	0.131951
0.05903	0.138223
0.0654477	0.132739
0.0683745	0.133526
0.0715261	0.134312
0.0727549	0.137444
0.0777411	0.135097
0.0797656	0.140555
0.0803074	0.136663
0.0821854	0.135881
0.0955478	0.141328
0.0958654	0.142101
0.0971376	0.142873
0.111471	0.143643
0.126524	0.144411
0.135545	0.145179
0.144614	0.145944
0.151845	0.146708
0.1539	0.147469
0.154832	0.14823
0.156179	0.148601
0.159266	0.148972
0.164163	0.149343
0.164261	0.00059126
0.168803	0.149549
0.172388	0.149652
0.174902	0.149704
0.176434	0.14973
0.177208	0.149743
0.177641	0.149749
0.27622	0.000456433
0.389091	0.000341303
0.500206	0.00024267
0.60407	0.000166752
0.699951	0.00011253
0.78565	8.24209e-05
)
