(title "Pressure Coefficient")
(labels "Pressure Coefficient" "Position")

((xy/key/label "middleplane_suctionside")
-1.2685	0.0120004
-1.26831	0.0113271
-1.26671	0.0106588
-1.26668	0.0126915
-1.26373	0.0133865
-1.26251	0.0100098
-1.2609	0.0140962
-1.25711	0.0148092
-1.25611	0.0093677
-1.25184	0.0155359
-1.24763	0.00874669
-1.24504	0.0162654
-1.23733	0.0170054
-1.23373	0.00813306
-1.22949	0.017748
-1.22093	0.0184982
-1.21441	0.00754529
-1.21249	0.019251
-1.20329	0.0200097
-1.1932	0.0207706
-1.19204	0.00696551
-1.18331	0.0215355
-1.17213	0.0223023
-1.16599	0.00641152
-1.16167	0.0230708
-1.15111	0.0238405
-1.13961	0.0246121
-1.13845	0.00586785
-1.12841	0.0253844
-1.11623	0.0261561
-1.11026	0.00534934
-1.10486	0.0269284
-1.09288	0.0276991
-1.08082	0.0284702
-1.07398	0.00484274
-1.06929	0.0292382
-1.05707	0.0300065
-1.04562	0.0307708
-1.03357	0.0315354
-1.02744	0.00436711
-1.02185	0.0322952
-1.01013	0.0330552
-1.01013	0.0330552
-0.998295	0.0338094
-0.987064	0.0345636
-0.97553	0.0353113
-0.974328	0.00390581
-0.964574	0.0360589
-0.953546	0.0367996
-0.942796	0.0375401
-0.932456	0.0382731
-0.922222	0.039006
-0.913468	0.00347298
-0.912715	0.039731
-0.903337	0.0404558
-0.900426	0.0698909
-0.895988	0.0707182
-0.894554	0.0411723
-0.886004	0.0418887
-0.877812	0.0425965
-0.869925	0.0433041
-0.862521	0.0440029
-0.855564	0.0447016
-0.849238	0.0453912
-0.845254	0.00305901
-0.843429	0.0460808
-0.837194	0.0468912
-0.8317	0.0477015
-0.829002	0.0649273
-0.826045	0.0485143
-0.820686	0.0493266
-0.820643	0.0657532
-0.815554	0.0501416
-0.811129	0.0509558
-0.807747	0.0517727
-0.806867	0.0641003
-0.806588	0.0690626
-0.805218	0.0525887
-0.803195	0.0534074
-0.79996	0.0542254
-0.796886	0.0715473
-0.796526	0.0550455
-0.793928	0.0591524
-0.791991	0.0599766
-0.791402	0.0558648
-0.790943	0.0583304
-0.787386	0.0575074
-0.787122	0.0566866
-0.785678	0.0607997
-0.780068	0.0665807
-0.776058	0.075688
-0.774598	0.0632753
-0.771575	0.061625
-0.766955	0.00267424
-0.760591	0.0624492
-0.753425	0.0765191
-0.739998	0.0748616
-0.731334	0.067407
-0.729789	0.0682353
-0.695958	0.0723754
-0.689544	0.0773463
-0.68413	0.0740311
-0.680936	0.00230864
-0.654678	0.0732043
-0.641044	0.0781767
-0.625485	0.0790047
-0.625355	0.079834
-0.613513	0.00212956
-0.610546	0.0806604
-0.573338	0.0814909
-0.553744	0.00195389
-0.526227	0.082317
-0.489495	0.0017695
-0.468756	0.0831475
-0.415123	0.00159315
-0.398871	0.0839744
-0.334472	0.00140978
-0.330672	0.0848036
-0.321124	0.0938908
-0.318335	0.0930684
-0.314554	0.0947171
-0.305614	0.0955387
-0.303147	0.0922427
-0.303147	0.0922427
-0.3014	0.0980108
-0.300586	0.0971866
-0.300405	0.0963647
-0.295607	0.098833
-0.28243	0.0856305
-0.282429	0.0996547
-0.278472	0.091418
-0.266917	0.100474
-0.255684	0.0864586
-0.252474	0.101296
-0.251466	0.0905909
-0.246866	0.00123677
-0.239236	0.102114
-0.239193	0.0872836
-0.230262	0.0897658
-0.226825	0.0881126
-0.225152	0.102936
-0.221825	0.0889371
-0.209638	0.103754
-0.202319	0.107841
-0.202319	0.107841
-0.200708	0.108655
-0.198102	0.107024
-0.197078	0.104574
-0.193346	0.106209
-0.192188	0.109472
-0.191941	0.105392
-0.182343	0.110285
-0.177305	0.1111
-0.176196	0.111912
-0.173095	0.112724
-0.165671	0.113533
-0.154744	0.00105995
-0.154585	0.114345
-0.140548	0.115153
-0.123877	0.115964
-0.104946	0.116772
-0.0857381	0.11758
-0.0687025	0.118386
-0.0560834	0.000896333
-0.0556061	0.119191
-0.0472427	0.119994
-0.0435603	0.120799
-0.0425043	0.1216
-0.0400165	0.122404
-0.0347613	0.123205
-0.0311432	0.125604
-0.0303901	0.124006
-0.0298472	0.124806
-0.0296213	0.126401
-0.0226863	0.127197
-0.0165688	0.129579
-0.0158708	0.127992
-0.0155705	0.130371
-0.0149808	0.128786
-0.0126714	0.131162
-0.00740032	0.131951
0.00339312	0.132739
0.0176642	0.133526
0.0318047	0.134312
0.0451195	0.135097
0.0499742	0.000736003
0.0574244	0.135881
0.0688333	0.136663
0.0790997	0.137444
0.0871633	0.138223
0.0942468	0.139002
0.0977324	0.146708
0.0983913	0.145944
0.0997563	0.147469
0.101071	0.145179
0.102602	0.139779
0.103961	0.14823
0.105563	0.144411
0.107864	0.148601
0.111091	0.140555
0.112015	0.143643
0.112718	0.148972
0.11708	0.141328
0.117753	0.149343
0.117978	0.142873
0.119698	0.142101
0.120798	0.149549
0.122252	0.149652
0.122798	0.149704
0.122868	0.149743
0.122875	0.149749
0.122908	0.14973
0.159468	0.00059126
0.271692	0.000456433
0.38485	0.000341303
0.496299	0.00024267
0.600505	0.000166752
0.696691	0.00011253
0.782667	8.24209e-05
)
