(title "Pressure Coefficient")
(labels "Pressure Coefficient" "Position")

((xy/key/label "middleplane_suctionside")
-1.26917	0.0120004
-1.26917	0.0113271
-1.2676	0.0106588
-1.26728	0.0126915
-1.2642	0.0133865
-1.26358	0.0100098
-1.26115	0.0140962
-1.25741	0.0148092
-1.25727	0.0093677
-1.25188	0.0155359
-1.2489	0.00874669
-1.24512	0.0162654
-1.23727	0.0170054
-1.23519	0.00813306
-1.22918	0.017748
-1.22072	0.0184982
-1.21591	0.00754529
-1.21189	0.019251
-1.20281	0.0200097
-1.1937	0.00696551
-1.19254	0.0207706
-1.18248	0.0215355
-1.17136	0.0223023
-1.16779	0.00641152
-1.16041	0.0230708
-1.15006	0.0238405
-1.14033	0.00586785
-1.13825	0.0246121
-1.12696	0.0253844
-1.11486	0.0261561
-1.11229	0.00534934
-1.10306	0.0269284
-1.09126	0.0276991
-1.0788	0.0284702
-1.07612	0.00484274
-1.06724	0.0292382
-1.05493	0.0300065
-1.04325	0.0307708
-1.0313	0.0315354
-1.02969	0.00436711
-1.01925	0.0322952
-1.00758	0.0330552
-1.00758	0.0330552
-0.995485	0.0338094
-0.984152	0.0345636
-0.976708	0.00390581
-0.972582	0.0353113
-0.961464	0.0360589
-0.950596	0.0367996
-0.939722	0.0375401
-0.929494	0.0382731
-0.919176	0.039006
-0.915946	0.00347298
-0.90958	0.039731
-0.900251	0.0404558
-0.897856	0.067407
-0.891441	0.0411723
-0.883126	0.0418887
-0.875214	0.0425965
-0.867661	0.0433041
-0.861158	0.0665807
-0.860459	0.0440029
-0.853706	0.0447016
-0.848257	0.0682353
-0.847818	0.00305901
-0.847332	0.0453912
-0.84161	0.0460808
-0.839197	0.0740311
-0.835464	0.0468912
-0.832563	0.0748616
-0.830377	0.0477015
-0.825807	0.0485143
-0.822063	0.0723754
-0.821396	0.0493266
-0.817946	0.061625
-0.817139	0.0501416
-0.813925	0.0732043
-0.812466	0.0509558
-0.809973	0.0715473
-0.808288	0.0517727
-0.807816	0.0624492
-0.804662	0.0525887
-0.804021	0.0607997
-0.803498	0.0534074
-0.802856	0.0542254
-0.802274	0.0550455
-0.801181	0.0558648
-0.796505	0.0566866
-0.795516	0.0657532
-0.791994	0.0599766
-0.790059	0.0575074
-0.787751	0.0591524
-0.786128	0.0583304
-0.775724	0.0632753
-0.769597	0.00267424
-0.759952	0.0690626
-0.757839	0.0707182
-0.756213	0.0649273
-0.751812	0.0641003
-0.731585	0.075688
-0.723493	0.0698909
-0.68363	0.00230864
-0.617055	0.0765191
-0.616229	0.00212956
-0.556488	0.00195389
-0.535481	0.0773463
-0.529846	0.082317
-0.516708	0.0814909
-0.511104	0.0831475
-0.492255	0.0017695
-0.486279	0.0806604
-0.481188	0.0781767
-0.474935	0.0839744
-0.463714	0.079834
-0.45919	0.0790047
-0.429627	0.0848036
-0.427608	0.0905909
-0.419379	0.091418
-0.417889	0.00159315
-0.406952	0.0897658
-0.389271	0.0922427
-0.389271	0.0922427
-0.383135	0.0856305
-0.377468	0.0889371
-0.358887	0.0881126
-0.353424	0.0864586
-0.351027	0.0930684
-0.348839	0.0872836
-0.337236	0.00140978
-0.313338	0.0938908
-0.279219	0.0947171
-0.251064	0.0955387
-0.249609	0.00123677
-0.233964	0.107024
-0.232869	0.106209
-0.232346	0.0963647
-0.222758	0.107841
-0.222758	0.107841
-0.221092	0.0971866
-0.22103	0.105392
-0.213521	0.0980108
-0.212824	0.104574
-0.211973	0.103754
-0.206175	0.098833
-0.202115	0.102936
-0.199504	0.108655
-0.198161	0.0996547
-0.190467	0.100474
-0.190063	0.102114
-0.186656	0.101296
-0.169593	0.109472
-0.157442	0.00105995
-0.140699	0.110285
-0.118157	0.1111
-0.103414	0.111912
-0.094688	0.112724
-0.0888737	0.113533
-0.0834085	0.114345
-0.077891	0.115153
-0.0731913	0.115964
-0.0698515	0.116772
-0.0682808	0.11758
-0.0669928	0.118386
-0.0633523	0.119191
-0.0601923	0.123205
-0.0596181	0.124006
-0.0587249	0.000896333
-0.0571431	0.119994
-0.0567622	0.122404
-0.0557509	0.124806
-0.0525059	0.1216
-0.0522187	0.120799
-0.0502905	0.125604
-0.0443127	0.126401
-0.0380672	0.127197
-0.0315695	0.127992
-0.0244589	0.128786
-0.015502	0.129579
-0.00352516	0.130371
0.0105379	0.131162
0.0241741	0.131951
0.0353642	0.132739
0.0438099	0.133526
0.0473653	0.000736003
0.0513331	0.134312
0.058069	0.135097
0.0637717	0.135881
0.072234	0.136663
0.0762305	0.143643
0.0794761	0.144411
0.0835808	0.142873
0.086613	0.137444
0.0918766	0.145179
0.0981221	0.142101
0.106094	0.138223
0.110109	0.145944
0.114537	0.141328
0.126457	0.139002
0.128731	0.140555
0.129182	0.146708
0.135434	0.139779
0.148637	0.147469
0.156917	0.00059126
0.166096	0.14823
0.176075	0.148601
0.185158	0.148972
0.192593	0.149343
0.192922	0.149749
0.193897	0.149743
0.1951	0.14973
0.195852	0.149549
0.196163	0.149704
0.196595	0.149652
0.269226	0.000456433
0.382444	0.000341303
0.494012	0.00024267
0.598449	0.000166752
0.694814	0.00011253
0.780863	8.24209e-05
)
