(title "Pressure Coefficient")
(labels "Pressure Coefficient" "Position")

((xy/key/label "middleplane_suctionside")
-1.27527	0.0113271
-1.27522	0.0120004
-1.27379	0.0106588
-1.27317	0.0126915
-1.2702	0.0133865
-1.26995	0.0100098
-1.26684	0.0140962
-1.26357	0.0093677
-1.26318	0.0148092
-1.25762	0.0155359
-1.25544	0.00874669
-1.25067	0.0162654
-1.24307	0.0170054
-1.24167	0.00813306
-1.2347	0.017748
-1.22637	0.0184982
-1.22244	0.00754529
-1.2175	0.019251
-1.20817	0.0200097
-1.20049	0.00696551
-1.19818	0.0207706
-1.18783	0.0215355
-1.17695	0.0223023
-1.17456	0.00641152
-1.16602	0.0230708
-1.15545	0.0238405
-1.14726	0.00586785
-1.14395	0.0246121
-1.13231	0.0253844
-1.12046	0.0261561
-1.11935	0.00534934
-1.10863	0.0269284
-1.09678	0.0276991
-1.08461	0.0284702
-1.08322	0.00484274
-1.07277	0.0292382
-1.06077	0.0300065
-1.04892	0.0307708
-1.03715	0.0315354
-1.03692	0.00436711
-1.02522	0.0322952
-1.01351	0.0330552
-1.01351	0.0330552
-1.0017	0.0338094
-0.990162	0.0345636
-0.984011	0.00390581
-0.978825	0.0353113
-0.967546	0.0360589
-0.956775	0.0367996
-0.946046	0.0375401
-0.935804	0.0382731
-0.925811	0.039006
-0.923291	0.00347298
-0.916089	0.039731
-0.906847	0.0404558
-0.897848	0.0411723
-0.892984	0.0690626
-0.889403	0.0418887
-0.881403	0.0425965
-0.873918	0.0433041
-0.873069	0.0682353
-0.866952	0.0440029
-0.860322	0.0447016
-0.855206	0.00305901
-0.854143	0.0453912
-0.848098	0.0460808
-0.841972	0.0468912
-0.841235	0.0632753
-0.835851	0.0477015
-0.8307	0.0485143
-0.826314	0.0493266
-0.82241	0.0501416
-0.82217	0.0624492
-0.819095	0.0509558
-0.815602	0.0698909
-0.815375	0.0517727
-0.812504	0.0641003
-0.811032	0.0525887
-0.806191	0.0534074
-0.80611	0.0566866
-0.804986	0.0575074
-0.803561	0.0542254
-0.80287	0.0558648
-0.802116	0.0550455
-0.797009	0.0583304
-0.792164	0.067407
-0.789467	0.061625
-0.786371	0.0591524
-0.779218	0.0599766
-0.776985	0.00267424
-0.776674	0.0607997
-0.77026	0.0748616
-0.767654	0.0740311
-0.757166	0.0649273
-0.749259	0.075688
-0.736728	0.0732043
-0.732719	0.0665807
-0.72218	0.0657532
-0.718199	0.0707182
-0.708617	0.0765191
-0.694277	0.0723754
-0.690969	0.00230864
-0.675646	0.0715473
-0.645541	0.0773463
-0.623503	0.00212956
-0.583953	0.0781767
-0.56372	0.00195389
-0.54312	0.0790047
-0.529372	0.0806604
-0.528202	0.0814909
-0.525783	0.079834
-0.50007	0.082317
-0.499414	0.0017695
-0.44803	0.0831475
-0.424942	0.00159315
-0.3922	0.0839744
-0.380563	0.0922427
-0.380563	0.0922427
-0.378173	0.091418
-0.371856	0.0905909
-0.368398	0.0930684
-0.366996	0.0897658
-0.362132	0.0889371
-0.353529	0.0881126
-0.352003	0.0848036
-0.344158	0.00140978
-0.342551	0.0872836
-0.34101	0.0938908
-0.33479	0.0856305
-0.334698	0.0864586
-0.307884	0.0947171
-0.275121	0.0955387
-0.256356	0.00123677
-0.247908	0.0963647
-0.239943	0.102936
-0.238441	0.102114
-0.231716	0.103754
-0.23087	0.101296
-0.229994	0.0971866
-0.225029	0.100474
-0.223256	0.0996547
-0.222181	0.0980108
-0.22188	0.098833
-0.216474	0.104574
-0.198335	0.105392
-0.179945	0.106209
-0.179105	0.110285
-0.174158	0.1111
-0.173911	0.109472
-0.165913	0.111912
-0.16547	0.107024
-0.16398	0.00105995
-0.163362	0.108655
-0.159141	0.107841
-0.159141	0.107841
-0.159046	0.112724
-0.15266	0.113533
-0.145615	0.114345
-0.137694	0.115153
-0.129099	0.115964
-0.119375	0.116772
-0.10888	0.11758
-0.0983278	0.118386
-0.0864178	0.119191
-0.0738598	0.119994
-0.0650015	0.000896333
-0.0637659	0.120799
-0.0506959	0.1216
-0.0342661	0.127197
-0.0321419	0.122404
-0.0304539	0.126401
-0.0223849	0.127992
-0.0169127	0.125604
-0.0153905	0.123205
-0.00523274	0.124806
-0.00478858	0.124006
-0.000451492	0.128786
0.0214434	0.129579
0.0371372	0.130371
0.0413616	0.000736003
0.0461971	0.131162
0.0526424	0.131951
0.0618136	0.132739
0.0764978	0.133526
0.0949378	0.134312
0.0995404	0.138223
0.0999235	0.139002
0.105008	0.137444
0.105712	0.139779
0.110889	0.135097
0.112844	0.136663
0.11487	0.140555
0.116917	0.135881
0.126521	0.141328
0.139614	0.142101
0.151245	0.00059126
0.151953	0.142873
0.1607	0.143643
0.165139	0.144411
0.16829	0.145179
0.173364	0.145944
0.178981	0.146708
0.18182	0.147469
0.182647	0.14823
0.183266	0.148601
0.185163	0.148972
0.189027	0.149343
0.193276	0.149549
0.196634	0.149652
0.198855	0.149704
0.200111	0.14973
0.200682	0.149743
0.201275	0.149749
0.263952	0.000456433
0.377631	0.000341303
0.489698	0.00024267
0.594642	0.000166752
0.691487	0.00011253
0.777978	8.24209e-05
)
