(title "Pressure Coefficient")
(labels "Pressure Coefficient" "Position")

((xy/key/label "middleplane_suctionside")
-1.26861	0.0120004
-1.26851	0.0113271
-1.2669	0.0106588
-1.26667	0.0126915
-1.2639	0.0133865
-1.2629	0.0100098
-1.26055	0.0140962
-1.25711	0.0148092
-1.25634	0.0093677
-1.25166	0.0155359
-1.2481	0.00874669
-1.24474	0.0162654
-1.23747	0.0170054
-1.23412	0.00813306
-1.22892	0.017748
-1.22092	0.0184982
-1.21475	0.00754529
-1.21202	0.019251
-1.20267	0.0200097
-1.19314	0.0207706
-1.19266	0.00696551
-1.18237	0.0215355
-1.17209	0.0223023
-1.16657	0.00641152
-1.16101	0.0230708
-1.15036	0.0238405
-1.13935	0.0246121
-1.13912	0.00586785
-1.12713	0.0253844
-1.11601	0.0261561
-1.11102	0.00534934
-1.10392	0.0269284
-1.09215	0.0276991
-1.08033	0.0284702
-1.07473	0.00484274
-1.06802	0.0292382
-1.05663	0.0300065
-1.04445	0.0307708
-1.03294	0.0315354
-1.02828	0.00436711
-1.02121	0.0322952
-1.00925	0.0330552
-1.00925	0.0330552
-0.997913	0.0338094
-0.986075	0.0345636
-0.975228	0.00390581
-0.975001	0.0353113
-0.963795	0.0360589
-0.953004	0.0367996
-0.942635	0.0375401
-0.932312	0.0382731
-0.924496	0.0698909
-0.922644	0.039006
-0.914403	0.00347298
-0.91295	0.039731
-0.903818	0.0404558
-0.894992	0.0411723
-0.886552	0.0418887
-0.885428	0.0707182
-0.878803	0.0425965
-0.871446	0.0433041
-0.864752	0.0440029
-0.858326	0.0447016
-0.852402	0.0453912
-0.849877	0.0690626
-0.846404	0.0460808
-0.846237	0.00305901
-0.845347	0.0641003
-0.840343	0.0468912
-0.834471	0.0477015
-0.829187	0.0485143
-0.824909	0.0493266
-0.823525	0.0649273
-0.821002	0.0501416
-0.81947	0.0632753
-0.81789	0.0509558
-0.814833	0.0517727
-0.811595	0.0525887
-0.806849	0.0534074
-0.804704	0.0575074
-0.804236	0.0583304
-0.802603	0.0542254
-0.800568	0.0566866
-0.799714	0.0550455
-0.797808	0.0558648
-0.796688	0.0591524
-0.785336	0.0599766
-0.778908	0.0624492
-0.77524	0.0715473
-0.77333	0.0607997
-0.770491	0.0657532
-0.76797	0.00267424
-0.764418	0.061625
-0.76136	0.075688
-0.746831	0.0748616
-0.745905	0.0682353
-0.733288	0.0765191
-0.717211	0.0665807
-0.703463	0.0740311
-0.697791	0.067407
-0.688113	0.0723754
-0.681965	0.00230864
-0.668382	0.0773463
-0.667886	0.0732043
-0.614547	0.00212956
-0.588022	0.0781767
-0.554783	0.00195389
-0.520392	0.0790047
-0.490532	0.0017695
-0.482809	0.079834
-0.473887	0.082317
-0.472302	0.0814909
-0.47104	0.0806604
-0.464285	0.0831475
-0.438851	0.0839744
-0.416151	0.00159315
-0.402334	0.0848036
-0.363056	0.0856305
-0.335485	0.00140978
-0.330719	0.0864586
-0.329775	0.0897658
-0.323764	0.0889371
-0.321645	0.0905909
-0.3159	0.0881126
-0.315464	0.0872836
-0.30059	0.091418
-0.278978	0.0922427
-0.278978	0.0922427
-0.260533	0.0930684
-0.247855	0.00123677
-0.246582	0.0938908
-0.242801	0.104574
-0.241801	0.105392
-0.239	0.0947171
-0.232383	0.0955387
-0.230792	0.106209
-0.23077	0.103754
-0.223257	0.0963647
-0.215442	0.107024
-0.214562	0.0971866
-0.213337	0.102936
-0.212875	0.1111
-0.211483	0.110285
-0.209635	0.0980108
-0.207822	0.111912
-0.206992	0.098833
-0.204796	0.109472
-0.204575	0.0996547
-0.202672	0.107841
-0.202672	0.107841
-0.201808	0.100474
-0.201429	0.102114
-0.198976	0.108655
-0.198904	0.101296
-0.195431	0.112724
-0.176219	0.113533
-0.1557	0.00105995
-0.151415	0.114345
-0.130718	0.115153
-0.122118	0.115964
-0.115037	0.116772
-0.0923713	0.11758
-0.072988	0.127197
-0.0718259	0.127992
-0.0686953	0.126401
-0.0649128	0.128786
-0.0608919	0.125604
-0.0593426	0.118386
-0.0569979	0.000896333
-0.0527194	0.129579
-0.0526095	0.124806
-0.0456291	0.124006
-0.0399784	0.123205
-0.0361624	0.130371
-0.0329318	0.122404
-0.0326205	0.119191
-0.0221578	0.1216
-0.0162189	0.131162
-0.0160151	0.119994
-0.0128298	0.120799
0.00534424	0.131951
0.0270149	0.132739
0.0467986	0.133526
0.0491165	0.000736003
0.062095	0.14823
0.0636952	0.134312
0.0679282	0.148601
0.0703574	0.147469
0.0747318	0.135097
0.0779802	0.135881
0.0826337	0.136663
0.0834871	0.148972
0.0938645	0.146708
0.0966484	0.137444
0.098927	0.149343
0.101369	0.149749
0.102617	0.149743
0.104634	0.14973
0.106211	0.149549
0.106758	0.149704
0.107133	0.143643
0.107838	0.149652
0.109193	0.144411
0.112285	0.145944
0.113865	0.145179
0.115476	0.138223
0.116469	0.142873
0.13627	0.142101
0.137021	0.139002
0.157829	0.141328
0.158677	0.00059126
0.160794	0.139779
0.170152	0.140555
0.270977	0.000456433
0.384229	0.000341303
0.49577	0.00024267
0.600062	0.000166752
0.696318	0.00011253
0.782345	8.24209e-05
)
