(title "Pressure Coefficient")
(labels "Pressure Coefficient" "Position")

((xy/key/label "middleplane_suctionside")
-1.27084	0.0120004
-1.27078	0.0113271
-1.26919	0.0106588
-1.26889	0.0126915
-1.26605	0.0133865
-1.26522	0.0100098
-1.2627	0.0140962
-1.25923	0.0148092
-1.25872	0.0093677
-1.25373	0.0155359
-1.25048	0.00874669
-1.24684	0.0162654
-1.23947	0.0170054
-1.23658	0.00813306
-1.23091	0.017748
-1.22291	0.0184982
-1.21723	0.00754529
-1.21391	0.019251
-1.20462	0.0200097
-1.19515	0.00696551
-1.19499	0.0207706
-1.18422	0.0215355
-1.17396	0.0223023
-1.1691	0.00641152
-1.16273	0.0230708
-1.15219	0.0238405
-1.14167	0.00586785
-1.14102	0.0246121
-1.12884	0.0253844
-1.11769	0.0261561
-1.11362	0.00534934
-1.10544	0.0269284
-1.09381	0.0276991
-1.08176	0.0284702
-1.07737	0.00484274
-1.06952	0.0292382
-1.05804	0.0300065
-1.04576	0.0307708
-1.03434	0.0315354
-1.03094	0.00436711
-1.02236	0.0322952
-1.01051	0.0330552
-1.01051	0.0330552
-0.998981	0.0338094
-0.987098	0.0345636
-0.977922	0.00390581
-0.976015	0.0353113
-0.964616	0.0360589
-0.953897	0.0367996
-0.943316	0.0375401
-0.932988	0.0382731
-0.923161	0.039006
-0.920193	0.0698909
-0.917121	0.00347298
-0.913335	0.039731
-0.904151	0.0404558
-0.895766	0.0690626
-0.895161	0.0411723
-0.88677	0.0418887
-0.878922	0.0425965
-0.871547	0.0433041
-0.864741	0.0440029
-0.858185	0.0447016
-0.856752	0.0707182
-0.852053	0.0453912
-0.848965	0.00305901
-0.845985	0.0460808
-0.839953	0.0468912
-0.834727	0.0632753
-0.834538	0.0641003
-0.834003	0.0477015
-0.829038	0.0485143
-0.82474	0.0493266
-0.820892	0.0501416
-0.817618	0.0509558
-0.814103	0.0517727
-0.810381	0.0525887
-0.805976	0.0534074
-0.804098	0.0624492
-0.803535	0.0575074
-0.803226	0.0566866
-0.803073	0.0542254
-0.802586	0.0682353
-0.801448	0.0649273
-0.800891	0.0550455
-0.800691	0.0558648
-0.799269	0.0583304
-0.79076	0.0591524
-0.782284	0.0599766
-0.777803	0.061625
-0.775056	0.0607997
-0.770704	0.00267424
-0.760899	0.0715473
-0.755363	0.0657532
-0.728508	0.067407
-0.718612	0.0665807
-0.698483	0.075688
-0.687787	0.0723754
-0.68672	0.0765191
-0.684693	0.00230864
-0.678481	0.0748616
-0.655296	0.0732043
-0.653591	0.0740311
-0.648129	0.0773463
-0.617258	0.00212956
-0.611017	0.0781767
-0.585567	0.0790047
-0.558672	0.079834
-0.55749	0.00195389
-0.539	0.0806604
-0.524352	0.0814909
-0.493224	0.0017695
-0.489866	0.082317
-0.430736	0.0831475
-0.418822	0.00159315
-0.395429	0.0889371
-0.392196	0.0881126
-0.381534	0.0897658
-0.376465	0.0872836
-0.373386	0.0839744
-0.359403	0.0864586
-0.357513	0.0905909
-0.3461	0.0856305
-0.345247	0.0848036
-0.338129	0.00140978
-0.332721	0.091418
-0.31033	0.0922427
-0.31033	0.0922427
-0.289323	0.0930684
-0.274307	0.101296
-0.26992	0.0938908
-0.269898	0.100474
-0.261911	0.102114
-0.258031	0.0996547
-0.252572	0.0947171
-0.250452	0.00123677
-0.245775	0.098833
-0.239334	0.0955387
-0.236611	0.0980108
-0.235218	0.102936
-0.233396	0.107841
-0.233396	0.107841
-0.233061	0.0963647
-0.232766	0.0971866
-0.232327	0.108655
-0.204635	0.107024
-0.20377	0.109472
-0.194493	0.103754
-0.165947	0.106209
-0.163076	0.110285
-0.158229	0.00105995
-0.15303	0.104574
-0.142334	0.105392
-0.127981	0.11758
-0.127033	0.116772
-0.126258	0.118386
-0.126006	0.115964
-0.125906	0.1111
-0.123469	0.115153
-0.119938	0.119191
-0.116097	0.114345
-0.109879	0.119994
-0.105655	0.113533
-0.103826	0.111912
-0.0997711	0.120799
-0.0989667	0.112724
-0.0928159	0.1216
-0.0885957	0.122404
-0.0847901	0.123205
-0.0784885	0.124006
-0.0679669	0.124806
-0.0594487	0.000896333
-0.0541251	0.125604
-0.040072	0.126401
-0.0279083	0.127197
-0.0177207	0.127992
-0.00916248	0.128786
-0.00208363	0.129579
0.00431767	0.130371
0.0108289	0.131162
0.0175414	0.131951
0.0258135	0.132739
0.0372042	0.133526
0.0467146	0.000736003
0.0509982	0.134312
0.0640611	0.135097
0.0732884	0.135881
0.0800383	0.136663
0.0878974	0.137444
0.0970457	0.138223
0.107461	0.139002
0.120668	0.139779
0.136137	0.140555
0.152027	0.141328
0.156351	0.00059126
0.165912	0.142101
0.170803	0.149749
0.170906	0.149743
0.17103	0.14973
0.171274	0.149704
0.171798	0.149652
0.17254	0.149549
0.173192	0.149343
0.174069	0.148972
0.17636	0.148601
0.178435	0.142873
0.18111	0.14823
0.189702	0.143643
0.191175	0.147469
0.194076	0.144411
0.195215	0.145179
0.200669	0.145944
0.201096	0.146708
0.268763	0.000456433
0.382116	0.000341303
0.493818	0.00024267
0.598357	0.000166752
0.694847	0.00011253
0.78106	8.24209e-05
)
