(title "Pressure Coefficient")
(labels "Pressure Coefficient" "Position")

((xy/key/label "middleplane_suctionside")
-1.26879	0.0120004
-1.26865	0.0113271
-1.26715	0.0106588
-1.26687	0.0126915
-1.26387	0.0133865
-1.26301	0.0100098
-1.26096	0.0140962
-1.25709	0.0148092
-1.2567	0.0093677
-1.2518	0.0155359
-1.24831	0.00874669
-1.24487	0.0162654
-1.23718	0.0170054
-1.23448	0.00813306
-1.22923	0.017748
-1.22062	0.0184982
-1.21525	0.00754529
-1.21217	0.019251
-1.20282	0.0200097
-1.19296	0.00696551
-1.1928	0.0207706
-1.18277	0.0215355
-1.1716	0.0223023
-1.16699	0.00641152
-1.16115	0.0230708
-1.1504	0.0238405
-1.13954	0.00586785
-1.13904	0.0246121
-1.12766	0.0253844
-1.11548	0.0261561
-1.11144	0.00534934
-1.10414	0.0269284
-1.09205	0.0276991
-1.08015	0.0284702
-1.07525	0.00484274
-1.06847	0.0292382
-1.05633	0.0300065
-1.04485	0.0307708
-1.03279	0.0315354
-1.02879	0.00436711
-1.0212	0.0322952
-1.00938	0.0330552
-1.00938	0.0330552
-0.997724	0.0338094
-0.986471	0.0345636
-0.975764	0.00390581
-0.975033	0.0353113
-0.964182	0.0360589
-0.9532	0.0367996
-0.942701	0.0375401
-0.942653	0.0715473
-0.939385	0.0723754
-0.932421	0.0382731
-0.922451	0.039006
-0.914975	0.00347298
-0.913096	0.039731
-0.903915	0.0404558
-0.895394	0.0411723
-0.887057	0.0418887
-0.886117	0.0707182
-0.879178	0.0425965
-0.871563	0.0433041
-0.864481	0.0440029
-0.858277	0.0732043
-0.857812	0.0447016
-0.851831	0.0453912
-0.846825	0.00305901
-0.846316	0.0460808
-0.840601	0.0468912
-0.835512	0.0477015
-0.83023	0.0485143
-0.825136	0.0493266
-0.824433	0.0657532
-0.820203	0.0501416
-0.817646	0.0649273
-0.816115	0.0509558
-0.813082	0.0517727
-0.811364	0.0525887
-0.810267	0.0534074
-0.807584	0.0542254
-0.807023	0.0698909
-0.804203	0.0550455
-0.802746	0.0599766
-0.802397	0.0591524
-0.800396	0.0665807
-0.798784	0.0558648
-0.797944	0.0607997
-0.797397	0.0583304
-0.793492	0.0566866
-0.79326	0.0575074
-0.790173	0.0641003
-0.785882	0.061625
-0.76858	0.00267424
-0.768565	0.0624492
-0.76726	0.0632753
-0.758063	0.067407
-0.748815	0.0740311
-0.743386	0.0690626
-0.728193	0.0682353
-0.682596	0.00230864
-0.672261	0.0748616
-0.649079	0.0765191
-0.647175	0.075688
-0.625105	0.0773463
-0.615187	0.00212956
-0.560977	0.0781767
-0.555435	0.00195389
-0.491193	0.0017695
-0.486162	0.0790047
-0.423834	0.079834
-0.41682	0.00159315
-0.411577	0.0856305
-0.403052	0.0864586
-0.401902	0.0848036
-0.379521	0.0872836
-0.376941	0.0806604
-0.376183	0.0839744
-0.347936	0.0831475
-0.347443	0.0881126
-0.34556	0.0814909
-0.336162	0.00140978
-0.335144	0.082317
-0.314258	0.0889371
-0.286844	0.100474
-0.286034	0.101296
-0.284806	0.0897658
-0.281283	0.0996547
-0.278054	0.102114
-0.270732	0.098833
-0.265947	0.102936
-0.261847	0.0905909
-0.258286	0.0980108
-0.253554	0.103754
-0.248533	0.00123677
-0.248207	0.0971866
-0.244883	0.091418
-0.242208	0.0963647
-0.241893	0.104574
-0.236594	0.0955387
-0.232468	0.0922427
-0.232468	0.0922427
-0.231314	0.105392
-0.22733	0.0947171
-0.223737	0.0930684
-0.220837	0.0938908
-0.220457	0.106209
-0.207933	0.107024
-0.193272	0.107841
-0.193272	0.107841
-0.175882	0.108655
-0.156378	0.00105995
-0.156271	0.109472
-0.136584	0.110285
-0.128319	0.115964
-0.127818	0.116772
-0.125615	0.115153
-0.123237	0.11758
-0.120657	0.114345
-0.12034	0.1111
-0.115448	0.118386
-0.114378	0.113533
-0.111028	0.111912
-0.109806	0.112724
-0.104118	0.119191
-0.0900856	0.119994
-0.0766469	0.120799
-0.0647674	0.1216
-0.0576723	0.000896333
-0.0541629	0.122404
-0.0450384	0.123205
-0.0382928	0.124006
-0.0339857	0.124806
-0.030073	0.125604
-0.0236091	0.126401
-0.0130329	0.127197
-0.00140835	0.127992
0.00739997	0.128786
0.0117709	0.130371
0.0117923	0.129579
0.0121155	0.131162
0.0166853	0.131951
0.0233693	0.132739
0.0288425	0.133526
0.0331252	0.134312
0.0372499	0.135097
0.0437975	0.135881
0.0484334	0.000736003
0.0566881	0.136663
0.0727792	0.137444
0.0854838	0.138223
0.0916922	0.139002
0.0954349	0.139779
0.104662	0.140555
0.121488	0.141328
0.140559	0.142101
0.152074	0.142873
0.153495	0.143643
0.156247	0.144411
0.157998	0.00059126
0.169864	0.145179
0.187546	0.145944
0.196976	0.148972
0.197302	0.148601
0.197653	0.149343
0.198552	0.149549
0.199031	0.14823
0.199199	0.146708
0.199432	0.149652
0.200073	0.149704
0.200399	0.14973
0.200563	0.149743
0.200716	0.149749
0.201707	0.147469
0.270307	0.000456433
0.383562	0.000341303
0.495136	0.00024267
0.599497	0.000166752
0.695823	0.00011253
0.781907	8.24209e-05
)
