(title "Pressure Coefficient")
(labels "Pressure Coefficient" "Position")

((xy/key/label "middleplane_suctionside")
-1.26509	0.0120004
-1.26506	0.0113271
-1.26337	0.0106588
-1.26327	0.0126915
-1.2603	0.0133865
-1.25936	0.0100098
-1.25716	0.0140962
-1.25364	0.0148092
-1.25289	0.0093677
-1.24806	0.0155359
-1.24449	0.00874669
-1.24141	0.0162654
-1.23371	0.0170054
-1.23069	0.00813306
-1.22546	0.017748
-1.21732	0.0184982
-1.21129	0.00754529
-1.20825	0.019251
-1.19932	0.0200097
-1.18924	0.0207706
-1.18909	0.00696551
-1.17888	0.0215355
-1.16831	0.0223023
-1.16307	0.00641152
-1.15692	0.0230708
-1.14681	0.0238405
-1.13553	0.00586785
-1.13524	0.0246121
-1.12351	0.0253844
-1.11205	0.0261561
-1.10744	0.00534934
-1.09974	0.0269284
-1.0883	0.0276991
-1.07589	0.0284702
-1.07116	0.00484274
-1.06406	0.0292382
-1.05231	0.0300065
-1.04014	0.0307708
-1.02873	0.0315354
-1.02466	0.00436711
-1.01651	0.0322952
-1.00488	0.0330552
-1.00488	0.0330552
-0.993086	0.0338094
-0.981388	0.0345636
-0.971625	0.00390581
-0.970283	0.0353113
-0.958892	0.0360589
-0.948294	0.0367996
-0.937732	0.0690626
-0.937542	0.0375401
-0.927271	0.0382731
-0.917273	0.039006
-0.910816	0.00347298
-0.907475	0.039731
-0.907253	0.0682353
-0.898338	0.0404558
-0.889436	0.0411723
-0.881228	0.0418887
-0.873394	0.0425965
-0.866045	0.0433041
-0.859055	0.0440029
-0.852356	0.0447016
-0.846052	0.0453912
-0.84266	0.00305901
-0.840122	0.0460808
-0.834248	0.0468912
-0.834053	0.0698909
-0.8313	0.0632753
-0.828574	0.0477015
-0.823939	0.0485143
-0.819455	0.0493266
-0.81804	0.0624492
-0.815482	0.0501416
-0.811577	0.0509558
-0.810978	0.0748616
-0.807497	0.0517727
-0.80354	0.0525887
-0.803136	0.0641003
-0.799873	0.0534074
-0.798525	0.0566866
-0.79837	0.0542254
-0.797744	0.0558648
-0.797253	0.0550455
-0.797107	0.067407
-0.795201	0.0575074
-0.794346	0.0740311
-0.787732	0.0583304
-0.786626	0.061625
-0.783186	0.075688
-0.779576	0.0591524
-0.77441	0.0599766
-0.772668	0.0607997
-0.764431	0.00267424
-0.754866	0.0649273
-0.72838	0.0732043
-0.727553	0.0665807
-0.72524	0.0765191
-0.720017	0.0657532
-0.698859	0.0707182
-0.678481	0.00230864
-0.657647	0.0723754
-0.640753	0.0773463
-0.634241	0.0715473
-0.611112	0.00212956
-0.55986	0.0781767
-0.551386	0.00195389
-0.508869	0.0790047
-0.487186	0.0017695
-0.48469	0.079834
-0.474158	0.0806604
-0.460556	0.0814909
-0.449448	0.082317
-0.444432	0.0831475
-0.422305	0.0839744
-0.412875	0.00159315
-0.384257	0.0848036
-0.382224	0.0905909
-0.37882	0.0897658
-0.371349	0.091418
-0.366742	0.0889371
-0.354908	0.0856305
-0.354281	0.0881126
-0.349058	0.0922427
-0.349058	0.0922427
-0.34594	0.0872836
-0.344187	0.0864586
-0.332292	0.00140978
-0.321612	0.0930684
-0.296785	0.0938908
-0.280958	0.0947171
-0.275836	0.0971866
-0.275729	0.0963647
-0.275301	0.0955387
-0.272093	0.0980108
-0.263528	0.098833
-0.250828	0.0996547
-0.244762	0.00123677
-0.236157	0.100474
-0.221448	0.101296
-0.207799	0.102114
-0.195971	0.102936
-0.18516	0.103754
-0.174257	0.104574
-0.168564	0.113533
-0.167329	0.112724
-0.163231	0.105392
-0.162302	0.114345
-0.159124	0.111912
-0.152721	0.00105995
-0.152283	0.106209
-0.149247	0.115153
-0.148057	0.1111
-0.143191	0.107024
-0.14064	0.110285
-0.137911	0.107841
-0.137911	0.107841
-0.137267	0.109472
-0.136112	0.108655
-0.132363	0.115964
-0.11572	0.116772
-0.101521	0.11758
-0.0910406	0.118386
-0.0831182	0.119191
-0.0753761	0.119994
-0.0670796	0.120799
-0.0573067	0.1216
-0.0541511	0.000896333
-0.0460097	0.122404
-0.0336854	0.123205
-0.0183707	0.124006
0.000880986	0.124806
0.0207387	0.125604
0.0378512	0.126401
0.0397682	0.129579
0.04017	0.128786
0.0462394	0.127992
0.0473806	0.127197
0.0491037	0.130371
0.0518156	0.000736003
0.057357	0.133526
0.0583114	0.134312
0.0588808	0.132739
0.0593568	0.131162
0.0602152	0.135097
0.0618757	0.131951
0.0639627	0.135881
0.0698243	0.136663
0.0781582	0.137444
0.0818806	0.145179
0.0883087	0.138223
0.0979175	0.139002
0.106842	0.139779
0.1072	0.145944
0.111553	0.144411
0.116908	0.140555
0.128211	0.141328
0.140719	0.142101
0.141422	0.149749
0.147729	0.149743
0.150988	0.143643
0.154162	0.142873
0.156704	0.14973
0.161204	0.00059126
0.162092	0.146708
0.167651	0.149704
0.179146	0.149652
0.192388	0.149549
0.206553	0.149343
0.210116	0.147469
0.220161	0.148972
0.22879	0.148601
0.230155	0.14823
0.273317	0.000456433
0.386362	0.000341303
0.497683	0.00024267
0.601757	0.000166752
0.697821	0.00011253
0.783683	8.24209e-05
)
