(title "Pressure Coefficient")
(labels "Pressure Coefficient" "Position")

((xy/key/label "middleplane_suctionside")
-1.26325	0.0120004
-1.26298	0.0113271
-1.26143	0.0106588
-1.26138	0.0126915
-1.25853	0.0133865
-1.25717	0.0100098
-1.25565	0.0140962
-1.25182	0.0148092
-1.25072	0.0093677
-1.24666	0.0155359
-1.24227	0.00874669
-1.23967	0.0162654
-1.23216	0.0170054
-1.22824	0.00813306
-1.2242	0.017748
-1.21559	0.0184982
-1.20894	0.00754529
-1.20728	0.019251
-1.19777	0.0200097
-1.18791	0.0207706
-1.18655	0.00696551
-1.17781	0.0215355
-1.1666	0.0223023
-1.16043	0.00641152
-1.15627	0.0230708
-1.14529	0.0238405
-1.1341	0.0246121
-1.13288	0.00586785
-1.12253	0.0253844
-1.11029	0.0261561
-1.10463	0.00534934
-1.09903	0.0269284
-1.08667	0.0276991
-1.07492	0.0284702
-1.06831	0.00484274
-1.06297	0.0292382
-1.05072	0.0300065
-1.03918	0.0307708
-1.02683	0.0315354
-1.02175	0.00436711
-1.01524	0.0322952
-1.00314	0.0330552
-1.00314	0.0330552
-0.991391	0.0338094
-0.979956	0.0345636
-0.968605	0.00390581
-0.968256	0.0353113
-0.95725	0.0360589
-0.945955	0.0367996
-0.935282	0.0375401
-0.924763	0.0382731
-0.914611	0.039006
-0.907738	0.00347298
-0.905091	0.039731
-0.895655	0.0404558
-0.886943	0.0411723
-0.883771	0.0657532
-0.878322	0.0418887
-0.874053	0.0665807
-0.870194	0.0425965
-0.864567	0.0715473
-0.8624	0.0433041
-0.858745	0.0707182
-0.855196	0.0440029
-0.848412	0.0447016
-0.842409	0.0453912
-0.839534	0.00305901
-0.836783	0.0460808
-0.830877	0.0468912
-0.827635	0.0649273
-0.825571	0.0477015
-0.820061	0.0485143
-0.814994	0.0493266
-0.809967	0.0501416
-0.80619	0.0723754
-0.805842	0.0509558
-0.802835	0.0517727
-0.801358	0.0525887
-0.801205	0.0607997
-0.800233	0.0534074
-0.798922	0.0599766
-0.797737	0.0542254
-0.794372	0.0550455
-0.793513	0.0591524
-0.788068	0.0558648
-0.786808	0.0583304
-0.783636	0.061625
-0.781979	0.0566866
-0.781217	0.0575074
-0.780271	0.067407
-0.779241	0.0698909
-0.772437	0.0641003
-0.761265	0.00267424
-0.75591	0.0781767
-0.753228	0.0624492
-0.744923	0.0632753
-0.731509	0.0773463
-0.72936	0.0732043
-0.724966	0.0790047
-0.694809	0.0690626
-0.692338	0.0682353
-0.684918	0.0765191
-0.675308	0.00230864
-0.66811	0.0740311
-0.647253	0.075688
-0.639106	0.0748616
-0.636071	0.079834
-0.607951	0.00212956
-0.548226	0.00195389
-0.526198	0.0806604
-0.484044	0.0017695
-0.438572	0.0814909
-0.409765	0.00159315
-0.386557	0.082317
-0.375478	0.0872836
-0.358912	0.0864586
-0.356386	0.0831475
-0.353042	0.0881126
-0.332254	0.0889371
-0.331382	0.0839744
-0.329223	0.00140978
-0.319342	0.0897658
-0.315134	0.0856305
-0.311735	0.0905909
-0.310299	0.091418
-0.307858	0.0922427
-0.307858	0.0922427
-0.30767	0.0848036
-0.29344	0.0930684
-0.270626	0.098833
-0.270405	0.0938908
-0.269062	0.0996547
-0.266508	0.0980108
-0.259526	0.0971866
-0.259424	0.100474
-0.252873	0.0947171
-0.251857	0.0963647
-0.247906	0.0955387
-0.245096	0.101296
-0.24176	0.00123677
-0.240452	0.106209
-0.235828	0.107024
-0.234861	0.105392
-0.233034	0.102114
-0.227597	0.104574
-0.226567	0.102936
-0.225011	0.103754
-0.222594	0.107841
-0.222594	0.107841
-0.205306	0.108655
-0.184781	0.109472
-0.160252	0.110285
-0.1498	0.00105995
-0.13313	0.1111
-0.112267	0.11758
-0.110212	0.116772
-0.10868	0.118386
-0.108301	0.111912
-0.103404	0.115964
-0.102434	0.119191
-0.100628	0.120799
-0.0994883	0.119994
-0.096269	0.1216
-0.0944883	0.115153
-0.0910118	0.112724
-0.0865529	0.114345
-0.0840263	0.113533
-0.0771277	0.122404
-0.0513279	0.000896333
-0.0459538	0.123205
-0.0129378	0.124006
0.0129155	0.124806
0.0148703	0.131951
0.0182361	0.131162
0.0231314	0.132739
0.0266026	0.125604
0.030453	0.130371
0.0310943	0.126401
0.0350855	0.133526
0.0351383	0.127197
0.0417927	0.129579
0.0417942	0.127992
0.0432052	0.134312
0.0458192	0.128786
0.048304	0.135097
0.0545257	0.000736003
0.0577268	0.135881
0.0744187	0.136663
0.0948642	0.137444
0.1052	0.142873
0.107922	0.143643
0.113142	0.142101
0.113611	0.138223
0.117166	0.141328
0.121	0.140555
0.124346	0.139002
0.125453	0.139779
0.134769	0.144411
0.163773	0.00059126
0.171609	0.145179
0.193205	0.149743
0.193441	0.14973
0.193597	0.149749
0.193747	0.149704
0.194495	0.149652
0.195948	0.149549
0.195949	0.145944
0.198028	0.149343
0.200725	0.148972
0.203305	0.148601
0.205192	0.146708
0.205324	0.14823
0.20697	0.147469
0.275727	0.000456433
0.388599	0.000341303
0.49972	0.00024267
0.603597	0.000166752
0.699501	0.00011253
0.785231	8.24209e-05
)
