(title "Pressure Coefficient")
(labels "Pressure Coefficient" "Position")

((xy/key/label "middleplane_suctionside")
-1.27335	0.0120004
-1.27324	0.0113271
-1.27161	0.0106588
-1.27154	0.0126915
-1.26854	0.0133865
-1.26748	0.0100098
-1.26566	0.0140962
-1.26195	0.0148092
-1.26111	0.0093677
-1.25656	0.0155359
-1.25265	0.00874669
-1.24987	0.0162654
-1.24209	0.0170054
-1.23883	0.00813306
-1.23418	0.017748
-1.22575	0.0184982
-1.2195	0.00754529
-1.21711	0.019251
-1.20811	0.0200097
-1.19793	0.0207706
-1.19718	0.00696551
-1.18805	0.0215355
-1.17699	0.0223023
-1.17118	0.00641152
-1.16625	0.0230708
-1.15599	0.0238405
-1.14433	0.0246121
-1.14365	0.00586785
-1.1332	0.0253844
-1.12118	0.0261561
-1.11552	0.00534934
-1.10959	0.0269284
-1.09791	0.0276991
-1.08564	0.0284702
-1.07928	0.00484274
-1.07426	0.0292382
-1.06211	0.0300065
-1.05062	0.0307708
-1.03885	0.0315354
-1.03276	0.00436711
-1.02698	0.0322952
-1.01548	0.0330552
-1.01548	0.0330552
-1.00361	0.0338094
-0.992471	0.0345636
-0.981099	0.0353113
-0.979689	0.00390581
-0.970163	0.0360589
-0.959439	0.0367996
-0.948754	0.0375401
-0.938642	0.0382731
-0.928526	0.039006
-0.919115	0.039731
-0.918837	0.00347298
-0.915128	0.0715473
-0.913231	0.0723754
-0.909926	0.0404558
-0.901307	0.0411723
-0.893056	0.0418887
-0.885132	0.0425965
-0.877605	0.0433041
-0.870395	0.0440029
-0.86368	0.0447016
-0.857469	0.0453912
-0.852603	0.0665807
-0.851893	0.0460808
-0.850616	0.00305901
-0.84589	0.0468912
-0.843281	0.0657532
-0.840591	0.0477015
-0.835604	0.0485143
-0.830641	0.0493266
-0.829187	0.0707182
-0.825981	0.0501416
-0.825747	0.067407
-0.821458	0.0509558
-0.817984	0.0517727
-0.815457	0.0525887
-0.814236	0.0534074
-0.812267	0.0542254
-0.811187	0.0649273
-0.809496	0.0550455
-0.808521	0.0599766
-0.807979	0.0607997
-0.805589	0.0558648
-0.804974	0.0591524
-0.802527	0.0732043
-0.80128	0.061625
-0.799699	0.0566866
-0.799507	0.0583304
-0.797121	0.0575074
-0.782094	0.0624492
-0.77768	0.0641003
-0.772289	0.00267424
-0.771823	0.0682353
-0.766057	0.0632753
-0.750719	0.0698909
-0.731705	0.0690626
-0.686212	0.00230864
-0.680709	0.0781767
-0.676611	0.0740311
-0.675427	0.0790047
-0.644142	0.0773463
-0.626514	0.079834
-0.61873	0.00212956
-0.595941	0.0765191
-0.595906	0.0748616
-0.570337	0.075688
-0.559624	0.0806604
-0.558923	0.00195389
-0.500296	0.0814909
-0.494612	0.0017695
-0.466867	0.082317
-0.451113	0.0831475
-0.433523	0.0905909
-0.426074	0.091418
-0.425547	0.0839744
-0.420156	0.00159315
-0.400246	0.0897658
-0.382734	0.0922427
-0.382734	0.0922427
-0.382652	0.0848036
-0.359609	0.0889371
-0.347115	0.0856305
-0.339403	0.00140978
-0.337289	0.0881126
-0.334595	0.0864586
-0.332712	0.0872836
-0.32935	0.0930684
-0.276841	0.0938908
-0.251662	0.00123677
-0.241866	0.105392
-0.240107	0.106209
-0.239276	0.104574
-0.234503	0.103754
-0.234356	0.0947171
-0.234261	0.107024
-0.228872	0.102936
-0.226145	0.107841
-0.226145	0.107841
-0.225026	0.100474
-0.224896	0.102114
-0.22431	0.101296
-0.223723	0.0996547
-0.218577	0.098833
-0.216376	0.108655
-0.210637	0.0980108
-0.20933	0.0955387
-0.205845	0.109472
-0.203153	0.0971866
-0.20072	0.0963647
-0.194763	0.110285
-0.183901	0.1111
-0.175093	0.111912
-0.1678	0.112724
-0.159755	0.113533
-0.159368	0.00105995
-0.149136	0.114345
-0.136389	0.115153
-0.12413	0.115964
-0.114871	0.116772
-0.108723	0.11758
-0.104191	0.118386
-0.101334	0.119191
-0.0987212	0.119994
-0.0910801	0.120799
-0.079062	0.1216
-0.071451	0.122404
-0.0695895	0.123205
-0.0694074	0.125604
-0.0691418	0.124806
-0.0687733	0.124006
-0.066413	0.126401
-0.0605078	0.000896333
-0.0570647	0.127197
-0.0389217	0.127992
-0.022933	0.128786
-0.0217734	0.130371
-0.0201698	0.129579
-0.0174034	0.131162
-0.0082882	0.131951
0.000547443	0.132739
0.0112234	0.133526
0.0205704	0.134312
0.0245193	0.135097
0.0292369	0.135881
0.0346096	0.136663
0.0388387	0.137444
0.0441972	0.138223
0.0457367	0.000736003
0.0483317	0.139002
0.0509927	0.139779
0.0537009	0.140555
0.0583713	0.141328
0.0731668	0.142101
0.0975114	0.142873
0.122002	0.143643
0.141926	0.144411
0.155467	0.00059126
0.157528	0.145179
0.169704	0.145944
0.178	0.146708
0.186183	0.147469
0.195811	0.14823
0.202863	0.148601
0.206141	0.149743
0.207196	0.14973
0.207742	0.149749
0.208129	0.149704
0.20954	0.148972
0.20956	0.149652
0.211974	0.149549
0.213129	0.149343
0.267978	0.000456433
0.381436	0.000341303
0.493248	0.00024267
0.597896	0.000166752
0.694493	0.00011253
0.780807	8.24209e-05
)
