(title "Pressure Coefficient")
(labels "Pressure Coefficient" "Position")

((xy/key/label "middleplane_suctionside")
-1.26368	0.0120004
-1.26349	0.0113271
-1.26198	0.0126915
-1.26173	0.0106588
-1.25909	0.0133865
-1.25752	0.0100098
-1.25622	0.0140962
-1.25267	0.0148092
-1.25099	0.0093677
-1.24729	0.0155359
-1.24242	0.00874669
-1.24072	0.0162654
-1.23302	0.0170054
-1.22849	0.00813306
-1.22506	0.017748
-1.21683	0.0184982
-1.20901	0.00754529
-1.20806	0.019251
-1.1992	0.0200097
-1.18909	0.0207706
-1.1866	0.00696551
-1.17909	0.0215355
-1.16828	0.0223023
-1.16047	0.00641152
-1.15726	0.0230708
-1.1472	0.0238405
-1.13556	0.0246121
-1.1328	0.00586785
-1.12426	0.0253844
-1.11252	0.0261561
-1.10454	0.00534934
-1.10062	0.0269284
-1.08912	0.0276991
-1.07673	0.0284702
-1.06816	0.00484274
-1.06524	0.0292382
-1.05324	0.0300065
-1.04148	0.0307708
-1.02987	0.0315354
-1.02153	0.00436711
-1.01779	0.0322952
-1.00626	0.0330552
-1.00626	0.0330552
-0.994317	0.0338094
-0.982963	0.0345636
-0.971622	0.0353113
-0.968356	0.00390581
-0.960432	0.0360589
-0.949733	0.0367996
-0.938862	0.0375401
-0.92863	0.0382731
-0.918383	0.039006
-0.9087	0.039731
-0.907443	0.00347298
-0.899397	0.0404558
-0.890497	0.0411723
-0.882129	0.0418887
-0.879721	0.067407
-0.87405	0.0425965
-0.869212	0.0732043
-0.866407	0.0433041
-0.859039	0.0440029
-0.853061	0.0665807
-0.852144	0.0447016
-0.84568	0.0453912
-0.839907	0.0460808
-0.839255	0.0723754
-0.839193	0.00305901
-0.837069	0.0740311
-0.833676	0.0468912
-0.827971	0.0477015
-0.822901	0.0485143
-0.817793	0.0493266
-0.814217	0.0682353
-0.813249	0.0501416
-0.808496	0.0509558
-0.804682	0.0517727
-0.801542	0.0525887
-0.799464	0.0534074
-0.799034	0.061625
-0.797554	0.0542254
-0.794866	0.0550455
-0.793731	0.0607997
-0.792217	0.0657532
-0.79186	0.0558648
-0.787763	0.0599766
-0.786659	0.0566866
-0.784079	0.0624492
-0.783855	0.0591524
-0.782049	0.0575074
-0.780833	0.0583304
-0.766453	0.0748616
-0.760884	0.00267424
-0.756168	0.0715473
-0.752508	0.0632753
-0.749377	0.0649273
-0.735393	0.0641003
-0.705788	0.0690626
-0.684839	0.075688
-0.674888	0.00230864
-0.673017	0.0707182
-0.648167	0.0698909
-0.613587	0.0765191
-0.607508	0.00212956
-0.590224	0.079834
-0.582293	0.0790047
-0.572008	0.0806604
-0.569891	0.0773463
-0.565153	0.0781767
-0.547764	0.00195389
-0.529566	0.0814909
-0.483564	0.0017695
-0.4782	0.082317
-0.438888	0.0897658
-0.438341	0.0889371
-0.435709	0.0831475
-0.426518	0.0881126
-0.420572	0.0905909
-0.416627	0.0872836
-0.412797	0.0864586
-0.412411	0.0839744
-0.409268	0.00159315
-0.409168	0.0856305
-0.406393	0.0848036
-0.386743	0.091418
-0.346869	0.0922427
-0.346869	0.0922427
-0.328709	0.00140978
-0.310761	0.0930684
-0.282288	0.0938908
-0.257427	0.105392
-0.257084	0.104574
-0.256046	0.0947171
-0.255926	0.106209
-0.255835	0.103754
-0.25156	0.102936
-0.251267	0.107024
-0.243662	0.102114
-0.243544	0.107841
-0.243544	0.107841
-0.241233	0.00123677
-0.231495	0.101296
-0.23047	0.108655
-0.224803	0.0955387
-0.214872	0.100474
-0.21113	0.109472
-0.191941	0.0996547
-0.187513	0.0963647
-0.1875	0.110285
-0.164315	0.098833
-0.161861	0.1111
-0.15487	0.0971866
-0.14926	0.00105995
-0.146187	0.0980108
-0.136949	0.111912
-0.117255	0.112724
-0.105669	0.113533
-0.0988955	0.114345
-0.0948185	0.116772
-0.0946849	0.115153
-0.0941945	0.115964
-0.0939807	0.11758
-0.0881473	0.118386
-0.0760969	0.119191
-0.0673237	0.119994
-0.0673177	0.123205
-0.064846	0.122404
-0.0636309	0.120799
-0.0616202	0.1216
-0.0613288	0.124006
-0.0507777	0.000896333
-0.0490549	0.124806
-0.0341483	0.125604
-0.0224911	0.126401
-0.0165153	0.127197
-0.0119795	0.127992
-0.00504447	0.128786
0.00497549	0.129579
0.0157801	0.130371
0.0245304	0.131162
0.0309019	0.131951
0.0363071	0.132739
0.0413604	0.133526
0.0439057	0.139779
0.0467525	0.134312
0.0473188	0.139002
0.0512232	0.140555
0.053287	0.135097
0.0544806	0.138223
0.0550841	0.000736003
0.0596987	0.135881
0.0603544	0.137444
0.06271	0.136663
0.0699166	0.141328
0.0935054	0.142101
0.110802	0.142873
0.119965	0.143643
0.128838	0.144411
0.143228	0.145179
0.146159	0.149749
0.147295	0.149743
0.148591	0.14973
0.150272	0.149704
0.152661	0.149652
0.157038	0.149549
0.161006	0.145944
0.164335	0.00059126
0.164988	0.149343
0.175826	0.148972
0.178093	0.146708
0.183931	0.148601
0.188715	0.14823
0.188954	0.147469
0.276289	0.000456433
0.389156	0.000341303
0.500265	0.00024267
0.604134	0.000166752
0.700029	0.00011253
0.785759	8.24209e-05
)
