(title "Pressure Coefficient")
(labels "Pressure Coefficient" "Position")

((xy/key/label "middleplane_suctionside")
-1.27282	0.0120004
-1.27275	0.0113271
-1.27137	0.0106588
-1.27077	0.0126915
-1.26775	0.0133865
-1.26731	0.0100098
-1.2647	0.0140962
-1.26108	0.0093677
-1.26074	0.0148092
-1.25542	0.0155359
-1.25283	0.00874669
-1.2483	0.0162654
-1.24067	0.0170054
-1.23903	0.00813306
-1.23258	0.017748
-1.22387	0.0184982
-1.21992	0.00754529
-1.21543	0.019251
-1.2058	0.0200097
-1.19774	0.00696551
-1.1959	0.0207706
-1.18568	0.0215355
-1.17443	0.0223023
-1.17184	0.00641152
-1.16401	0.0230708
-1.15294	0.0238405
-1.14451	0.00586785
-1.14176	0.0246121
-1.13007	0.0253844
-1.11788	0.0261561
-1.1165	0.00534934
-1.10655	0.0269284
-1.09416	0.0276991
-1.08244	0.0284702
-1.0804	0.00484274
-1.0704	0.0292382
-1.05826	0.0300065
-1.04667	0.0307708
-1.03439	0.0315354
-1.03405	0.00436711
-1.02284	0.0322952
-1.01075	0.0330552
-1.01075	0.0330552
-0.999127	0.0338094
-0.987673	0.0345636
-0.9811	0.00390581
-0.976104	0.0353113
-0.96513	0.0360589
-0.953913	0.0367996
-0.943346	0.0375401
-0.933716	0.0707182
-0.932883	0.0382731
-0.922881	0.039006
-0.920372	0.00347298
-0.913409	0.039731
-0.909537	0.0715473
-0.904099	0.0404558
-0.895429	0.0411723
-0.886864	0.0418887
-0.878806	0.0425965
-0.87107	0.0433041
-0.86714	0.0698909
-0.863987	0.0440029
-0.857312	0.0447016
-0.852269	0.00305901
-0.851392	0.0453912
-0.845782	0.0460808
-0.839886	0.0468912
-0.834421	0.0477015
-0.83254	0.0723754
-0.82887	0.0485143
-0.823988	0.0493266
-0.819764	0.0649273
-0.819475	0.0501416
-0.818545	0.0641003
-0.815873	0.0509558
-0.812929	0.0517727
-0.81068	0.0525887
-0.808279	0.0534074
-0.805256	0.0542254
-0.802393	0.0657532
-0.802202	0.0550455
-0.801113	0.0632753
-0.799653	0.0583304
-0.798694	0.0575074
-0.798636	0.0558648
-0.798351	0.0591524
-0.797635	0.0566866
-0.793932	0.0599766
-0.78796	0.0607997
-0.783135	0.0624492
-0.780352	0.061625
-0.775203	0.0665807
-0.774049	0.00267424
-0.773166	0.0690626
-0.751092	0.0732043
-0.745081	0.067407
-0.733377	0.0682353
-0.708846	0.0765191
-0.697024	0.075688
-0.692091	0.0740311
-0.688057	0.00230864
-0.676652	0.0773463
-0.676225	0.0748616
-0.62062	0.00212956
-0.602872	0.0781767
-0.56086	0.00195389
-0.513259	0.0790047
-0.496587	0.0017695
-0.438259	0.079834
-0.42951	0.0856305
-0.427046	0.0848036
-0.423134	0.0864586
-0.422162	0.00159315
-0.419252	0.0839744
-0.414338	0.0831475
-0.412629	0.082317
-0.410332	0.0872836
-0.404391	0.0814909
-0.402647	0.0806604
-0.393977	0.0881126
-0.373168	0.0889371
-0.349654	0.0897658
-0.341431	0.00140978
-0.334275	0.105392
-0.326686	0.0905909
-0.326292	0.104574
-0.30901	0.106209
-0.307785	0.091418
-0.30471	0.103754
-0.29524	0.0922427
-0.29524	0.0922427
-0.286554	0.102936
-0.285846	0.0930684
-0.274452	0.0938908
-0.273442	0.102114
-0.2639	0.101296
-0.258385	0.0947171
-0.256363	0.100474
-0.254035	0.107024
-0.253701	0.00123677
-0.246981	0.0996547
-0.238734	0.0955387
-0.233893	0.098833
-0.221644	0.0963647
-0.221342	0.0980108
-0.215601	0.0971866
-0.193552	0.107841
-0.193552	0.107841
-0.161403	0.00105995
-0.148714	0.108655
-0.125022	0.109472
-0.11669	0.116772
-0.116316	0.115964
-0.115398	0.115153
-0.115291	0.11758
-0.114439	0.110285
-0.111552	0.114345
-0.110872	0.118386
-0.10661	0.1111
-0.105275	0.119191
-0.105158	0.113533
-0.100813	0.119994
-0.100697	0.111912
-0.100324	0.112724
-0.0968081	0.120799
-0.0909935	0.1216
-0.0833445	0.122404
-0.0750887	0.123205
-0.0674695	0.124006
-0.0625233	0.000896333
-0.0606147	0.124806
-0.0540767	0.125604
-0.047248	0.126401
-0.0391516	0.127197
-0.0293497	0.127992
-0.018302	0.128786
-0.00761935	0.129579
0.00236861	0.130371
0.0121618	0.131162
0.0210927	0.131951
0.0297092	0.132739
0.0390176	0.133526
0.0437264	0.000736003
0.0489341	0.134312
0.0577687	0.135097
0.0642767	0.135881
0.0700228	0.136663
0.0766954	0.137444
0.084241	0.138223
0.0922204	0.139002
0.100445	0.139779
0.109387	0.140555
0.120028	0.141328
0.133457	0.142101
0.150574	0.142873
0.153482	0.00059126
0.169827	0.143643
0.188353	0.144411
0.204556	0.145179
0.216394	0.145944
0.216696	0.148601
0.216834	0.148972
0.217911	0.14823
0.218226	0.149343
0.219605	0.149549
0.220303	0.149652
0.220579	0.149704
0.220824	0.14973
0.220907	0.147469
0.221024	0.149743
0.221299	0.149749
0.221895	0.146708
0.266047	0.000456433
0.379565	0.000341303
0.491471	0.00024267
0.596266	0.000166752
0.692985	0.00011253
0.779382	8.24209e-05
)
