(title "Pressure Coefficient")
(labels "Pressure Coefficient" "Position")

((xy/key/label "middleplane_suctionside")
-1.26815	0.0120004
-1.26797	0.0113271
-1.26649	0.0106588
-1.26619	0.0126915
-1.26331	0.0133865
-1.26232	0.0100098
-1.2603	0.0140962
-1.25646	0.0148092
-1.25594	0.0093677
-1.25123	0.0155359
-1.24761	0.00874669
-1.24418	0.0162654
-1.23668	0.0170054
-1.23364	0.00813306
-1.22863	0.017748
-1.22004	0.0184982
-1.21443	0.00754529
-1.21166	0.019251
-1.20208	0.0200097
-1.19229	0.0207706
-1.19215	0.00696551
-1.1821	0.0215355
-1.17094	0.0223023
-1.16611	0.00641152
-1.1606	0.0230708
-1.14957	0.0238405
-1.13867	0.00586785
-1.13844	0.0246121
-1.12682	0.0253844
-1.11471	0.0261561
-1.11052	0.00534934
-1.10342	0.0269284
-1.0911	0.0276991
-1.07939	0.0284702
-1.0743	0.00484274
-1.06745	0.0292382
-1.05531	0.0300065
-1.04379	0.0307708
-1.03157	0.0315354
-1.02783	0.00436711
-1.02005	0.0322952
-1.00807	0.0330552
-1.00807	0.0330552
-0.996396	0.0338094
-0.985042	0.0345636
-0.97476	0.00390581
-0.973458	0.0353113
-0.96253	0.0360589
-0.958816	0.0715473
-0.956112	0.0723754
-0.951376	0.0367996
-0.940792	0.0375401
-0.930446	0.0382731
-0.920381	0.039006
-0.913946	0.00347298
-0.91095	0.039731
-0.901612	0.0404558
-0.892896	0.0411723
-0.884356	0.0418887
-0.876304	0.0425965
-0.873129	0.0732043
-0.869841	0.0707182
-0.868571	0.0433041
-0.861446	0.0440029
-0.854761	0.0447016
-0.848689	0.0453912
-0.845779	0.00305901
-0.843062	0.0460808
-0.836974	0.0468912
-0.834621	0.0657532
-0.831506	0.0477015
-0.829222	0.0665807
-0.825963	0.0485143
-0.820853	0.0493266
-0.816106	0.0501416
-0.812035	0.0509558
-0.808916	0.0517727
-0.80808	0.0649273
-0.806679	0.0525887
-0.804926	0.0534074
-0.801679	0.0542254
-0.798346	0.0599766
-0.798148	0.0550455
-0.797284	0.0591524
-0.795702	0.0607997
-0.79285	0.0558648
-0.792124	0.0583304
-0.787743	0.0566866
-0.787659	0.0575074
-0.781566	0.061625
-0.777075	0.067407
-0.772341	0.0641003
-0.767517	0.00267424
-0.76716	0.0740311
-0.764112	0.0765191
-0.759657	0.0698909
-0.757822	0.0624492
-0.750735	0.0632753
-0.734037	0.075688
-0.718492	0.0773463
-0.713655	0.0748616
-0.710055	0.0682353
-0.698115	0.0690626
-0.681525	0.00230864
-0.614118	0.00212956
-0.563599	0.0781767
-0.559578	0.082317
-0.554362	0.00195389
-0.547804	0.0831475
-0.52385	0.0814909
-0.512005	0.0839744
-0.490123	0.0017695
-0.456766	0.0848036
-0.434452	0.0806604
-0.415758	0.00159315
-0.399943	0.0790047
-0.391403	0.0856305
-0.360307	0.079834
-0.337183	0.0864586
-0.335109	0.00140978
-0.314624	0.0872836
-0.313607	0.0881126
-0.312871	0.0963647
-0.311332	0.0889371
-0.310947	0.0955387
-0.304516	0.0971866
-0.300701	0.0897658
-0.298743	0.0947171
-0.289019	0.0980108
-0.286169	0.0905909
-0.281682	0.0938908
-0.271777	0.091418
-0.269599	0.098833
-0.26789	0.0930684
-0.263953	0.0922427
-0.263953	0.0922427
-0.248832	0.0996547
-0.2475	0.00123677
-0.229684	0.100474
-0.213261	0.101296
-0.200153	0.102114
-0.191573	0.102936
-0.186331	0.103754
-0.182807	0.104574
-0.178609	0.105392
-0.173067	0.106209
-0.170508	0.108655
-0.169803	0.107841
-0.169803	0.107841
-0.169167	0.107024
-0.165015	0.109472
-0.155367	0.00105995
-0.151899	0.110285
-0.136222	0.1111
-0.128661	0.115153
-0.128313	0.115964
-0.125296	0.116772
-0.123128	0.114345
-0.122912	0.111912
-0.120249	0.11758
-0.114253	0.113533
-0.113423	0.112724
-0.110861	0.118386
-0.0961693	0.119191
-0.07887	0.119994
-0.0605122	0.120799
-0.0566927	0.000896333
-0.0426325	0.1216
-0.0323296	0.131162
-0.0289441	0.130371
-0.0274485	0.122404
-0.0222357	0.131951
-0.0182351	0.129579
-0.0156316	0.123205
-0.00956522	0.128786
-0.00749135	0.124006
-0.00534313	0.132739
-0.00283425	0.124806
-0.00149767	0.127992
4.14976e-05	0.125604
0.00283025	0.126401
0.00350204	0.127197
0.00809826	0.133526
0.012792	0.134312
0.0168315	0.135097
0.0265528	0.135881
0.0403732	0.136663
0.0493868	0.000736003
0.0580671	0.137444
0.078982	0.138223
0.0959395	0.139002
0.105013	0.139779
0.112944	0.140555
0.128409	0.141328
0.144057	0.149749
0.150215	0.149743
0.153314	0.142101
0.158226	0.14973
0.15891	0.00059126
0.166885	0.149704
0.174355	0.149652
0.181058	0.149549
0.18352	0.142873
0.186354	0.149343
0.19025	0.148972
0.193425	0.148601
0.198295	0.14823
0.208397	0.147469
0.210237	0.143643
0.218678	0.146708
0.224814	0.144411
0.224986	0.145944
0.227788	0.145179
0.27117	0.000456433
0.384371	0.000341303
0.495865	0.00024267
0.600117	0.000166752
0.696335	0.00011253
0.782327	8.24209e-05
)
