(title "Pressure Coefficient")
(labels "Pressure Coefficient" "Position")

((xy/key/label "middleplane_suctionside")
-1.26824	0.0120004
-1.26818	0.0113271
-1.26671	0.0106588
-1.26627	0.0126915
-1.2632	0.0133865
-1.26265	0.0100098
-1.26019	0.0140962
-1.25639	0.0093677
-1.2563	0.0148092
-1.2509	0.0155359
-1.24806	0.00874669
-1.24394	0.0162654
-1.23616	0.0170054
-1.23431	0.00813306
-1.22812	0.017748
-1.21947	0.0184982
-1.21512	0.00754529
-1.21088	0.019251
-1.20151	0.0200097
-1.19289	0.00696551
-1.19136	0.0207706
-1.18127	0.0215355
-1.17001	0.0223023
-1.167	0.00641152
-1.15939	0.0230708
-1.1487	0.0238405
-1.13959	0.00586785
-1.13705	0.0246121
-1.1257	0.0253844
-1.11343	0.0261561
-1.11155	0.00534934
-1.10187	0.0269284
-1.08988	0.0276991
-1.07755	0.0284702
-1.07542	0.00484274
-1.06597	0.0292382
-1.0536	0.0300065
-1.04199	0.0307708
-1.02997	0.0315354
-1.02901	0.00436711
-1.01798	0.0322952
-1.00637	0.0330552
-1.00637	0.0330552
-0.994293	0.0338094
-0.983063	0.0345636
-0.97605	0.00390581
-0.971529	0.0353113
-0.960403	0.0360589
-0.949618	0.0367996
-0.938743	0.0375401
-0.929255	0.0682353
-0.928628	0.0382731
-0.918448	0.039006
-0.915316	0.00347298
-0.908985	0.039731
-0.906115	0.0690626
-0.899826	0.0404558
-0.891087	0.0411723
-0.88289	0.0418887
-0.87498	0.0425965
-0.867574	0.0433041
-0.860495	0.0440029
-0.856402	0.067407
-0.853948	0.0447016
-0.847826	0.0453912
-0.84721	0.00305901
-0.846662	0.0624492
-0.842381	0.0460808
-0.836467	0.0468912
-0.831079	0.0477015
-0.826544	0.0485143
-0.823468	0.061625
-0.822584	0.0632753
-0.822084	0.0493266
-0.818311	0.0501416
-0.814198	0.0509558
-0.810765	0.0698909
-0.810215	0.0517727
-0.806127	0.0525887
-0.804242	0.0558648
-0.803893	0.0534074
-0.80361	0.0542254
-0.803194	0.0550455
-0.802419	0.0566866
-0.794793	0.0575074
-0.79323	0.0607997
-0.785349	0.0583304
-0.7816	0.0599766
-0.780599	0.0591524
-0.769016	0.00267424
-0.765628	0.0641003
-0.763516	0.0665807
-0.751424	0.0740311
-0.737095	0.0748616
-0.723261	0.0732043
-0.720338	0.0649273
-0.714873	0.0707182
-0.714684	0.0657532
-0.688863	0.075688
-0.683075	0.00230864
-0.679097	0.0723754
-0.665597	0.0715473
-0.627733	0.0765191
-0.615691	0.00212956
-0.573317	0.0773463
-0.555964	0.00195389
-0.540327	0.082317
-0.53902	0.0814909
-0.536787	0.0781767
-0.504147	0.0806604
-0.502776	0.0790047
-0.493888	0.0831475
-0.491745	0.0017695
-0.482194	0.079834
-0.458507	0.0897658
-0.457013	0.0889371
-0.434651	0.0881126
-0.431494	0.0905909
-0.422754	0.0839744
-0.417394	0.00159315
-0.405222	0.0872836
-0.384754	0.091418
-0.377976	0.0864586
-0.37254	0.0848036
-0.361892	0.0856305
-0.336758	0.00140978
-0.335919	0.0922427
-0.335919	0.0922427
-0.296637	0.0930684
-0.271162	0.0938908
-0.257265	0.0947171
-0.249837	0.0955387
-0.249142	0.00123677
-0.244238	0.0963647
-0.235934	0.0971866
-0.223744	0.0980108
-0.209637	0.098833
-0.196	0.0996547
-0.18993	0.106209
-0.188417	0.105392
-0.185495	0.100474
-0.183247	0.107024
-0.182641	0.104574
-0.180431	0.101296
-0.179227	0.103754
-0.179216	0.102114
-0.178932	0.102936
-0.17129	0.107841
-0.17129	0.107841
-0.158686	0.108655
-0.156986	0.00105995
-0.148335	0.109472
-0.140633	0.110285
-0.133025	0.1111
-0.12246	0.111912
-0.110374	0.112724
-0.101898	0.113533
-0.0974102	0.114345
-0.0962591	0.120799
-0.0951944	0.119994
-0.0931883	0.115153
-0.0929377	0.1216
-0.0898376	0.119191
-0.0884939	0.115964
-0.0868693	0.122404
-0.0837155	0.116772
-0.0831908	0.118386
-0.0806265	0.11758
-0.0793263	0.123205
-0.069533	0.124006
-0.0582761	0.000896333
-0.0567024	0.124806
-0.0412963	0.125604
-0.024721	0.126401
-0.00931695	0.127197
0.00391825	0.127992
0.0165056	0.128786
0.0314323	0.129579
0.0347679	0.132739
0.0412683	0.133526
0.0429845	0.131951
0.0467477	0.130371
0.0478089	0.000736003
0.0517848	0.131162
0.0602464	0.134312
0.0797169	0.135097
0.0908034	0.135881
0.0986346	0.136663
0.110722	0.137444
0.11929	0.138223
0.123883	0.139002
0.134075	0.139779
0.144115	0.140555
0.145125	0.142873
0.145288	0.143643
0.146783	0.142101
0.1474	0.144411
0.147468	0.141328
0.149436	0.145179
0.151333	0.145944
0.152848	0.146708
0.154865	0.147469
0.157364	0.00059126
0.159129	0.14823
0.163531	0.148601
0.169631	0.148972
0.177174	0.149343
0.182881	0.149549
0.186092	0.149652
0.187571	0.149704
0.188263	0.14973
0.188644	0.149743
0.189327	0.149749
0.269692	0.000456433
0.382963	0.000341303
0.494588	0.00024267
0.599052	0.000166752
0.695487	0.00011253
0.781661	8.24209e-05
)
