(title "Pressure Coefficient")
(labels "Pressure Coefficient" "Position")

((xy/key/label "middleplane_suctionside")
-1.26905	0.0120004
-1.2689	0.0113271
-1.26736	0.0106588
-1.26716	0.0126915
-1.26419	0.0133865
-1.26321	0.0100098
-1.26126	0.0140962
-1.25746	0.0148092
-1.25684	0.0093677
-1.25213	0.0155359
-1.24843	0.00874669
-1.2453	0.0162654
-1.23756	0.0170054
-1.23455	0.00813306
-1.22963	0.017748
-1.2211	0.0184982
-1.21528	0.00754529
-1.21251	0.019251
-1.20335	0.0200097
-1.19316	0.0207706
-1.19298	0.00696551
-1.18322	0.0215355
-1.17208	0.0223023
-1.16696	0.00641152
-1.16133	0.0230708
-1.15098	0.0238405
-1.13948	0.00586785
-1.13926	0.0246121
-1.12805	0.0253844
-1.11596	0.0261561
-1.11134	0.00534934
-1.10424	0.0269284
-1.09255	0.0276991
-1.08015	0.0284702
-1.07511	0.00484274
-1.06871	0.0292382
-1.0565	0.0300065
-1.04483	0.0307708
-1.03304	0.0315354
-1.02862	0.00436711
-1.02097	0.0322952
-1.00946	0.0330552
-1.00946	0.0330552
-0.997479	0.0338094
-0.986228	0.0345636
-0.975546	0.00390581
-0.974853	0.0353113
-0.963695	0.0360589
-0.952947	0.0367996
-0.942089	0.0375401
-0.931931	0.0382731
-0.921796	0.039006
-0.91472	0.00347298
-0.912318	0.039731
-0.903167	0.0404558
-0.894395	0.0411723
-0.886104	0.0418887
-0.878032	0.0425965
-0.870444	0.0433041
-0.866836	0.067407
-0.864576	0.0732043
-0.863235	0.0440029
-0.856593	0.0447016
-0.855621	0.0682353
-0.850481	0.0453912
-0.846536	0.00305901
-0.846116	0.0740311
-0.845022	0.0460808
-0.839099	0.0468912
-0.833436	0.0477015
-0.828184	0.0485143
-0.822903	0.0493266
-0.822453	0.0665807
-0.818496	0.0501416
-0.814315	0.0509558
-0.811265	0.0517727
-0.808887	0.0525887
-0.80666	0.0534074
-0.804122	0.0542254
-0.800553	0.0550455
-0.799296	0.061625
-0.798567	0.0723754
-0.797272	0.0558648
-0.796408	0.0607997
-0.794222	0.0599766
-0.792667	0.0566866
-0.791711	0.0624492
-0.790992	0.0591524
-0.789132	0.0575074
-0.788621	0.0583304
-0.776606	0.0657532
-0.772996	0.0690626
-0.768514	0.0632753
-0.768258	0.00267424
-0.766713	0.0748616
-0.750816	0.0649273
-0.748853	0.0641003
-0.706694	0.0715473
-0.682249	0.00230864
-0.681489	0.0698909
-0.68088	0.075688
-0.655591	0.0707182
-0.646701	0.0790047
-0.63492	0.079834
-0.620751	0.0781767
-0.619197	0.0765191
-0.614825	0.00212956
-0.599409	0.0773463
-0.572253	0.0806604
-0.555056	0.00195389
-0.4908	0.0017695
-0.486863	0.0814909
-0.416412	0.00159315
-0.412048	0.082317
-0.406061	0.0872836
-0.399579	0.0881126
-0.387164	0.0864586
-0.372163	0.0889371
-0.357512	0.0831475
-0.350887	0.0856305
-0.335744	0.00140978
-0.335409	0.0897658
-0.322776	0.0839744
-0.320061	0.0848036
-0.301401	0.0905909
-0.294007	0.0955387
-0.290118	0.0947171
-0.284582	0.0963647
-0.276439	0.0938908
-0.276006	0.091418
-0.266398	0.0971866
-0.264449	0.0930684
-0.263153	0.0922427
-0.263153	0.0922427
-0.248105	0.00123677
-0.246849	0.0980108
-0.23879	0.104574
-0.238268	0.105392
-0.235688	0.103754
-0.231846	0.102936
-0.231313	0.098833
-0.230341	0.106209
-0.226483	0.102114
-0.221009	0.0996547
-0.219923	0.101296
-0.216975	0.100474
-0.214932	0.107024
-0.196995	0.107841
-0.196995	0.107841
-0.18041	0.108655
-0.165386	0.109472
-0.155942	0.00105995
-0.152438	0.110285
-0.142957	0.1111
-0.135337	0.111912
-0.126737	0.112724
-0.118501	0.113533
-0.11251	0.114345
-0.108029	0.115153
-0.106122	0.11758
-0.105837	0.116772
-0.105658	0.115964
-0.104641	0.118386
-0.101206	0.119191
-0.0951641	0.119994
-0.085299	0.120799
-0.0717194	0.1216
-0.0572321	0.000896333
-0.056384	0.122404
-0.0400678	0.123205
-0.0219643	0.124006
-0.0141143	0.131162
-0.0137322	0.130371
-0.0118283	0.129579
-0.0115191	0.127992
-0.0114766	0.131951
-0.0109908	0.128786
-0.00945782	0.127197
-0.00585276	0.124806
-0.00505553	0.132739
-0.0029385	0.126401
0.000973281	0.125604
0.005589	0.133526
0.0200841	0.134312
0.0400153	0.135097
0.0488834	0.000736003
0.0659992	0.135881
0.0913574	0.136663
0.108088	0.137444
0.114656	0.138223
0.115835	0.139002
0.117513	0.139779
0.122472	0.140555
0.130622	0.141328
0.140541	0.142101
0.150732	0.142873
0.151047	0.147469
0.15214	0.146708
0.15303	0.14823
0.155335	0.148601
0.155942	0.145944
0.158062	0.148972
0.158451	0.00059126
0.158738	0.143643
0.159916	0.145179
0.160546	0.149343
0.161644	0.149549
0.161725	0.149749
0.161748	0.144411
0.161837	0.149743
0.161934	0.14973
0.161955	0.149652
0.162003	0.149704
0.270763	0.000456433
0.384019	0.000341303
0.495592	0.00024267
0.599943	0.000166752
0.696268	0.00011253
0.782362	8.24209e-05
)
