(title "Pressure Coefficient")
(labels "Pressure Coefficient" "Position")

((xy/key/label "middleplane_suctionside")
-1.26315	0.0120004
-1.26293	0.0113271
-1.26128	0.0126915
-1.26127	0.0106588
-1.25857	0.0133865
-1.25715	0.0100098
-1.25537	0.0140962
-1.2519	0.0148092
-1.25054	0.0093677
-1.24659	0.0155359
-1.24218	0.00874669
-1.23965	0.0162654
-1.23245	0.0170054
-1.22812	0.00813306
-1.22404	0.017748
-1.21595	0.0184982
-1.20868	0.00754529
-1.2073	0.019251
-1.19781	0.0200097
-1.18843	0.0207706
-1.18646	0.00696551
-1.17778	0.0215355
-1.16729	0.0223023
-1.16028	0.00641152
-1.15657	0.0230708
-1.14564	0.0238405
-1.13489	0.0246121
-1.13272	0.00586785
-1.12277	0.0253844
-1.11135	0.0261561
-1.10453	0.00534934
-1.09974	0.0269284
-1.08757	0.0276991
-1.07608	0.0284702
-1.06814	0.00484274
-1.06377	0.0292382
-1.05216	0.0300065
-1.04041	0.0307708
-1.02841	0.0315354
-1.02159	0.00436711
-1.01702	0.0322952
-1.00493	0.0330552
-1.00493	0.0330552
-0.99352	0.0338094
-0.981942	0.0345636
-0.970495	0.0353113
-0.968454	0.00390581
-0.95957	0.0360589
-0.948482	0.0367996
-0.938115	0.0375401
-0.927765	0.0382731
-0.917836	0.039006
-0.908287	0.039731
-0.907572	0.00347298
-0.907461	0.0707182
-0.898848	0.0404558
-0.890041	0.0411723
-0.881438	0.0418887
-0.879361	0.0715473
-0.873482	0.0425965
-0.865896	0.0433041
-0.85896	0.0440029
-0.85232	0.0447016
-0.846168	0.0453912
-0.844409	0.0649273
-0.840182	0.0460808
-0.839365	0.00305901
-0.833675	0.0468912
-0.82787	0.0477015
-0.82726	0.0698909
-0.823032	0.0657532
-0.822356	0.0485143
-0.817876	0.0493266
-0.817844	0.0641003
-0.813753	0.0501416
-0.810116	0.0509558
-0.806571	0.0517727
-0.802978	0.0525887
-0.799591	0.0534074
-0.795485	0.0542254
-0.794294	0.0583304
-0.793413	0.0591524
-0.792484	0.0550455
-0.790898	0.0575074
-0.789174	0.0558648
-0.787724	0.0566866
-0.786461	0.0599766
-0.776157	0.0607997
-0.773476	0.0723754
-0.771391	0.0632753
-0.765983	0.0665807
-0.761088	0.00267424
-0.760371	0.061625
-0.749876	0.0624492
-0.71653	0.0690626
-0.698183	0.067407
-0.675111	0.00230864
-0.666856	0.0682353
-0.663549	0.0732043
-0.63805	0.0765191
-0.634284	0.0773463
-0.608564	0.075688
-0.607738	0.00212956
-0.595086	0.0740311
-0.593805	0.0781767
-0.581924	0.0748616
-0.548005	0.00195389
-0.535102	0.0790047
-0.483811	0.0017695
-0.471143	0.079834
-0.44079	0.0897658
-0.436388	0.0848036
-0.435899	0.0856305
-0.433518	0.0905909
-0.431763	0.0889371
-0.424346	0.0864586
-0.420291	0.0881126
-0.418676	0.0839744
-0.41666	0.0872836
-0.413398	0.0806604
-0.409516	0.00159315
-0.40458	0.091418
-0.393798	0.0831475
-0.381857	0.0814909
-0.378815	0.082317
-0.359918	0.0922427
-0.359918	0.0922427
-0.328956	0.00140978
-0.311878	0.0930684
-0.278089	0.0938908
-0.267087	0.0963647
-0.265448	0.0947171
-0.265262	0.0955387
-0.264648	0.0971866
-0.25616	0.0980108
-0.242728	0.098833
-0.241476	0.00123677
-0.226158	0.0996547
-0.209232	0.100474
-0.194896	0.101296
-0.184769	0.102114
-0.179247	0.102936
-0.176812	0.103754
-0.174853	0.104574
-0.171019	0.105392
-0.164047	0.106209
-0.15475	0.107024
-0.149504	0.00105995
-0.146713	0.107841
-0.146713	0.107841
-0.140627	0.108655
-0.134445	0.109472
-0.127785	0.110285
-0.121271	0.1111
-0.116095	0.111912
-0.112376	0.112724
-0.108258	0.113533
-0.102665	0.114345
-0.0961041	0.115153
-0.0891172	0.115964
-0.0837723	0.116772
-0.0807881	0.11758
-0.0783448	0.118386
-0.0742609	0.119191
-0.0678552	0.119994
-0.0599159	0.120799
-0.0510143	0.000896333
-0.0508795	0.1216
-0.0419713	0.122404
-0.034566	0.123205
-0.0292184	0.124006
-0.0256463	0.124806
-0.0215896	0.125604
-0.0141926	0.126401
-0.00427379	0.127197
0.003947	0.127992
0.00919248	0.128786
0.0108012	0.131162
0.0114349	0.130371
0.0114861	0.129579
0.0121593	0.131951
0.0189335	0.132739
0.0308705	0.133526
0.0447557	0.134312
0.054861	0.000736003
0.0601551	0.135097
0.0760966	0.135881
0.0883329	0.136663
0.0954574	0.137444
0.0977969	0.140555
0.0994964	0.139779
0.0995171	0.138223
0.101149	0.139002
0.10204	0.141328
0.115157	0.142101
0.134008	0.142873
0.150132	0.143643
0.154569	0.149749
0.154794	0.146708
0.154941	0.145944
0.156093	0.149743
0.157549	0.14973
0.157558	0.145179
0.157562	0.144411
0.159463	0.149704
0.160687	0.147469
0.161798	0.149652
0.16412	0.00059126
0.164873	0.149549
0.168187	0.14823
0.168513	0.149343
0.171302	0.148972
0.171303	0.148601
0.276076	0.000456433
0.388936	0.000341303
0.500022	0.00024267
0.603841	0.000166752
0.69966	0.00011253
0.785283	8.24209e-05
)
