(title "Pressure Coefficient")
(labels "Pressure Coefficient" "Position")

((xy/key/label "middleplane_suctionside")
-1.26849	0.0120004
-1.26831	0.0113271
-1.26667	0.0126915
-1.2666	0.0106588
-1.26394	0.0133865
-1.26252	0.0100098
-1.26071	0.0140962
-1.25735	0.0148092
-1.25589	0.0093677
-1.25197	0.0155359
-1.24753	0.00874669
-1.24518	0.0162654
-1.23793	0.0170054
-1.2335	0.00813306
-1.22949	0.017748
-1.22158	0.0184982
-1.21403	0.00754529
-1.21272	0.019251
-1.20351	0.0200097
-1.19401	0.0207706
-1.19183	0.00696551
-1.18336	0.0215355
-1.17318	0.0223023
-1.16565	0.00641152
-1.16211	0.0230708
-1.15165	0.0238405
-1.14065	0.0246121
-1.13809	0.00586785
-1.12856	0.0253844
-1.11753	0.0261561
-1.10992	0.00534934
-1.10543	0.0269284
-1.09388	0.0276991
-1.08203	0.0284702
-1.07354	0.00484274
-1.06988	0.0292382
-1.05857	0.0300065
-1.04642	0.0307708
-1.03511	0.0315354
-1.02698	0.00436711
-1.02331	0.0322952
-1.01156	0.0330552
-1.01156	0.0330552
-1.0002	0.0338094
-0.988438	0.0345636
-0.977485	0.0353113
-0.973841	0.00390581
-0.966229	0.0360589
-0.955624	0.0367996
-0.945183	0.0375401
-0.934958	0.0382731
-0.925251	0.039006
-0.915529	0.039731
-0.912939	0.00347298
-0.906421	0.0404558
-0.897529	0.0411723
-0.889156	0.0418887
-0.881362	0.0425965
-0.874001	0.0433041
-0.870572	0.0690626
-0.869399	0.0698909
-0.86722	0.0440029
-0.860694	0.0447016
-0.854595	0.0453912
-0.848476	0.0460808
-0.844697	0.00305901
-0.8423	0.0468912
-0.836332	0.0477015
-0.831223	0.0485143
-0.82702	0.0493266
-0.82312	0.0501416
-0.81967	0.0509558
-0.818721	0.0682353
-0.81683	0.0748616
-0.815784	0.0517727
-0.815748	0.0707182
-0.812978	0.0632753
-0.812153	0.0740311
-0.811702	0.0525887
-0.80715	0.0534074
-0.806175	0.0641003
-0.803984	0.0542254
-0.802947	0.0566866
-0.802289	0.0550455
-0.802028	0.0575074
-0.801766	0.0558648
-0.797674	0.0583304
-0.797492	0.0624492
-0.790704	0.0591524
-0.784782	0.0599766
-0.782667	0.061625
-0.781256	0.0607997
-0.780152	0.0649273
-0.77855	0.0732043
-0.770913	0.075688
-0.766364	0.00267424
-0.765926	0.067407
-0.765673	0.0715473
-0.754818	0.0723754
-0.75436	0.0657532
-0.745303	0.0665807
-0.689122	0.0765191
-0.680311	0.00230864
-0.612869	0.00212956
-0.599567	0.0773463
-0.556235	0.0814909
-0.553081	0.00195389
-0.550438	0.0806604
-0.535321	0.0781767
-0.525215	0.079834
-0.520416	0.082317
-0.513522	0.0790047
-0.488813	0.0017695
-0.452967	0.0831475
-0.414423	0.00159315
-0.380007	0.0839744
-0.358076	0.091418
-0.356837	0.0905909
-0.34227	0.0922427
-0.34227	0.0922427
-0.340747	0.0897658
-0.333754	0.00140978
-0.322924	0.0889371
-0.322519	0.0848036
-0.316419	0.0930684
-0.305677	0.0881126
-0.289759	0.0856305
-0.287516	0.0938908
-0.287042	0.0872836
-0.279095	0.0864586
-0.267589	0.0996547
-0.264774	0.100474
-0.261844	0.0947171
-0.260795	0.098833
-0.25403	0.101296
-0.24879	0.0980108
-0.246133	0.00123677
-0.243444	0.0955387
-0.240515	0.102114
-0.238595	0.0971866
-0.23559	0.0963647
-0.22621	0.102936
-0.223803	0.109472
-0.220694	0.108655
-0.218248	0.110285
-0.207776	0.107841
-0.207776	0.107841
-0.207623	0.1111
-0.207341	0.103754
-0.195873	0.111912
-0.189085	0.107024
-0.185019	0.104574
-0.184117	0.112724
-0.173838	0.106209
-0.172633	0.113533
-0.171273	0.105392
-0.161811	0.114345
-0.153995	0.00105995
-0.151139	0.115153
-0.140634	0.115964
-0.130918	0.116772
-0.12304	0.11758
-0.116434	0.118386
-0.108573	0.119191
-0.0987426	0.119994
-0.088189	0.120799
-0.078328	0.1216
-0.07132	0.122404
-0.0677063	0.123205
-0.0660951	0.124006
-0.0657273	0.124806
-0.0646732	0.125604
-0.0613093	0.126401
-0.057434	0.127197
-0.0553206	0.000896333
-0.0538459	0.127992
-0.0463106	0.128786
-0.0320806	0.129579
-0.0185989	0.130371
-0.0114081	0.131162
-0.00273739	0.131951
0.0138599	0.132739
0.0280961	0.133526
0.0318403	0.134312
0.0368236	0.135097
0.0507546	0.000736003
0.0567788	0.135881
0.0878331	0.139779
0.0900828	0.136663
0.0935037	0.140555
0.103772	0.139002
0.113151	0.141328
0.118873	0.137444
0.12265	0.138223
0.130637	0.142101
0.13421	0.144411
0.136885	0.145179
0.137794	0.143643
0.138906	0.142873
0.146794	0.145944
0.160259	0.00059126
0.162084	0.146708
0.187511	0.147469
0.212874	0.14823
0.224604	0.148601
0.230153	0.149749
0.230662	0.149743
0.230863	0.148972
0.231213	0.14973
0.23194	0.149704
0.232644	0.149652
0.233294	0.149549
0.233348	0.149343
0.272491	0.000456433
0.385658	0.000341303
0.497106	0.00024267
0.601305	0.000166752
0.69749	0.00011253
0.783474	8.24209e-05
)
