(title "Pressure Coefficient")
(labels "Pressure Coefficient" "Position")

((xy/key/label "middleplane_suctionside")
-1.27032	0.0120004
-1.27026	0.0113271
-1.2686	0.0106588
-1.26843	0.0126915
-1.26558	0.0133865
-1.26462	0.0100098
-1.26227	0.0140962
-1.25885	0.0148092
-1.25809	0.0093677
-1.25333	0.0155359
-1.2498	0.00874669
-1.24654	0.0162654
-1.2391	0.0170054
-1.2359	0.00813306
-1.23064	0.017748
-1.22265	0.0184982
-1.21651	0.00754529
-1.2136	0.019251
-1.20448	0.0200097
-1.19469	0.0207706
-1.19438	0.00696551
-1.18408	0.0215355
-1.17376	0.0223023
-1.16831	0.00641152
-1.16244	0.0230708
-1.15211	0.0238405
-1.14082	0.00586785
-1.14078	0.0246121
-1.12884	0.0253844
-1.11755	0.0261561
-1.11276	0.00534934
-1.10528	0.0269284
-1.09379	0.0276991
-1.08154	0.0284702
-1.07647	0.00484274
-1.06957	0.0292382
-1.0579	0.0300065
-1.04571	0.0307708
-1.0343	0.0315354
-1.02999	0.00436711
-1.02219	0.0322952
-1.01052	0.0330552
-1.01052	0.0330552
-0.998779	0.0338094
-0.987061	0.0345636
-0.976949	0.00390581
-0.975871	0.0353113
-0.964487	0.0360589
-0.953815	0.0367996
-0.943088	0.0375401
-0.932842	0.0382731
-0.922795	0.039006
-0.91612	0.00347298
-0.913003	0.039731
-0.903704	0.0404558
-0.894664	0.0411723
-0.886294	0.0418887
-0.878318	0.0425965
-0.870936	0.0433041
-0.863939	0.0440029
-0.857279	0.0447016
-0.850919	0.0453912
-0.848606	0.0732043
-0.847939	0.00305901
-0.8468	0.0723754
-0.844897	0.0460808
-0.838621	0.0468912
-0.832589	0.0477015
-0.828139	0.0682353
-0.82767	0.0485143
-0.827109	0.067407
-0.823276	0.0493266
-0.819618	0.0501416
-0.815752	0.0509558
-0.811747	0.0517727
-0.807444	0.0525887
-0.803616	0.0534074
-0.80257	0.0740311
-0.80149	0.0542254
-0.799999	0.0550455
-0.799552	0.0558648
-0.798052	0.0566866
-0.796074	0.0665807
-0.794998	0.0575074
-0.794393	0.0624492
-0.792298	0.061625
-0.790481	0.0583304
-0.789153	0.0715473
-0.786843	0.0591524
-0.786234	0.0607997
-0.785504	0.0599766
-0.783297	0.0632753
-0.779304	0.0690626
-0.771788	0.0657532
-0.769658	0.00267424
-0.768569	0.0641003
-0.763213	0.0649273
-0.735528	0.0748616
-0.730232	0.0707182
-0.727624	0.0698909
-0.683636	0.00230864
-0.679188	0.075688
-0.654698	0.0765191
-0.645903	0.0773463
-0.642836	0.0781767
-0.636672	0.0790047
-0.622705	0.079834
-0.616203	0.00212956
-0.605657	0.0806604
-0.568682	0.0814909
-0.556436	0.00195389
-0.507277	0.082317
-0.492176	0.0017695
-0.447397	0.0831475
-0.417783	0.00159315
-0.402781	0.0839744
-0.364996	0.0848036
-0.348275	0.0922427
-0.348275	0.0922427
-0.34197	0.091418
-0.337546	0.0856305
-0.3371	0.00140978
-0.336254	0.0930684
-0.327914	0.0864586
-0.322478	0.0905909
-0.320534	0.0872836
-0.31416	0.0938908
-0.307252	0.0881126
-0.304587	0.0897658
-0.299099	0.0889371
-0.292904	0.0947171
-0.275943	0.0955387
-0.261141	0.0963647
-0.249448	0.00123677
-0.248125	0.0971866
-0.246182	0.101296
-0.245395	0.102114
-0.240002	0.100474
-0.237343	0.0980108
-0.235516	0.102936
-0.233884	0.0996547
-0.232052	0.098833
-0.222162	0.103754
-0.212288	0.104574
-0.211251	0.1111
-0.211241	0.110285
-0.206353	0.105392
-0.204357	0.109472
-0.204181	0.111912
-0.198717	0.106209
-0.195579	0.108655
-0.191685	0.112724
-0.191382	0.107024
-0.190239	0.107841
-0.190239	0.107841
-0.175461	0.113533
-0.157739	0.114345
-0.15725	0.00105995
-0.140354	0.115153
-0.124349	0.115964
-0.110746	0.116772
-0.0995161	0.11758
-0.0904396	0.118386
-0.0865958	0.119191
-0.0857202	0.119994
-0.0806222	0.120799
-0.070358	0.1216
-0.0585057	0.000896333
-0.0577101	0.122404
-0.0480802	0.123205
-0.0448615	0.124006
-0.0440242	0.124806
-0.0396082	0.125604
-0.0295678	0.126401
-0.016216	0.127197
-0.0034439	0.127992
0.00771319	0.128786
0.0197258	0.129579
0.0330665	0.130371
0.0423674	0.133526
0.0424791	0.139779
0.0431275	0.131162
0.0432309	0.136663
0.0433263	0.135881
0.0433374	0.134312
0.0445061	0.132739
0.0445775	0.135097
0.046349	0.131951
0.047612	0.000736003
0.0487094	0.139002
0.0499693	0.137444
0.0507939	0.140555
0.0554347	0.138223
0.0666126	0.141328
0.0812309	0.142101
0.0932451	0.142873
0.10389	0.143643
0.115345	0.144411
0.127375	0.145179
0.140344	0.145944
0.144345	0.149549
0.144641	0.149652
0.145214	0.149704
0.145465	0.149343
0.145669	0.14973
0.145904	0.149743
0.146015	0.149749
0.149504	0.148972
0.155447	0.148601
0.155837	0.146708
0.157196	0.00059126
0.161078	0.14823
0.164245	0.147469
0.269542	0.000456433
0.382816	0.000341303
0.49444	0.00024267
0.598927	0.000166752
0.695365	0.00011253
0.781541	8.24209e-05
)
