(title "Pressure Coefficient")
(labels "Pressure Coefficient" "Position")

((xy/key/label "middleplane_suctionside")
-1.27296	0.0120004
-1.27286	0.0113271
-1.27151	0.0106588
-1.27088	0.0126915
-1.26792	0.0133865
-1.26745	0.0100098
-1.26482	0.0140962
-1.26118	0.0093677
-1.26087	0.0148092
-1.2556	0.0155359
-1.25299	0.00874669
-1.24841	0.0162654
-1.24091	0.0170054
-1.23912	0.00813306
-1.23275	0.017748
-1.22407	0.0184982
-1.22001	0.00754529
-1.21569	0.019251
-1.20598	0.0200097
-1.19789	0.00696551
-1.19621	0.0207706
-1.18592	0.0215355
-1.17476	0.0223023
-1.17196	0.00641152
-1.16437	0.0230708
-1.15329	0.0238405
-1.14465	0.00586785
-1.14216	0.0246121
-1.13044	0.0253844
-1.11838	0.0261561
-1.11664	0.00534934
-1.10701	0.0269284
-1.09473	0.0276991
-1.08303	0.0284702
-1.08053	0.00484274
-1.07102	0.0292382
-1.05897	0.0300065
-1.04738	0.0307708
-1.03521	0.0315354
-1.0342	0.00436711
-1.02369	0.0322952
-1.01172	0.0330552
-1.01172	0.0330552
-1.00014	0.0338094
-0.988742	0.0345636
-0.981239	0.00390581
-0.97725	0.0353113
-0.966273	0.0360589
-0.955173	0.0367996
-0.944652	0.0375401
-0.934281	0.0382731
-0.924383	0.039006
-0.920508	0.00347298
-0.914921	0.039731
-0.905671	0.0404558
-0.896959	0.0411723
-0.888881	0.0698909
-0.888367	0.0418887
-0.880292	0.0425965
-0.878749	0.0707182
-0.872564	0.0433041
-0.865528	0.0440029
-0.858921	0.0447016
-0.853016	0.0453912
-0.852411	0.00305901
-0.847293	0.0460808
-0.841236	0.0468912
-0.835349	0.0477015
-0.82945	0.0485143
-0.824387	0.0493266
-0.823142	0.0641003
-0.820017	0.0501416
-0.816752	0.0509558
-0.81601	0.0690626
-0.814231	0.0517727
-0.814214	0.0649273
-0.811894	0.0525887
-0.807912	0.0534074
-0.803062	0.0583304
-0.802935	0.0542254
-0.802673	0.0632753
-0.800478	0.0575074
-0.798686	0.0591524
-0.798588	0.0550455
-0.795768	0.0566866
-0.794879	0.0558648
-0.792454	0.0715473
-0.788748	0.0599766
-0.782757	0.0657532
-0.777499	0.0607997
-0.776968	0.075688
-0.77538	0.0624492
-0.774192	0.00267424
-0.768108	0.061625
-0.762316	0.0748616
-0.749591	0.0765191
-0.747186	0.0665807
-0.746897	0.0682353
-0.726592	0.067407
-0.724564	0.0740311
-0.717357	0.0723754
-0.696908	0.0732043
-0.688202	0.00230864
-0.679058	0.0773463
-0.620766	0.00212956
-0.593507	0.0781767
-0.561002	0.00195389
-0.527035	0.0790047
-0.496728	0.0017695
-0.489205	0.079834
-0.475401	0.0831475
-0.474578	0.082317
-0.472801	0.0806604
-0.46969	0.0814909
-0.457853	0.0839744
-0.42393	0.0848036
-0.4223	0.00159315
-0.383893	0.0856305
-0.363771	0.0922427
-0.363771	0.0922427
-0.356777	0.0930684
-0.356062	0.091418
-0.345648	0.0864586
-0.341571	0.00140978
-0.336038	0.0938908
-0.335869	0.0905909
-0.315725	0.0872836
-0.310776	0.0897658
-0.303075	0.0947171
-0.295883	0.0881126
-0.293266	0.0889371
-0.268617	0.100474
-0.267539	0.101296
-0.266687	0.0955387
-0.258405	0.0996547
-0.255213	0.102114
-0.25384	0.00123677
-0.24223	0.098833
-0.236863	0.0963647
-0.236775	0.102936
-0.227082	0.0980108
-0.222405	0.0971866
-0.217288	0.103754
-0.198186	0.104574
-0.181029	0.105392
-0.16616	0.106209
-0.161548	0.00105995
-0.155691	0.107024
-0.153033	0.107841
-0.153033	0.107841
-0.151493	0.108655
-0.151467	0.115153
-0.150674	0.114345
-0.141659	0.113533
-0.14059	0.115964
-0.140195	0.109472
-0.127517	0.112724
-0.121304	0.116772
-0.118408	0.110285
-0.110528	0.111912
-0.103883	0.1111
-0.0988723	0.11758
-0.0766369	0.118386
-0.0626753	0.000896333
-0.0580313	0.119191
-0.0455742	0.119994
-0.040247	0.120799
-0.0390761	0.1216
-0.0367228	0.122404
-0.0312301	0.123205
-0.0239145	0.124006
-0.0210442	0.130371
-0.0201655	0.129579
-0.0175076	0.124806
-0.0173083	0.128786
-0.0172507	0.131162
-0.0139873	0.127992
-0.0131698	0.125604
-0.0113219	0.127197
-0.0109567	0.126401
-0.00853888	0.131951
0.00129258	0.132739
0.0111391	0.133526
0.0226873	0.134312
0.0370252	0.135097
0.0435753	0.000736003
0.0554142	0.135881
0.0785152	0.136663
0.102751	0.137444
0.125497	0.138223
0.142905	0.139002
0.148848	0.143643
0.150798	0.144411
0.15094	0.139779
0.153322	0.00059126
0.155706	0.140555
0.161104	0.142873
0.163115	0.145179
0.163182	0.141328
0.168898	0.142101
0.171628	0.149749
0.171937	0.149743
0.172629	0.14973
0.173768	0.149704
0.175062	0.145944
0.175575	0.149652
0.178248	0.149549
0.181665	0.149343
0.183956	0.146708
0.184921	0.148972
0.187089	0.148601
0.188312	0.14823
0.188321	0.147469
0.265867	0.000456433
0.379351	0.000341303
0.49121	0.00024267
0.595947	0.000166752
0.692589	0.00011253
0.778875	8.24209e-05
)
