(title "Pressure Coefficient")
(labels "Pressure Coefficient" "Position")

((xy/key/label "middleplane_suctionside")
-1.27009	0.0120004
-1.26992	0.0113271
-1.26838	0.0106588
-1.26811	0.0126915
-1.26536	0.0133865
-1.26432	0.0100098
-1.2621	0.0140962
-1.2585	0.0148092
-1.25781	0.0093677
-1.25319	0.0155359
-1.24956	0.00874669
-1.24611	0.0162654
-1.23891	0.0170054
-1.23556	0.00813306
-1.23047	0.017748
-1.22223	0.0184982
-1.21623	0.00754529
-1.21367	0.019251
-1.204	0.0200097
-1.1946	0.0207706
-1.19409	0.00696551
-1.18399	0.0215355
-1.17326	0.0223023
-1.168	0.00641152
-1.16271	0.0230708
-1.15159	0.0238405
-1.1408	0.0246121
-1.14055	0.00586785
-1.12878	0.0253844
-1.11706	0.0261561
-1.11244	0.00534934
-1.10565	0.0269284
-1.09331	0.0276991
-1.0818	0.0284702
-1.07616	0.00484274
-1.06958	0.0292382
-1.05766	0.0300065
-1.04608	0.0307708
-1.03389	0.0315354
-1.0297	0.00436711
-1.02251	0.0322952
-1.01046	0.0330552
-1.01046	0.0330552
-0.99889	0.0338094
-0.987455	0.0345636
-0.976631	0.00390581
-0.975842	0.0353113
-0.964944	0.0360589
-0.953825	0.0367996
-0.943391	0.0375401
-0.933137	0.0382731
-0.923166	0.039006
-0.915796	0.00347298
-0.913731	0.039731
-0.904319	0.0404558
-0.896334	0.0723754
-0.895555	0.0411723
-0.887007	0.0418887
-0.884546	0.0732043
-0.879094	0.0425965
-0.871628	0.0433041
-0.864814	0.0440029
-0.861616	0.0665807
-0.858368	0.0447016
-0.852341	0.0453912
-0.847613	0.00305901
-0.846556	0.0460808
-0.840118	0.0468912
-0.839834	0.0715473
-0.835701	0.0657532
-0.834449	0.0477015
-0.834036	0.067407
-0.829246	0.0485143
-0.825147	0.0493266
-0.821437	0.0501416
-0.817874	0.0509558
-0.814362	0.0517727
-0.810284	0.0525887
-0.807537	0.0534074
-0.804994	0.0542254
-0.803351	0.0550455
-0.802079	0.0740311
-0.801683	0.0558648
-0.801185	0.0607997
-0.800307	0.061625
-0.798801	0.0599766
-0.798385	0.0566866
-0.7971	0.0591524
-0.795874	0.0575074
-0.795159	0.0583304
-0.794217	0.0649273
-0.782764	0.0624492
-0.769327	0.00267424
-0.764663	0.0641003
-0.761512	0.0632753
-0.758516	0.0682353
-0.757039	0.0707182
-0.694242	0.0748616
-0.693607	0.0698909
-0.692941	0.0690626
-0.683303	0.00230864
-0.615867	0.00212956
-0.614801	0.075688
-0.578737	0.0765191
-0.565673	0.0790047
-0.563553	0.0773463
-0.561314	0.0781767
-0.556092	0.00195389
-0.553969	0.079834
-0.523269	0.0806604
-0.491826	0.0017695
-0.491197	0.0814909
-0.488694	0.0839744
-0.486862	0.0848036
-0.480827	0.0831475
-0.476719	0.082317
-0.461649	0.0856305
-0.417425	0.00159315
-0.413086	0.0864586
-0.364415	0.0872836
-0.336739	0.00140978
-0.320958	0.0881126
-0.2845	0.0922427
-0.2845	0.0922427
-0.282161	0.0930684
-0.278371	0.0889371
-0.273674	0.091418
-0.271682	0.0938908
-0.264038	0.101296
-0.263424	0.100474
-0.261214	0.0947171
-0.257023	0.0996547
-0.255786	0.102114
-0.2552	0.0905909
-0.252015	0.0897658
-0.251851	0.0955387
-0.24908	0.00123677
-0.248326	0.098833
-0.244264	0.0963647
-0.24214	0.0980108
-0.240965	0.0971866
-0.238709	0.102936
-0.21559	0.103754
-0.189666	0.104574
-0.181173	0.1111
-0.18025	0.111912
-0.1778	0.110285
-0.175806	0.112724
-0.168455	0.109472
-0.16714	0.113533
-0.165751	0.105392
-0.156892	0.00105995
-0.155974	0.108655
-0.154245	0.114345
-0.147346	0.106209
-0.144643	0.107841
-0.144643	0.107841
-0.139756	0.107024
-0.13837	0.115153
-0.121706	0.115964
-0.106347	0.116772
-0.0934075	0.11758
-0.0836198	0.118386
-0.0768066	0.119191
-0.0718529	0.119994
-0.0695333	0.120799
-0.0690989	0.1216
-0.0677992	0.125604
-0.0667608	0.122404
-0.0657132	0.124806
-0.062436	0.123205
-0.0612649	0.124006
-0.0582168	0.126401
-0.0581511	0.000896333
-0.0373091	0.127197
-0.0123317	0.127992
0.00827388	0.128786
0.0175948	0.131162
0.0182	0.129579
0.0183655	0.130371
0.020631	0.131951
0.0244651	0.132739
0.0274236	0.133526
0.0323774	0.134312
0.0419447	0.135097
0.0479881	0.000736003
0.0545259	0.135881
0.0651855	0.136663
0.0698799	0.137444
0.0706981	0.138223
0.0718918	0.139002
0.0746537	0.139779
0.0780738	0.140555
0.0820116	0.141328
0.0883046	0.142101
0.0979509	0.142873
0.110163	0.143643
0.124497	0.144411
0.140259	0.145179
0.154789	0.145944
0.157585	0.00059126
0.166466	0.146708
0.171424	0.149749
0.17166	0.149743
0.172005	0.14973
0.172475	0.149704
0.173034	0.149652
0.173838	0.149549
0.174151	0.147469
0.174948	0.149343
0.176242	0.148972
0.177198	0.14823
0.177244	0.148601
0.269933	0.000456433
0.383228	0.000341303
0.494851	0.00024267
0.599279	0.000166752
0.695682	0.00011253
0.78186	8.24209e-05
)
