(title "Velocity Magnitude")
(labels "Velocity Magnitude" "Position")

((xy/key/label "momentum_deficit_line_1")
0	-0.375
0	0.375
0.434887	0.374907
0.444334	-0.374907
1.30886	0.37472
1.33931	-0.37472
3.06241	0.374347
3.1395	-0.374347
6.36944	0.373601
6.48281	-0.373601
8.63176	-0.00371628
9.16763	-0.00123876
9.34143	-0.0061938
10.033	-0.00867132
10.24	0.372109
10.2987	-0.372109
10.4035	-0.0111488
10.5261	0.00123876
11.0229	-0.0136264
11.2898	0.0136264
11.2934	-0.0185814
11.2995	0.0111488
11.3029	0.0161039
11.305	0.00867132
11.32	0.0185814
11.3386	-0.0210589
11.3401	-0.0161039
11.3418	0.0210589
11.3505	0.00371628
11.3646	0.0235365
11.3695	-0.0235365
11.37	-0.026014
11.3852	0.026014
11.394	0.0061938
11.4004	-0.0284915
11.4083	0.0284915
11.4149	-0.030969
11.4264	0.030969
11.4299	-0.0334465
11.4467	0.0334465
11.4528	-0.0359241
11.4641	0.0359241
11.4651	-0.0384016
11.4829	0.0384016
11.4848	-0.0408791
11.5	0.0408791
11.5023	-0.0433566
11.5159	-0.0458341
11.5181	0.0433566
11.5345	0.0458341
11.5347	-0.0483117
11.5465	-0.0507892
11.5507	0.0483117
11.5625	-0.0532667
11.5625	-0.0532667
11.5661	0.0507892
11.5765	-0.0557442
11.58	0.0532667
11.58	0.0532667
11.586	-0.057534
11.5905	-0.0584325
11.5922	-0.058724
11.5922	-0.058724
11.5941	-0.0590227
11.5947	0.0557442
11.5955	-0.0593336
11.5974	-0.0596666
11.5993	-0.0600357
11.5993	-0.0600414
11.6018	-0.0604972
11.6041	0.057534
11.6041	0.057534
11.6051	-0.0611112
11.6081	-0.0617545
11.6085	-0.0618216
11.6086	0.0584325
11.6104	0.058724
11.612	-0.0625303
11.6121	0.0590227
11.6136	0.0593336
11.6154	0.0596666
11.6173	0.0600414
11.6175	-0.0635152
11.6175	-0.0635152
11.618	0.0601752
11.6197	0.0604972
11.6224	-0.0644091
11.623	0.0611112
11.6263	0.0618216
11.627	-0.0653151
11.6274	0.0620335
11.6298	0.0625303
11.6338	-0.0667378
11.6358	-0.0671172
11.637	0.0638394
11.64	0.0644091
11.6436	-0.0686724
11.6448	-0.0689172
11.6461	0.0656324
11.6513	0.0667378
11.6529	-0.0707216
11.6544	-0.0710604
11.6548	0.0674259
11.661	0.0686724
11.6611	-0.0725235
11.6634	-0.0730544
11.6635	0.0692188
11.6686	-0.0743285
11.6716	0.0710155
11.6718	0.0710604
11.6732	-0.075504
11.6759	-0.0761342
11.68	0.0728089
11.6811	0.0730544
11.6816	-0.0775612
11.683	-0.0779391
11.6875	0.0746066
11.6894	-0.0797479
11.6904	-0.0800749
11.691	0.075504
11.6948	0.0764039
11.6958	-0.0815548
11.6981	-0.0821993
11.6994	0.0775612
11.7018	-0.0833643
11.7018	0.0782016
11.7061	-0.0847799
11.7074	-0.0851754
11.7082	0.0800026
11.7084	0.0800749
11.713	-0.0869756
11.713	-0.0869853
11.7146	0.0818013
11.716	0.0821993
11.7183	-0.088799
11.7205	0.0836034
11.7205	-0.0896262
11.7234	-0.0906124
11.724	0.0847799
11.726	0.0854063
11.7269	-0.0918977
11.7284	-0.0924265
11.7308	0.0869756
11.7315	0.0872087
11.7332	-0.0942435
11.7341	-0.0946215
11.7366	0.0890147
11.738	-0.0960597
11.7382	0.0896262
11.7403	-0.0969734
11.7415	0.09082
11.7415	0.09082
11.7426	-0.0978778
11.7444	0.0918977
11.7463	0.0926266
11.7472	-0.0996982
11.7474	-0.099774
11.7508	0.094436
11.7513	0.0946215
11.7518	-0.101518
11.7535	-0.102211
11.7555	0.0962442
11.7563	-0.10334
11.7573	0.0969734
11.76	0.0980548
11.7605	-0.105093
11.7607	-0.105163
11.7642	0.099774
11.7644	0.0998674
11.7651	-0.106986
11.7667	-0.107621
11.769	0.101679
11.7694	-0.108812
11.7703	0.102211
11.7733	-0.110587
11.7734	-0.110639
11.7734	0.103494
11.7771	-0.112466
11.7773	0.105093
11.7778	0.105309
11.7786	-0.113212
11.7807	-0.114295
11.7822	0.107125
11.7834	0.107621
11.7842	-0.116125
11.7845	-0.116267
11.7865	0.108943
11.7874	-0.117956
11.789	-0.118995
11.79	0.110587
11.7901	-0.119788
11.7904	0.110762
11.7925	-0.121622
11.7931	-0.122144
11.794	0.112582
11.7947	-0.123457
11.7952	0.113212
11.7963	-0.124982
11.7966	-0.125292
11.7976	0.114403
11.7985	-0.127129
11.7998	-0.12823
11.8006	-0.128967
11.8009	0.116226
11.801	0.116267
11.8029	-0.130807
11.8033	-0.131184
11.8039	0.118049
11.8047	-0.132647
11.8052	0.118995
11.8063	-0.134489
11.8063	-0.134538
11.8065	0.119874
11.8079	-0.136331
11.8087	0.121701
11.809	-0.137616
11.8092	0.122144
11.8094	-0.138175
11.8108	0.123528
11.8112	-0.14002
11.8121	0.124982
11.8124	-0.141082
11.8125	0.125356
11.8131	-0.141866
11.8143	0.127186
11.8148	-0.143963
11.8155	0.12823
11.8164	0.129017
11.8185	-0.148156
11.8185	0.130849
11.8188	0.131184
11.8202	0.132682
11.8216	0.134517
11.8217	0.134538
11.823	0.136352
11.8236	-0.156543
11.824	0.137616
11.8245	0.138189
11.826	0.140027
11.8261	-0.162461
11.827	0.141082
11.8275	0.141866
11.8279	-0.166874
11.8293	0.143963
11.8307	-0.369125
11.8314	-0.177204
11.833	0.148156
11.8337	-0.187535
11.8345	0.369125
11.8352	-0.197866
11.8361	-0.208196
11.8365	-0.218527
11.8367	-0.228858
11.8368	-0.239188
11.8369	-0.249519
11.837	-0.250354
11.8373	-0.25985
11.8377	0.156543
11.8379	-0.27018
11.8388	-0.280511
11.8399	0.162461
11.8405	-0.290842
11.8415	0.166874
11.8428	-0.301173
11.8443	0.177204
11.846	0.187535
11.8461	-0.311503
11.8464	0.25985
11.8465	0.250354
11.8465	0.249519
11.8467	0.27018
11.8468	0.239188
11.847	0.197866
11.8471	0.228858
11.8473	0.208196
11.8474	0.218527
11.8474	0.280511
11.8488	0.290842
11.8509	0.301173
11.851	-0.321834
11.8539	0.311503
11.857	-0.329944
11.8587	-0.332165
11.8587	0.321834
11.8647	0.329944
11.8663	0.332165
11.8715	-0.342495
11.879	0.342495
11.9035	-0.352826
11.9109	0.352826
11.9472	-0.363157
11.9545	0.363157
)

((xy/key/label "momentum_deficit_line_2")
0	-0.375
0	0.375
0.43326	0.374901
0.440547	-0.374901
1.30743	0.374703
1.32955	-0.374703
3.06969	0.374306
3.12164	-0.374306
6.39297	0.373513
6.47708	-0.373513
10.0778	-0.00247076
10.1957	0.00247076
10.2608	0.371927
10.3206	-0.371927
11.0487	0.00741227
11.0763	-0.00741227
11.4285	0.0123538
11.5321	0.0172953
11.5417	0.0222368
11.5603	0.0271783
11.5678	-0.0271783
11.5717	-0.0321198
11.5736	-0.0222368
11.574	-0.0370613
11.578	0.0321198
11.5836	-0.0420029
11.5909	0.0370613
11.5909	0.0370613
11.5919	-0.0469444
11.6029	0.0420029
11.604	-0.0518859
11.6138	-0.0568274
11.6151	0.0469444
11.6234	-0.0617689
11.6272	0.0518859
11.6356	-0.0667104
11.6368	0.0568274
11.6377	-0.0172953
11.6464	-0.0716519
11.6464	-0.0716519
11.6475	0.0617689
11.6548	-0.0123538
11.6569	0.0667104
11.6585	-0.0765934
11.6675	-0.081535
11.6685	0.0716519
11.6769	-0.0864765
11.6788	0.0765934
11.685	-0.091418
11.6884	0.081535
11.6934	-0.0963595
11.6966	0.0864765
11.7024	-0.101301
11.7041	0.091418
11.7113	-0.106243
11.7118	0.0963595
11.7198	0.101301
11.7209	-0.111184
11.727	-0.11475
11.7289	0.106243
11.7295	-0.116534
11.7305	-0.117107
11.7314	-0.117686
11.7318	-0.118055
11.7321	-0.11827
11.7328	-0.118861
11.7334	-0.119459
11.7339	-0.119868
11.7341	-0.120068
11.7347	-0.120692
11.7351	-0.121323
11.7354	-0.121681
11.7356	-0.121953
11.7375	-0.123501
11.7375	0.111184
11.7386	-0.12431
11.7397	-0.125323
11.7416	-0.127145
11.7435	0.11475
11.744	-0.129374
11.7457	0.116534
11.7466	0.117107
11.7474	0.117686
11.7478	0.118066
11.7481	0.11827
11.7485	-0.133832
11.7487	0.118861
11.7492	0.119459
11.7497	0.119887
11.7498	0.120068
11.7504	0.120692
11.7507	0.121323
11.751	0.121703
11.7512	0.121953
11.7529	0.123516
11.7539	0.12431
11.7549	0.12533
11.7566	0.127145
11.7579	-0.142749
11.7588	0.129374
11.7628	0.133832
11.7678	-0.153732
11.7715	0.142749
11.7759	-0.164715
11.7807	-0.172233
11.7807	0.153732
11.7828	-0.175698
11.7881	0.164715
11.7886	-0.186681
11.7923	0.172233
11.7935	-0.197664
11.7943	0.175698
11.7975	-0.208647
11.798	-0.210165
11.7994	0.186681
11.801	-0.21963
11.8037	0.197664
11.8039	-0.230613
11.8043	-0.231957
11.8067	-0.241596
11.8072	0.208647
11.8076	0.210165
11.8092	-0.252579
11.8102	0.21963
11.811	-0.260024
11.8118	-0.263562
11.8127	0.230613
11.8127	0.230613
11.813	0.231957
11.8144	-0.274545
11.8151	0.241596
11.8172	0.252579
11.8175	-0.285528
11.8187	0.260024
11.8195	0.263562
11.8211	-0.296511
11.8214	-0.297504
11.8218	0.274545
11.8247	0.285528
11.8254	-0.307494
11.8273	-0.368754
11.828	0.296511
11.8284	0.297504
11.8297	0.368754
11.831	-0.318477
11.8321	0.307494
11.8376	0.318477
11.8391	-0.32946
11.8456	0.32946
11.8515	-0.340443
11.8579	0.340443
11.8792	-0.350042
11.8832	-0.351426
11.8855	0.350042
11.8895	0.351426
11.929	-0.362409
11.9353	0.362409
)

((xy/key/label "momentum_deficit_line_3")
0	-0.375
0	0.375
0.409449	0.3749
0.41584	-0.3749
1.23583	0.3747
1.25492	-0.3747
2.91013	0.3743
2.95444	-0.3743
6.1625	0.3735
6.23906	-0.3735
10.1018	0.3719
10.1624	-0.3719
10.3967	-0.00265028
10.3969	0.00265028
10.9887	0.00795085
11.1212	-0.00795085
11.5102	0.0132514
11.5957	-0.0132514
11.6194	-0.018552
11.6273	-0.0238525
11.6344	-0.0291531
11.6411	-0.0344537
11.6461	-0.0397542
11.65	-0.0450548
11.6572	-0.0503554
11.661	-0.0556559
11.6667	-0.0609565
11.6708	-0.0662571
11.6778	-0.0715576
11.684	-0.0768582
11.6852	0.0397542
11.6852	0.0450548
11.686	0.0503554
11.6885	-0.0821588
11.6889	0.0556559
11.6895	0.0344537
11.6904	0.0609565
11.6925	0.0291531
11.6931	-0.0874593
11.6931	-0.0874593
11.6936	0.0662571
11.6966	-0.0927599
11.698	0.0715576
11.7021	-0.0980605
11.7026	0.0768582
11.707	-0.103361
11.707	0.0821588
11.7094	0.0238525
11.7094	0.0238525
11.7096	0.0874593
11.7132	0.0927599
11.7138	-0.108662
11.7165	0.0980605
11.7195	-0.113962
11.7205	0.018552
11.7219	0.103361
11.7242	-0.119263
11.7264	-0.123088
11.7275	-0.125
11.7276	0.108662
11.7293	-0.127248
11.7321	-0.131745
11.7333	0.113962
11.7373	0.119263
11.7388	0.123088
11.7389	-0.140739
11.7402	0.125
11.7413	0.127248
11.7437	0.131745
11.7464	-0.151817
11.7498	0.140739
11.7531	-0.162895
11.7567	0.151817
11.759	-0.173973
11.7627	0.162895
11.7646	-0.185051
11.7681	0.173973
11.7695	-0.196129
11.773	0.185051
11.7739	-0.207207
11.7774	0.196129
11.7779	-0.218285
11.7815	0.207207
11.7816	-0.229363
11.785	-0.240441
11.785	0.218285
11.7856	-0.3687
11.7869	0.3687
11.7883	-0.251519
11.7884	0.229363
11.7915	0.240441
11.7917	-0.262597
11.7945	0.251519
11.7951	-0.273676
11.7975	0.262597
11.7989	-0.284754
11.8008	0.273676
11.8031	-0.295832
11.8044	0.284754
11.808	-0.30691
11.8085	0.295832
11.8132	0.30691
11.8143	-0.317988
11.8193	0.317988
11.8228	-0.329066
11.8278	0.329066
11.8356	-0.340144
11.8405	0.340144
11.8677	-0.351222
11.8727	0.351222
11.9119	-0.3623
11.9169	0.3623
)

((xy/key/label "momentum_deficit_line_4")
0	-0.375
0	0.375
0.392738	0.3749
0.403974	-0.3749
1.18509	0.3747
1.22306	-0.3747
2.79393	0.3743
2.88981	-0.3743
5.96595	0.3735
6.10625	-0.3735
9.92635	0.3719
10.0064	-0.3719
10.6143	0.00265028
10.8099	-0.00265028
11.0531	0.00795085
11.3684	-0.00795085
11.5625	0.0132514
11.6739	-0.0238525
11.6775	-0.0132514
11.6829	-0.0291531
11.6831	-0.018552
11.6874	-0.0344537
11.6921	-0.0397542
11.6927	0.0238525
11.6927	0.0238525
11.6945	0.018552
11.6962	-0.0450548
11.6984	-0.0503554
11.7006	0.0344537
11.7019	-0.0556559
11.7022	-0.0609565
11.7032	0.0397542
11.7033	0.0291531
11.7047	-0.0662571
11.706	0.0450548
11.7073	0.0503554
11.7081	-0.0715576
11.7102	0.0556559
11.7107	0.0609565
11.7109	-0.0768582
11.7128	0.0662571
11.7133	-0.0821588
11.714	-0.0874593
11.7155	0.0715576
11.7155	-0.0927599
11.7176	-0.0980605
11.7187	0.0768582
11.7205	0.0821588
11.7206	-0.103361
11.7218	0.0874593
11.7229	0.0927599
11.7244	0.0980605
11.7246	-0.108662
11.7246	-0.108662
11.7279	0.103361
11.7283	-0.113962
11.7306	-0.119263
11.7312	-0.123088
11.7318	0.108662
11.7318	-0.125
11.7327	-0.127248
11.7341	-0.131745
11.7356	0.113962
11.7376	0.119263
11.738	0.123088
11.7381	-0.140739
11.7387	0.125
11.7392	0.127248
11.7396	0.3687
11.7405	0.131745
11.7426	-0.151817
11.7443	0.140739
11.7446	-0.3687
11.7468	-0.162895
11.7487	0.151817
11.7508	-0.173973
11.7528	0.162895
11.7548	-0.185051
11.7565	0.173973
11.7585	-0.196129
11.7602	0.185051
11.762	-0.207207
11.7636	0.196129
11.7654	-0.218285
11.7669	0.207207
11.7686	-0.229363
11.77	0.218285
11.7717	-0.240441
11.7729	0.229363
11.7748	-0.251519
11.7759	0.240441
11.7781	-0.262597
11.7788	0.251519
11.7815	-0.273676
11.7819	0.262597
11.7851	0.273676
11.7853	-0.284754
11.7888	0.284754
11.7896	-0.295832
11.793	0.295832
11.7946	-0.30691
11.7979	0.30691
11.8009	-0.317988
11.8042	0.317988
11.8096	-0.329066
11.8129	0.329066
11.8225	-0.340144
11.8258	0.340144
11.8547	-0.351222
11.8583	0.351222
11.8972	-0.3623
11.9011	0.3623
)

((xy/key/label "momentum_deficit_line_5")
0	-0.375
0	0.375
0.38275	0.3749
0.395676	-0.3749
1.15398	0.3747
1.19189	-0.3747
2.71614	0.3743
2.77904	-0.3743
5.81034	0.3735
5.8764	-0.3735
9.76468	0.3719
9.81234	-0.3719
10.2646	-0.00265028
10.6138	-0.00795085
10.6139	0.00265028
11.1288	0.00795085
11.4273	-0.0132514
11.5796	0.0132514
11.6925	0.018552
11.6927	0.0238525
11.6927	0.0238525
11.6947	0.3687
11.7004	-0.3687
11.7041	0.0291531
11.7069	0.0344537
11.712	0.0397542
11.7147	0.0450548
11.7172	0.0503554
11.7204	0.0556559
11.7209	0.0609565
11.723	0.0662571
11.7259	0.0715576
11.7279	0.0768582
11.7284	-0.0609565
11.7289	-0.0662571
11.7295	-0.0503554
11.7298	0.0821588
11.7299	0.0874593
11.73	-0.0556559
11.7304	-0.0715576
11.7306	0.0927599
11.7312	-0.0874593
11.7313	-0.0927599
11.7316	-0.0768582
11.7316	0.0980605
11.7316	-0.0980605
11.7317	-0.0450548
11.732	-0.0821588
11.7333	-0.0397542
11.7337	-0.103361
11.7338	0.103361
11.736	-0.108662
11.736	-0.108662
11.737	-0.0344537
11.737	0.108662
11.7386	-0.113962
11.7392	-0.123088
11.7395	-0.125
11.7395	-0.119263
11.7396	0.113962
11.7397	-0.127248
11.7402	-0.131745
11.7404	-0.018552
11.7407	0.123088
11.7409	0.125
11.7409	0.119263
11.7412	0.127248
11.7417	0.131745
11.7424	-0.140739
11.743	-0.0291531
11.7441	0.140739
11.7448	-0.151817
11.7469	0.151817
11.7471	-0.162895
11.7475	-0.0238525
11.7495	0.162895
11.7495	-0.173973
11.7518	0.173973
11.752	-0.185051
11.7543	0.185051
11.7544	-0.196129
11.7567	0.196129
11.7568	-0.207207
11.759	0.207207
11.7592	-0.218285
11.7613	0.218285
11.7616	-0.229363
11.7636	0.229363
11.7642	-0.240441
11.766	0.240441
11.7668	-0.251519
11.7685	0.251519
11.7696	-0.262597
11.7712	0.262597
11.7726	-0.273676
11.7741	0.273676
11.7761	-0.284754
11.7775	0.284754
11.7802	-0.295832
11.7814	0.295832
11.785	-0.30691
11.7861	0.30691
11.7911	-0.317988
11.7921	0.317988
11.7997	-0.329066
11.8005	0.329066
11.8125	-0.340144
11.8132	0.340144
11.8449	-0.351222
11.8454	0.351222
11.8859	0.3623
11.8864	-0.3623
)

((xy/key/label "momentum_deficit_line_6")
0	-0.375
0	0.375
0.378249	-0.3749
0.380908	0.3749
1.13248	-0.3747
1.14759	0.3747
2.63475	-0.3743
2.69126	0.3743
5.64849	-0.3735
5.71234	0.3735
9.619	0.3719
9.633	-0.3719
10.5659	0.00265028
10.5879	-0.00265028
10.6916	0.00795085
10.6916	0.00795085
10.7898	-0.00795085
11.0677	0.0132514
11.2616	-0.0132514
11.5596	0.018552
11.654	0.3687
11.6619	-0.3687
11.6854	-0.018552
11.7286	0.0238525
11.7321	0.0397542
11.7335	0.0450548
11.7341	0.0503554
11.7344	0.0344537
11.7353	0.0291531
11.7354	0.0556559
11.7357	0.0662571
11.736	0.0609565
11.738	-0.0238525
11.738	0.0715576
11.7389	0.0927599
11.7391	-0.0291531
11.7391	0.0768582
11.7394	0.0980605
11.7395	0.0874593
11.7397	0.0821588
11.7399	-0.0397542
11.7404	-0.0609565
11.7404	-0.0450548
11.7405	-0.0344537
11.7406	-0.0662571
11.7407	-0.0503554
11.7407	0.103361
11.7413	-0.0927599
11.7413	-0.0556559
11.7413	-0.0980605
11.7419	-0.0874593
11.7421	-0.0715576
11.7425	-0.103361
11.7429	-0.0821588
11.7431	-0.0768582
11.7433	0.108662
11.7444	-0.108662
11.7444	-0.108662
11.7449	0.131745
11.7449	0.127248
11.745	0.123088
11.745	0.125
11.7453	0.113962
11.7457	0.119263
11.7457	-0.131745
11.7457	-0.127248
11.7458	-0.125
11.7458	-0.123088
11.7462	-0.113962
11.7463	0.140739
11.7465	-0.119263
11.7469	-0.140739
11.7478	0.151817
11.748	-0.151817
11.7491	-0.162895
11.7493	0.162895
11.7503	-0.173973
11.7506	0.173973
11.7519	-0.185051
11.752	0.185051
11.7534	-0.196129
11.7535	0.196129
11.7549	-0.207207
11.7551	0.207207
11.7565	-0.218285
11.7566	0.218285
11.7582	-0.229363
11.7583	0.229363
11.7601	-0.240441
11.7601	0.240441
11.7621	0.251519
11.7621	-0.251519
11.7644	0.262597
11.7644	-0.262597
11.7669	0.273676
11.767	-0.273676
11.77	0.284754
11.7702	-0.284754
11.7736	0.295832
11.774	-0.295832
11.7779	0.30691
11.7785	-0.30691
11.7837	0.317988
11.7844	-0.317988
11.7917	0.329066
11.7927	-0.329066
11.804	0.340144
11.8053	-0.340144
11.8358	0.351222
11.8375	-0.351222
11.876	0.3623
11.8777	-0.3623
)

((xy/key/label "momentum_deficit_line_7")
0	-0.375
0	0.375
0.366112	-0.3749
0.390633	0.3749
1.10039	-0.3747
1.18176	0.3747
2.59182	-0.3743
2.7588	0.3743
5.56884	-0.3735
5.7251	0.3735
9.50048	-0.3719
9.52726	0.3719
10.5981	0.00265028
10.7643	-0.00265028
11.0715	0.00795085
11.0715	0.00795085
11.1934	-0.00795085
11.5164	-0.0132514
11.5982	0.0132514
11.6264	-0.3687
11.6287	0.3687
11.7097	-0.018552
11.7467	0.0980605
11.7469	-0.0609565
11.747	-0.0980605
11.7472	-0.0927599
11.7474	0.0927599
11.7474	-0.0662571
11.7477	-0.0874593
11.7478	0.103361
11.748	-0.103361
11.7483	-0.0503554
11.7484	0.0874593
11.7486	-0.0556559
11.7487	0.131745
11.7488	-0.0715576
11.749	0.127248
11.749	-0.0450548
11.7491	0.018552
11.7492	-0.0397542
11.7492	0.140739
11.7493	-0.0821588
11.7493	-0.0768582
11.7494	0.125
11.7494	0.108662
11.7495	0.123088
11.7496	-0.108662
11.7497	-0.131745
11.7498	0.0662571
11.7498	-0.0291531
11.7498	0.151817
11.7499	0.0821588
11.75	-0.127248
11.7501	0.0715576
11.7502	-0.125
11.7502	0.0768582
11.7502	-0.123088
11.7503	0.162895
11.7503	-0.140739
11.7505	0.0609565
11.7505	0.119263
11.7506	-0.0238525
11.7508	0.173973
11.7509	-0.151817
11.7509	0.113962
11.7511	-0.113962
11.7511	-0.113962
11.7511	-0.119263
11.7513	-0.0344537
11.7513	-0.162895
11.7515	0.185051
11.7519	-0.173973
11.7523	0.196129
11.7525	0.0556559
11.7528	-0.185051
11.7529	0.0503554
11.7532	0.207207
11.7536	-0.196129
11.7542	0.218285
11.7543	0.0450548
11.7545	-0.207207
11.7554	0.229363
11.7556	-0.218285
11.756	0.0397542
11.7568	0.240441
11.7568	-0.229363
11.7582	-0.240441
11.7584	0.251519
11.7587	0.0344537
11.7597	-0.251519
11.7603	0.262597
11.7617	-0.262597
11.7626	0.273676
11.7628	0.0238525
11.7632	0.0291531
11.764	-0.273676
11.7655	0.284754
11.7668	-0.284754
11.769	0.295832
11.7701	-0.295832
11.7734	0.30691
11.7743	-0.30691
11.7795	0.317988
11.78	-0.317988
11.7881	0.329066
11.7882	-0.329066
11.8007	-0.340144
11.8013	0.340144
11.8328	-0.351222
11.8344	0.351222
11.8712	-0.3623
11.8722	0.3623
)

((xy/key/label "momentum_deficit_line_8")
0	-0.375
0	0.375
0.371708	-0.3749
0.389768	0.3749
1.11786	-0.3747
1.15961	0.3747
2.61516	-0.3743
2.62958	0.3743
5.48812	0.3735
5.52742	-0.3735
9.38876	-0.3719
9.39866	0.3719
10.7196	-0.00265028
10.8364	0.00265028
10.8364	0.00265028
10.8677	-0.00795085
11.2389	0.00795085
11.3663	-0.0132514
11.5921	0.3687
11.5958	-0.3687
11.6739	0.0132514
11.7004	-0.018552
11.7412	-0.0238525
11.7451	-0.0344537
11.7459	-0.0291531
11.7461	-0.0397542
11.7472	-0.0450548
11.7478	-0.0503554
11.7486	-0.0609565
11.7491	0.0238525
11.7496	-0.0556559
11.7499	-0.0662571
11.7504	0.0980605
11.7506	-0.0980605
11.751	-0.0927599
11.751	0.131745
11.7511	0.0927599
11.7512	-0.0874593
11.7512	0.140739
11.7513	0.103361
11.7514	0.173973
11.7514	0.151817
11.7514	0.162895
11.7514	-0.0715576
11.7515	0.127248
11.7516	0.185051
11.7519	0.125
11.752	0.196129
11.752	-0.103361
11.752	0.0397542
11.7522	0.123088
11.7522	0.0874593
11.7524	0.0344537
11.7525	0.207207
11.7525	-0.0768582
11.7525	0.0662571
11.7525	-0.0821588
11.7528	0.108662
11.7528	0.0609565
11.753	-0.131745
11.753	-0.131745
11.753	0.218285
11.7531	0.0450548
11.7532	0.0503554
11.7533	-0.108662
11.7533	0.0715576
11.7533	-0.127248
11.7533	-0.140739
11.7534	0.119263
11.7535	-0.162895
11.7535	0.0291531
11.7535	0.0821588
11.7535	-0.151817
11.7536	-0.173973
11.7536	-0.123088
11.7536	-0.125
11.7538	0.0768582
11.7538	0.0556559
11.7538	0.229363
11.7541	-0.185051
11.7541	0.113962
11.7545	-0.196129
11.7546	-0.119263
11.7549	0.240441
11.7549	-0.113962
11.755	-0.207207
11.7557	-0.218285
11.7561	0.251519
11.7565	-0.229363
11.7575	-0.240441
11.7577	0.262597
11.758	0.018552
11.7587	-0.251519
11.7597	0.273676
11.7604	-0.262597
11.7622	0.284754
11.7623	-0.273676
11.7649	-0.284754
11.7655	0.295832
11.7681	-0.295832
11.7695	0.30691
11.772	-0.30691
11.7751	0.317988
11.7776	-0.317988
11.7831	0.329066
11.7856	-0.329066
11.7957	0.340144
11.7981	-0.340144
11.8283	0.351222
11.8302	-0.351222
11.8656	0.3623
11.867	-0.3623
)

((xy/key/label "momentum_deficit_line_9")
0	-0.375
0	0.375
0.366204	-0.3749
0.372667	0.3749
1.09877	-0.3747
1.11031	0.3747
2.55617	-0.3743
2.58437	0.3743
5.40154	-0.3735
5.48256	0.3735
9.2642	-0.3719
9.34879	0.3719
10.7967	0.00265028
10.8052	-0.00265028
11.0267	-0.00795085
11.0267	-0.00795085
11.135	0.00795085
11.4686	-0.0132514
11.5628	-0.3687
11.5673	0.3687
11.6244	0.0132514
11.7292	-0.018552
11.7519	0.173973
11.7519	0.185051
11.752	0.196129
11.7521	0.162895
11.7522	0.0980605
11.7522	0.207207
11.7523	0.131745
11.7523	0.151817
11.7524	0.140739
11.7526	0.0927599
11.7526	0.218285
11.7529	0.127248
11.7529	0.103361
11.7531	0.229363
11.7531	0.125
11.7535	0.123088
11.7539	0.240441
11.754	0.0874593
11.7543	0.108662
11.7547	0.0662571
11.7548	0.119263
11.7549	0.251519
11.7551	0.0821588
11.7551	0.0715576
11.7552	0.0609565
11.7556	-0.173973
11.7557	0.113962
11.7557	-0.185051
11.7558	0.0768582
11.7558	-0.196129
11.7559	-0.162895
11.7559	-0.162895
11.756	-0.0980605
11.7561	-0.207207
11.7562	0.262597
11.7563	-0.151817
11.7564	-0.218285
11.7565	-0.131745
11.7566	0.0556559
11.7566	-0.140739
11.7566	-0.0927599
11.7569	-0.103361
11.757	-0.229363
11.757	0.0503554
11.7571	-0.127248
11.7573	-0.0874593
11.7575	-0.125
11.7575	-0.123088
11.7576	0.0450548
11.7576	-0.0609565
11.7577	-0.240441
11.7578	-0.0662571
11.7579	-0.0397542
11.7579	0.273676
11.758	-0.0503554
11.758	-0.108662
11.7584	-0.0344537
11.7586	-0.0450548
11.7587	-0.251519
11.7587	-0.119263
11.7588	-0.0238525
11.7588	0.0397542
11.759	-0.0715576
11.759	-0.0821588
11.7591	-0.0556559
11.7593	-0.113962
11.7594	-0.0768582
11.7596	-0.0291531
11.7596	0.0238525
11.7596	0.0344537
11.76	-0.262597
11.7603	0.284754
11.7617	-0.273676
11.7623	0.0291531
11.7633	0.295832
11.7641	-0.284754
11.7659	0.018552
11.7671	-0.295832
11.7672	0.30691
11.771	-0.30691
11.7725	0.317988
11.7763	-0.317988
11.7804	0.329066
11.7843	-0.329066
11.7928	0.340144
11.7967	-0.340144
11.825	0.351222
11.8287	-0.351222
11.8608	0.3623
11.8635	-0.3623
)

((xy/key/label "momentum_deficit_line_10")
0	-0.375
0	0.375
0.359237	-0.3749
0.381609	0.3749
1.07853	-0.3747
1.14929	0.3747
2.51535	-0.3743
2.70983	0.3743
5.32507	-0.3735
5.60419	0.3735
9.17226	-0.3719
9.28811	0.3719
10.7821	-0.00265028
10.8897	0.00265028
11.2931	-0.00795085
11.3848	0.00795085
11.5328	-0.3687
11.5452	0.3687
11.6549	0.0132514
11.6753	-0.0132514
11.6753	-0.0132514
11.7423	0.0238525
11.7458	0.018552
11.7474	0.0344537
11.7477	0.0291531
11.7488	0.0397542
11.7504	0.0450548
11.7517	0.0503554
11.7521	0.0609565
11.7524	0.196129
11.7525	0.185051
11.7525	0.207207
11.7526	0.173973
11.7526	0.218285
11.7527	0.0556559
11.7527	0.0980605
11.7528	0.0662571
11.753	0.0927599
11.753	0.229363
11.753	0.162895
11.7533	0.151817
11.7533	0.131745
11.7534	0.140739
11.7536	0.240441
11.7536	0.0715576
11.7537	0.103361
11.7539	0.127248
11.754	0.0874593
11.7542	0.125
11.7544	0.251519
11.7545	0.123088
11.7549	0.0821588
11.755	0.0768582
11.7551	0.108662
11.7556	0.262597
11.7558	0.119263
11.7567	0.113962
11.7572	0.273676
11.7573	-0.207207
11.7573	-0.196129
11.7574	-0.218285
11.7575	-0.185051
11.7575	-0.185051
11.7577	-0.173973
11.7578	-0.229363
11.7583	-0.162895
11.7584	-0.240441
11.7591	-0.151817
11.7591	-0.251519
11.7595	0.284754
11.7596	-0.140739
11.7599	-0.131745
11.7603	-0.262597
11.7606	-0.127248
11.7609	-0.125
11.7609	-0.0980605
11.7611	-0.123088
11.7612	-0.103361
11.7615	-0.0927599
11.7619	-0.273676
11.7624	-0.108662
11.7624	0.295832
11.7625	-0.119263
11.7627	-0.0874593
11.7632	-0.113962
11.7641	-0.284754
11.7644	-0.0821588
11.7645	-0.0662571
11.7646	-0.018552
11.7648	-0.0609565
11.7652	-0.0715576
11.7653	-0.0768582
11.7662	0.30691
11.7665	-0.0503554
11.7666	-0.0556559
11.767	-0.295832
11.7671	-0.0450548
11.7672	-0.0397542
11.7673	-0.0238525
11.7681	-0.0344537
11.77	-0.0291531
11.7708	-0.30691
11.7716	0.317988
11.7761	-0.317988
11.7795	0.329066
11.7839	-0.329066
11.7922	0.340144
11.7963	-0.340144
11.8247	0.351222
11.8284	-0.351222
11.8588	0.3623
11.8611	-0.3623
)

((xy/key/label "momentum_deficit_line_11")
0	-0.375
0	0.375
0.35035	-0.3749
0.391332	0.3749
1.05255	-0.3747
1.16955	0.3747
2.46218	-0.3743
2.68433	0.3743
5.22623	-0.3735
5.44065	0.3735
9.05591	-0.3719
9.10303	0.3719
10.5333	0.00265028
10.9031	-0.00265028
10.9957	0.00795085
11.493	-0.00795085
11.495	-0.3687
11.4984	0.3687
11.5868	0.0132514
11.7279	-0.0132514
11.7279	-0.0132514
11.7532	0.207207
11.7532	0.196129
11.7532	0.218285
11.7534	0.229363
11.7535	0.185051
11.7538	0.173973
11.7539	0.240441
11.7543	0.162895
11.7547	0.251519
11.7548	0.151817
11.755	0.140739
11.7551	0.018552
11.7551	0.131745
11.7555	0.0980605
11.7558	0.127248
11.7558	0.262597
11.756	0.0927599
11.7561	0.125
11.7562	0.103361
11.7564	0.123088
11.7573	0.273676
11.7573	0.0874593
11.7576	0.108662
11.7579	0.0344537
11.7579	0.119263
11.7579	0.0662571
11.758	0.0609565
11.7582	0.0238525
11.7584	0.0715576
11.7585	-0.218285
11.7586	-0.207207
11.7587	0.0821588
11.7587	-0.229363
11.7587	0.0450548
11.7588	-0.196129
11.7589	0.113962
11.759	0.0503554
11.7591	0.0768582
11.7591	-0.185051
11.7591	-0.185051
11.7591	-0.240441
11.7595	0.0556559
11.7595	0.284754
11.7595	-0.173973
11.7599	-0.251519
11.76	0.0397542
11.7603	-0.162895
11.7603	0.0291531
11.761	-0.262597
11.7611	-0.151817
11.7619	-0.140739
11.7622	-0.131745
11.7624	0.295832
11.7624	-0.273676
11.763	-0.127248
11.7634	-0.125
11.7635	-0.123088
11.7637	-0.0980605
11.7643	-0.103361
11.7644	-0.0927599
11.7645	-0.284754
11.765	-0.119263
11.765	-0.108662
11.7657	-0.0874593
11.766	0.30691
11.766	-0.113962
11.7674	-0.295832
11.7674	-0.0821588
11.7674	-0.0609565
11.7676	-0.0662571
11.7681	-0.0715576
11.7685	-0.0768582
11.769	-0.0556559
11.7693	-0.0450548
11.7696	-0.0503554
11.7704	-0.0397542
11.771	-0.0344537
11.7711	-0.30691
11.7712	0.317988
11.772	-0.0238525
11.7731	-0.0291531
11.7763	-0.317988
11.7775	-0.018552
11.7787	0.329066
11.7841	-0.329066
11.7905	0.340144
11.7966	-0.340144
11.8212	0.351222
11.8288	-0.351222
11.852	0.3623
11.8595	-0.3623
)

((xy/key/label "momentum_deficit_line_12")
0	-0.375
0	0.375
0.34378	-0.3749
0.367244	0.3749
1.03187	-0.3747
1.10479	0.3747
2.4084	-0.3743
2.54134	0.3743
5.09172	-0.3735
5.22367	0.3735
8.89247	-0.3719
8.9542	0.3719
10.672	0.00265028
10.898	-0.00265028
11.1962	0.00795085
11.4635	-0.3687
11.4669	0.3687
11.4975	-0.00795085
11.4975	-0.00795085
11.6821	0.0132514
11.7542	0.218285
11.7543	0.207207
11.7543	0.229363
11.7545	0.196129
11.7547	0.240441
11.7549	0.185051
11.7553	0.173973
11.7554	0.251519
11.756	0.162895
11.7564	0.262597
11.7566	0.151817
11.757	0.140739
11.7573	0.131745
11.7579	0.273676
11.758	0.127248
11.7583	0.125
11.7584	0.0980605
11.7585	0.123088
11.7589	0.103361
11.7589	0.0927599
11.7595	-0.218285
11.7596	-0.207207
11.7596	-0.229363
11.7599	-0.196129
11.7599	-0.196129
11.7599	-0.0132514
11.76	-0.240441
11.7601	0.284754
11.7602	0.119263
11.7602	0.108662
11.7604	-0.185051
11.7604	0.0874593
11.7607	-0.251519
11.7608	-0.173973
11.7614	0.113962
11.7614	0.0662571
11.7616	-0.162895
11.7617	-0.262597
11.7618	0.0821588
11.7619	0.0715576
11.7621	0.0609565
11.7623	0.0768582
11.7625	-0.151817
11.7629	0.295832
11.7631	-0.273676
11.7633	-0.140739
11.7635	0.0556559
11.7637	-0.131745
11.764	0.0503554
11.7645	-0.127248
11.7645	0.0450548
11.7648	-0.125
11.765	-0.123088
11.7651	-0.284754
11.7653	-0.0980605
11.7659	-0.103361
11.7662	-0.0927599
11.7664	-0.119263
11.7664	0.0397542
11.7667	0.30691
11.7667	-0.108662
11.7673	-0.0874593
11.7677	-0.113962
11.7679	-0.295832
11.7685	-0.018552
11.7686	0.0344537
11.7691	-0.0821588
11.7694	-0.0662571
11.7696	-0.0609565
11.7699	-0.0715576
11.77	-0.0238525
11.7701	-0.0768582
11.7706	-0.0344537
11.7708	-0.0503554
11.7715	-0.0556559
11.7716	-0.30691
11.7719	-0.0450548
11.772	-0.0397542
11.772	0.317988
11.7724	0.0291531
11.7727	0.018552
11.7745	0.0238525
11.7752	-0.0291531
11.7768	-0.317988
11.7801	0.329066
11.7845	-0.329066
11.7928	0.340144
11.7971	-0.340144
11.8245	0.351222
11.8294	-0.351222
11.8512	0.3623
11.8577	-0.3623
)

((xy/key/label "momentum_deficit_line_13")
0	-0.375
0	0.375
0.32458	0.3749
0.338872	-0.3749
0.971966	0.3747
1.01655	-0.3747
2.2527	0.3743
2.36855	-0.3743
4.88144	0.3735
4.9985	-0.3735
8.77876	-0.3719
8.80718	0.3719
10.9797	0.00265028
11.2913	-0.00265028
11.3439	0.00795085
11.4284	-0.3687
11.4339	0.3687
11.6609	-0.00795085
11.6609	-0.00795085
11.732	0.0132514
11.7465	0.0238525
11.749	0.018552
11.7505	0.0291531
11.7538	-0.0132514
11.7538	0.0344537
11.7554	0.218285
11.7554	0.229363
11.7556	0.207207
11.7557	0.240441
11.7559	0.196129
11.7563	0.251519
11.7564	0.185051
11.757	0.173973
11.7572	0.262597
11.7578	0.162895
11.7579	0.0397542
11.7586	0.273676
11.7586	0.151817
11.7592	0.140739
11.7596	0.131745
11.7597	0.0450548
11.7604	0.127248
11.7604	-0.218285
11.7605	-0.207207
11.7605	-0.229363
11.7607	0.284754
11.7608	-0.196129
11.7608	-0.196129
11.7608	-0.240441
11.7608	0.125
11.761	0.0980605
11.7611	0.123088
11.7612	-0.185051
11.7614	-0.251519
11.7616	0.103361
11.7616	0.0927599
11.7617	-0.173973
11.7619	0.0503554
11.7624	-0.162895
11.7624	-0.262597
11.7627	0.119263
11.7628	0.0609565
11.7628	0.0662571
11.7629	0.108662
11.7629	0.0874593
11.7631	0.0556559
11.7633	-0.151817
11.7635	0.295832
11.7638	-0.273676
11.7638	0.0715576
11.7639	0.113962
11.764	-0.140739
11.7642	0.0821588
11.7643	-0.131745
11.7645	0.0768582
11.765	-0.127248
11.7653	-0.125
11.7654	-0.0980605
11.7655	-0.123088
11.7658	-0.284754
11.7661	-0.103361
11.7661	-0.0927599
11.7669	-0.119263
11.767	-0.108662
11.767	0.30691
11.7671	-0.0874593
11.768	-0.113962
11.7686	-0.295832
11.7688	-0.0662571
11.7688	-0.0821588
11.769	-0.0609565
11.7695	-0.0715576
11.7698	-0.0768582
11.7707	-0.0503554
11.7707	-0.0556559
11.7713	-0.0450548
11.7722	0.317988
11.7722	-0.30691
11.7727	-0.0397542
11.7729	-0.0344537
11.7774	-0.317988
11.7779	-0.0291531
11.7786	-0.0238525
11.78	0.329066
11.7812	-0.018552
11.7852	-0.329066
11.7926	0.340144
11.7977	-0.340144
11.825	0.351222
11.8299	-0.351222
11.8514	0.3623
11.8558	-0.3623
)

((xy/key/label "momentum_deficit_line_14")
0	-0.375
0	0.375
0.314286	0.3749
0.337118	-0.3749
0.939706	0.3747
1.00985	-0.3747
2.19044	0.3743
2.34599	-0.3743
4.8231	0.3735
4.91309	-0.3735
8.6464	-0.3719
8.78164	0.3719
11.0739	-0.00265028
11.1964	-0.00795085
11.1964	-0.00795085
11.2817	0.00265028
11.3904	-0.3687
11.409	0.3687
11.4387	-0.0132514
11.6628	0.00795085
11.6688	-0.018552
11.7381	-0.0238525
11.754	-0.0291531
11.7562	-0.0344537
11.7564	0.229363
11.7565	0.218285
11.7566	0.240441
11.7568	0.207207
11.7572	0.251519
11.7573	0.196129
11.758	0.185051
11.7581	0.262597
11.7587	0.173973
11.7594	0.273676
11.7597	0.162895
11.7599	-0.0397542
11.7607	0.151817
11.7611	-0.218285
11.7612	-0.207207
11.7612	-0.229363
11.7615	0.140739
11.7615	-0.196129
11.7615	-0.196129
11.7616	-0.240441
11.7616	0.284754
11.762	-0.185051
11.762	0.131745
11.7622	-0.251519
11.7624	-0.173973
11.7629	-0.0450548
11.763	0.127248
11.763	-0.162895
11.7633	-0.262597
11.7636	0.125
11.7638	-0.151817
11.7639	0.123088
11.7643	-0.0503554
11.7644	0.295832
11.7644	-0.140739
11.7645	-0.273676
11.7646	-0.131745
11.7649	0.0980605
11.7652	0.103361
11.7653	-0.127248
11.7654	0.119263
11.7654	-0.0980605
11.7656	-0.125
11.7658	-0.123088
11.7658	-0.0927599
11.7659	-0.0609565
11.7659	0.0927599
11.766	-0.103361
11.7662	0.108662
11.7662	-0.0556559
11.7665	-0.284754
11.7665	-0.0662571
11.7668	-0.0874593
11.767	0.113962
11.7671	-0.119263
11.7673	-0.108662
11.7677	0.0874593
11.768	0.30691
11.768	-0.113962
11.7681	-0.0821588
11.7681	-0.0715576
11.7687	-0.0768582
11.7693	-0.295832
11.7695	0.0821588
11.7706	0.0768582
11.7707	0.0715576
11.7708	0.0662571
11.7721	0.0609565
11.7729	-0.30691
11.7733	0.317988
11.7742	0.0556559
11.7759	0.0503554
11.7769	0.0450548
11.7781	-0.317988
11.7804	0.0397542
11.7812	0.329066
11.7846	0.0344537
11.7858	-0.329066
11.7896	0.0291531
11.7914	0.0132514
11.7918	0.0238525
11.7939	0.340144
11.7957	0.018552
11.7985	-0.340144
11.8263	0.351222
11.8307	-0.351222
11.8507	0.3623
11.854	-0.3623
)
