(title "X-Wall Shear Stress")
(labels "X-Wall Shear Stress" "Position")

((xy/key/label "middleplane_pressureside")
-0.842221	0.147401
-0.79405	0.146632
-0.738747	0.130036
-0.66246	0.130842
-0.560131	0.14817
-0.529266	0.129229
-0.514402	0.138819
-0.468737	0.139608
-0.45738	0.138029
-0.352537	0.140397
-0.327176	0.131647
-0.321225	0.137238
-0.282042	0.148541
-0.234935	0.141182
-0.173707	0.128421
-0.146612	0.141966
-0.107259	0.136443
-0.10087	0.121088
-0.0945495	0.120268
-0.0831127	0.000128905
-0.0806266	0.000188002
-0.0785208	0.142747
-0.0742654	0.000262319
-0.0705828	0.121909
-0.0681057	0.119447
-0.0616145	9.16272e-05
-0.0469481	0.145858
-0.0451099	0.118626
-0.0361207	0.110355
-0.035405	0.000354999
-0.0352425	0.109523
-0.035112	0.111185
-0.0323344	0.108689
-0.031971	0.112015
-0.031971	0.112015
-0.0292798	0.117803
-0.0281511	0.107855
-0.0242251	0.107021
-0.0237351	0.112843
-0.0232086	0.102004
-0.0231876	0.102843
-0.0226607	0.10368
-0.0224047	0.101164
-0.0221499	0.104516
-0.0220086	0.106186
-0.0216129	0.105352
-0.0205848	0.100326
-0.0182531	0.0994857
-0.0170458	0.11698
-0.0152819	0.0986468
-0.0124706	0.0978067
-0.0124706	0.0978067
-0.0109445	0.113672
-0.0102785	0.122728
-0.00958931	7.51027e-05
-0.00958829	0.0969657
-0.00698691	0.0961238
-0.00607876	0.116155
-0.00438208	0.0952813
-0.00187192	0.0944376
-6.84094e-05	0.1145
0.00128678	0.0935954
0.001886	0.115328
0.00470433	0.0927515
0.00895971	0.0919092
0.0135306	0.0910655
0.0184574	0.0902219
0.0233412	0.0893774
0.0273008	0.0885319
0.0311962	0.0876854
0.0358512	0.0868405
0.0405228	0.0859941
0.0411326	0.000456317
0.0428272	0.132452
0.0465263	0.0851494
0.0485948	0.148912
0.0526915	0.0843034
0.0567342	0.123544
0.0590152	0.0834577
0.0655251	0.0826112
0.0697817	0.0817641
0.073251	8.24209e-05
0.0735296	0.143527
0.0736637	0.0809161
0.078932	0.0800698
0.0841298	0.0792222
0.0915427	0.0783763
0.0995985	0.0775295
0.105878	0.0766826
0.108652	0.127613
0.112237	0.0758352
0.115934	0.0749879
0.117789	0.12436
0.118901	0.0741398
0.118901	0.0741398
0.124131	0.0732934
0.125226	0.135647
0.129334	0.0724461
0.129935	0.000572092
0.137979	0.0716004
0.14823	0.0707541
0.155331	0.0699078
0.162661	0.0690614
0.168938	0.0682153
0.170924	0.125175
0.175553	0.0673691
0.181872	0.0665235
0.188616	0.0656779
0.19513	0.0648328
0.202032	0.0639878
0.205401	0.125988
0.208756	0.0631434
0.209505	0.126801
0.211512	0.000690801
0.215862	0.0622991
0.222768	0.0614555
0.230119	0.060612
0.237243	0.0597694
0.244897	0.0589267
0.252574	0.0580851
0.259745	0.0572435
0.264524	0.133252
0.266048	0.0564031
0.274482	0.0555626
0.277253	0.000821378
0.279392	0.13485
0.283122	0.0547234
0.291216	0.0538842
0.299337	0.0530463
0.30769	0.0522086
0.31627	0.0513722
0.324884	0.0505361
0.330141	0.149283
0.33145	0.134051
0.333767	0.0497014
0.333767	0.0497014
0.342828	0.0488669
0.348865	0.000948577
0.352258	0.048034
0.361979	0.0472014
0.373163	0.0463705
0.383278	0.0455399
0.397152	0.0447112
0.409134	0.0438826
0.410473	0.0432186
0.412683	0.0425547
0.412904	0.00108578
0.425629	0.0418814
0.442332	0.0412082
0.446988	0.0398444
0.44942	0.0405259
0.460764	0.039153
0.460764	0.039153
0.465632	0.144306
0.476383	0.00121571
0.481401	0.0384625
0.482876	0.0370652
0.485141	0.0377634
0.498491	0.0363576
0.525702	0.0356509
0.528698	0.0342241
0.530773	0.0349369
0.535113	0.00135359
0.543557	0.0335023
0.564371	0.0327822
0.573691	0.0320552
0.581393	0.0313298
0.593042	0.0305971
0.597994	0.00148162
0.598906	0.145084
0.602656	0.0298666
0.606792	0.149496
0.619535	0.0291293
0.644605	0.028394
0.651675	0.00161491
0.653778	0.0276544
0.655873	0.0269173
0.671619	0.0261741
0.692061	0.025434
0.703978	0.0246907
0.714332	0.0239499
0.734978	0.00196225
0.735454	0.0232065
0.762623	0.0224653
0.777341	0.0217252
0.789156	0.0209874
0.80607	0.0202499
0.825799	0.0195158
0.837838	0.00233484
0.844217	0.0187837
0.864247	0.0180555
0.870396	0.149603
0.882114	0.0173306
0.900866	0.0166104
0.905955	0.149703
0.917186	0.0027378
0.919288	0.0158947
0.940756	0.0151843
0.95938	0.0144803
0.979393	0.0137824
0.987275	0.00316129
0.997155	0.0130921
1.01605	0.012409
1.03112	0.011735
1.03475	0.00361403
1.04007	0.0110691
1.06318	0.0104136
1.07001	0.00408281
1.09639	0.00976589
1.10114	0.0045785
1.11189	0.00913456
1.11729	0.00508729
1.12498	0.00851326
1.12748	0.00616997
1.12799	0.0079052
1.13165	0.00562091
1.13165	0.00562091
1.14149	0.00731205
1.14217	0.00673192
1.16166	0.149656
1.42239	0.149683
1.62751	0.149696
)
