(title "X-Wall Shear Stress")
(labels "X-Wall Shear Stress" "Position")

((xy/key/label "middleplane_pressureside")
-0.963259	0.132452
-0.931771	0.131647
-0.621071	0.141182
-0.576519	0.141966
-0.555195	0.140397
-0.542453	0.133252
-0.505877	0.130842
-0.470103	0.139608
-0.40816	0.142747
-0.312576	0.138819
-0.302369	0.149696
-0.266866	0.149683
-0.244177	0.143527
-0.230287	0.149656
-0.210904	0.12436
-0.200381	0.149603
-0.195969	0.123544
-0.17585	0.149496
-0.167669	0.149703
-0.161778	0.122728
-0.155989	0.125175
-0.137133	0.149283
-0.137045	0.144306
-0.110438	0.121909
-0.104492	0.138029
-0.0814244	0.000128905
-0.0794077	0.134051
-0.0784568	0.000188002
-0.0729552	0.000262319
-0.0676259	0.148912
-0.0654533	0.1145
-0.0653048	0.113672
-0.0607539	9.16272e-05
-0.0571878	0.115328
-0.0549729	0.112843
-0.0541677	0.145084
-0.0479586	0.116155
-0.0433252	0.112015
-0.0433252	0.112015
-0.0366453	0.105352
-0.0364355	0.111185
-0.0364161	0.104516
-0.0359139	0.106186
-0.0353677	0.10368
-0.0353382	0.000354999
-0.0342847	0.121088
-0.0339965	0.11698
-0.033842	0.102843
-0.0335693	0.107021
-0.0328881	0.110355
-0.0314771	0.102004
-0.0307155	0.109523
-0.0307013	0.107855
-0.0295841	0.108689
-0.0288756	0.101164
-0.0261855	0.100326
-0.0237818	0.0994857
-0.0212923	0.0986468
-0.0190013	0.0978067
-0.0190013	0.0978067
-0.0165295	0.0969657
-0.0140679	0.0961238
-0.0113633	0.0952813
-0.0109499	0.117803
-0.0094773	7.51027e-05
-0.00824134	0.0944376
-0.00460213	0.0935954
-0.00066405	0.0927515
-0.000109918	0.130036
0.00409979	0.0919092
0.00662466	0.125988
0.00882075	0.0910655
0.013828	0.0902219
0.0142225	0.148541
0.018698	0.0893774
0.0227467	0.0885319
0.0231102	0.118626
0.0267502	0.0876854
0.0274111	0.145858
0.0316143	0.0868405
0.0365169	0.0859941
0.0375892	0.120268
0.0405966	0.000456317
0.0427693	0.0851494
0.0436743	0.137238
0.0491504	0.0843034
0.0543283	0.119447
0.0556541	0.0834577
0.0622816	0.0826112
0.0666628	0.0817641
0.0706624	0.0809161
0.0729362	8.24209e-05
0.0760142	0.0800698
0.0803904	0.14817
0.0813209	0.0792222
0.0888175	0.0783763
0.0969831	0.0775295
0.103429	0.0766826
0.109908	0.0758352
0.113702	0.0749879
0.114235	0.146632
0.116892	0.0741398
0.116892	0.0741398
0.122125	0.0732934
0.127427	0.0724461
0.129586	0.000572092
0.134354	0.147401
0.136117	0.0716004
0.146345	0.0707541
0.153549	0.0699078
0.160853	0.0690614
0.167284	0.0682153
0.173922	0.0673691
0.180356	0.0665235
0.187187	0.0656779
0.18905	0.136443
0.193722	0.0648328
0.19602	0.126801
0.200727	0.0639878
0.202655	0.13485
0.207402	0.0631434
0.211893	0.000690801
0.214598	0.0622991
0.221473	0.0614555
0.228884	0.060612
0.236024	0.0597694
0.243682	0.0589267
0.251433	0.0580851
0.258602	0.0572435
0.264991	0.0564031
0.273411	0.0555626
0.278243	0.000821378
0.28214	0.0547234
0.289613	0.135647
0.290282	0.0538842
0.29839	0.0530463
0.306733	0.0522086
0.312706	0.129229
0.315268	0.0513722
0.323979	0.0505361
0.327921	0.127613
0.332778	0.0497014
0.332778	0.0497014
0.341929	0.0488669
0.350478	0.000948577
0.351358	0.048034
0.361113	0.0472014
0.372365	0.0463705
0.376067	0.128421
0.382439	0.0455399
0.39639	0.0447112
0.408298	0.0438826
0.409676	0.0432186
0.411913	0.0425547
0.414787	0.00108578
0.424813	0.0418814
0.441533	0.0412082
0.446184	0.0398444
0.44876	0.0405259
0.460092	0.039153
0.460092	0.039153
0.478397	0.00121571
0.480623	0.0384625
0.482182	0.0370652
0.484377	0.0377634
0.497818	0.0363576
0.525015	0.0356509
0.528107	0.0342241
0.529983	0.0349369
0.537202	0.00135359
0.542876	0.0335023
0.56369	0.0327822
0.573004	0.0320552
0.580728	0.0313298
0.592346	0.0305971
0.600105	0.00148162
0.601997	0.0298666
0.618846	0.0291293
0.643943	0.028394
0.653191	0.0276544
0.653659	0.00161491
0.655216	0.0269173
0.670986	0.0261741
0.69143	0.025434
0.703354	0.0246907
0.713756	0.0239499
0.734882	0.0232065
0.736945	0.00196225
0.762087	0.0224653
0.776773	0.0217252
0.788621	0.0209874
0.805593	0.0202499
0.825296	0.0195158
0.839841	0.00233484
0.843769	0.0187837
0.863801	0.0180555
0.881706	0.0173306
0.900512	0.0166104
0.918936	0.0158947
0.918989	0.0027378
0.940462	0.0151843
0.959083	0.0144803
0.979138	0.0137824
0.988926	0.00316129
0.99697	0.0130921
1.01591	0.012409
1.03105	0.011735
1.03624	0.00361403
1.04007	0.0110691
1.06322	0.0104136
1.07133	0.00408281
1.09652	0.00976589
1.10237	0.0045785
1.11213	0.00913456
1.11837	0.00508729
1.12534	0.00851326
1.1282	0.00616997
1.12843	0.0079052
1.13256	0.00562091
1.13256	0.00562091
1.14198	0.00731205
1.14273	0.00673192
)
