(title "X-Wall Shear Stress")
(labels "X-Wall Shear Stress" "Position")

((xy/key/label "middleplane_pressureside")
-0.681331	0.13485
-0.635311	0.134051
-0.612189	0.135647
-0.485467	0.136443
-0.441566	0.133252
-0.425647	0.126801
-0.405447	0.125988
-0.343157	0.137238
-0.281911	0.145084
-0.250485	0.145858
-0.241333	0.144306
-0.213761	0.146632
-0.207192	0.147401
-0.202502	0.14817
-0.188488	0.138029
-0.184827	0.127613
-0.184757	0.148541
-0.179159	0.125175
-0.143519	0.148912
-0.141632	0.143527
-0.108682	0.132452
-0.108249	0.149283
-0.0809585	0.149496
-0.080812	0.000128905
-0.0774363	0.000188002
-0.0767854	0.149696
-0.0715268	0.000262319
-0.0664013	0.149683
-0.0635104	0.149603
-0.0604391	9.16272e-05
-0.0592581	0.149656
-0.0542987	0.117803
-0.052859	0.118626
-0.0468375	0.149703
-0.0431008	0.11698
-0.0375169	0.138819
-0.035793	0.116155
-0.0344734	0.000354999
-0.0317509	0.115328
-0.0278186	0.107021
-0.0273799	0.106186
-0.0269554	0.107855
-0.0266823	0.1145
-0.0263917	0.105352
-0.0258013	0.108689
-0.0256219	0.104516
-0.0246714	0.109523
-0.024483	0.10368
-0.0235594	0.110355
-0.0232178	0.102843
-0.0216626	0.102004
-0.0212093	0.111185
-0.0202844	0.101164
-0.0188222	0.100326
-0.0183494	0.113672
-0.0175483	0.0994857
-0.016299	0.112015
-0.016299	0.112015
-0.0158872	0.0986468
-0.0147204	0.119447
-0.0142968	0.0978067
-0.0142968	0.0978067
-0.013437	0.112843
-0.0122224	0.0969657
-0.0100204	0.0961238
-0.00943275	7.51027e-05
-0.00737834	0.0952813
-0.00471532	0.142747
-0.00441111	0.0944376
-0.000757528	0.0935954
0.00152578	0.12436
0.00320525	0.0927515
0.00758031	0.0919092
0.0120459	0.0910655
0.0166911	0.0902219
0.0212961	0.0893774
0.0250294	0.0885319
0.0288098	0.0876854
0.0335381	0.0868405
0.0383269	0.0859941
0.0397603	0.120268
0.0413518	0.000456317
0.0445654	0.0851494
0.0508872	0.0843034
0.0573554	0.0834577
0.0639153	0.0826112
0.0643017	0.123544
0.0679704	0.139608
0.0682207	0.0817641
0.0692409	0.128421
0.0721018	0.0809161
0.0727364	8.24209e-05
0.0773772	0.0800698
0.0774603	0.122728
0.0811206	0.141966
0.0826123	0.0792222
0.083348	0.121088
0.0900713	0.0783763
0.0971592	0.121909
0.0981733	0.0775295
0.104589	0.0766826
0.105197	0.141182
0.109046	0.140397
0.111116	0.0758352
0.114974	0.0749879
0.118036	0.0741398
0.118036	0.0741398
0.123342	0.0732934
0.128589	0.0724461
0.130883	0.000572092
0.137158	0.0716004
0.147433	0.0707541
0.154522	0.0699078
0.161903	0.0690614
0.168264	0.0682153
0.174955	0.0673691
0.181382	0.0665235
0.188205	0.0656779
0.194204	0.131647
0.194799	0.0648328
0.201743	0.0639878
0.208501	0.0631434
0.213353	0.000690801
0.215572	0.0622991
0.222492	0.0614555
0.223167	0.129229
0.229802	0.060612
0.236965	0.0597694
0.244622	0.0589267
0.252346	0.0580851
0.259608	0.0572435
0.265897	0.0564031
0.27445	0.0555626
0.279924	0.000821378
0.283099	0.0547234
0.291291	0.0538842
0.299309	0.0530463
0.299773	0.130036
0.307643	0.0522086
0.31129	0.130842
0.316224	0.0513722
0.324831	0.0505361
0.333718	0.0497014
0.333718	0.0497014
0.342683	0.0488669
0.352245	0.000948577
0.352367	0.048034
0.361947	0.0472014
0.373349	0.0463705
0.383501	0.0455399
0.397597	0.0447112
0.409736	0.0438826
0.409969	0.0432186
0.412439	0.0425547
0.41664	0.00108578
0.426008	0.0418814
0.44246	0.0412082
0.447138	0.0398444
0.449567	0.0405259
0.460999	0.039153
0.460999	0.039153
0.48029	0.00121571
0.481604	0.0384625
0.483039	0.0370652
0.485333	0.0377634
0.498781	0.0363576
0.525978	0.0356509
0.529011	0.0342241
0.531005	0.0349369
0.539111	0.00135359
0.543852	0.0335023
0.564671	0.0327822
0.573904	0.0320552
0.581677	0.0313298
0.593234	0.0305971
0.602026	0.00148162
0.60295	0.0298666
0.619816	0.0291293
0.645027	0.028394
0.654214	0.0276544
0.655472	0.00161491
0.65606	0.0269173
0.671984	0.0261741
0.692407	0.025434
0.704349	0.0246907
0.714753	0.0239499
0.735872	0.0232065
0.738709	0.00196225
0.763099	0.0224653
0.777732	0.0217252
0.789628	0.0209874
0.806593	0.0202499
0.826287	0.0195158
0.841644	0.00233484
0.844786	0.0187837
0.864794	0.0180555
0.882724	0.0173306
0.901531	0.0166104
0.919948	0.0158947
0.920688	0.0027378
0.941496	0.0151843
0.960098	0.0144803
0.980168	0.0137824
0.990567	0.00316129
0.998023	0.0130921
1.01696	0.012409
1.03212	0.011735
1.03782	0.00361403
1.04114	0.0110691
1.06432	0.0104136
1.07284	0.00408281
1.09764	0.00976589
1.10385	0.0045785
1.11328	0.00913456
1.1198	0.00508729
1.12653	0.00851326
1.12948	0.00616997
1.12964	0.0079052
1.13393	0.00562091
1.13393	0.00562091
1.14322	0.00731205
1.14399	0.00673192
)
