(title "X-Wall Shear Stress")
(labels "X-Wall Shear Stress" "Position")

((xy/key/label "middleplane_pressureside")
-0.467155	0.135647
-0.459006	0.145084
-0.446161	0.144306
-0.442579	0.136443
-0.411795	0.13485
-0.325621	0.145858
-0.32394	0.126801
-0.313488	0.143527
-0.303857	0.137238
-0.285321	0.127613
-0.276896	0.134051
-0.217323	0.125988
-0.172438	0.128421
-0.135654	0.142747
-0.125657	0.146632
-0.0994009	0.117803
-0.0915369	0.133252
-0.0895238	0.138029
-0.0882524	0.11698
-0.0835279	0.000128905
-0.0813769	0.000188002
-0.080763	0.129229
-0.0754745	0.000262319
-0.0668651	0.118626
-0.0618255	9.16272e-05
-0.060984	0.116155
-0.0420874	0.115328
-0.0385306	0.107021
-0.0380213	0.106186
-0.0365078	0.107855
-0.036345	0.125175
-0.0362581	0.000354999
-0.0352064	0.105352
-0.0330131	0.108689
-0.0322095	0.104516
-0.030069	0.10368
-0.0289419	0.1145
-0.0283952	0.102843
-0.0282657	0.109523
-0.0267576	0.102004
-0.0256834	0.101164
-0.0249806	0.100326
-0.0243587	0.0994857
-0.0234019	0.0986468
-0.0222098	0.0978067
-0.0222098	0.0978067
-0.0204082	0.0969657
-0.0190893	0.110355
-0.0182898	0.0961238
-0.0156832	0.0952813
-0.0151401	0.113672
-0.0126347	0.0944376
-0.00962256	7.51027e-05
-0.00904523	0.0935954
-0.00611053	0.111185
-0.00545748	0.119447
-0.00533584	0.0927515
-0.00310991	0.130036
-0.00220195	0.112843
-0.000917087	0.0919092
0.001999	0.112015
0.001999	0.112015
0.0034603	0.0910655
0.00816723	0.0902219
0.0126422	0.0893774
0.0165089	0.0885319
0.0204672	0.0876854
0.0252871	0.0868405
0.0302022	0.0859941
0.0364377	0.0851494
0.0397422	0.120268
0.0400551	0.132452
0.0402437	0.000456317
0.0427854	0.0843034
0.0447591	0.141966
0.0492771	0.0834577
0.0517191	0.130842
0.0558267	0.0826112
0.0603258	0.0817641
0.0645558	0.0809161
0.0657314	0.121088
0.0701177	0.0800698
0.0733888	8.24209e-05
0.0736054	0.131647
0.0756429	0.0792222
0.083268	0.0783763
0.0914542	0.0775295
0.0957247	0.138819
0.0977555	0.121909
0.097979	0.0766826
0.102249	0.12436
0.104589	0.0758352
0.108641	0.0749879
0.112032	0.0741398
0.112032	0.0741398
0.117473	0.0732934
0.122974	0.0724461
0.127646	0.122728
0.128635	0.000572092
0.131744	0.0716004
0.140656	0.123544
0.142045	0.0707541
0.149371	0.0699078
0.156878	0.0690614
0.163137	0.147401
0.163442	0.0682153
0.170289	0.0673691
0.176819	0.0665235
0.183107	0.141182
0.183799	0.0656779
0.190459	0.0648328
0.197559	0.0639878
0.204426	0.0631434
0.209817	0.139608
0.210129	0.000690801
0.211654	0.0622991
0.218681	0.0614555
0.226103	0.060612
0.233381	0.0597694
0.241167	0.0589267
0.243672	0.140397
0.248997	0.0580851
0.256368	0.0572435
0.262775	0.0564031
0.27141	0.0555626
0.275552	0.000821378
0.280119	0.0547234
0.288341	0.0538842
0.296439	0.0530463
0.304848	0.0522086
0.313485	0.0513722
0.322148	0.0505361
0.331091	0.0497014
0.331091	0.0497014
0.340208	0.0488669
0.347063	0.000948577
0.349911	0.048034
0.359574	0.0472014
0.371154	0.0463705
0.381352	0.0455399
0.395375	0.0447112
0.407205	0.0438826
0.407743	0.0432186
0.410492	0.0425547
0.411042	0.00108578
0.423911	0.0418814
0.4404	0.0412082
0.445186	0.0398444
0.447585	0.0405259
0.459115	0.039153
0.459115	0.039153
0.474528	0.00121571
0.479696	0.0384625
0.48124	0.0370652
0.483472	0.0377634
0.49708	0.0363576
0.498592	0.14817
0.524099	0.0356509
0.527248	0.0342241
0.529082	0.0349369
0.533289	0.00135359
0.542078	0.0335023
0.562855	0.0327822
0.572087	0.0320552
0.579882	0.0313298
0.591442	0.0305971
0.596224	0.00148162
0.601259	0.0298666
0.618187	0.0291293
0.643474	0.028394
0.650071	0.00161491
0.652414	0.0276544
0.654345	0.0269173
0.670416	0.0261741
0.690757	0.025434
0.702767	0.0246907
0.705884	0.148541
0.71315	0.0239499
0.73346	0.00196225
0.734233	0.0232065
0.7614	0.0224653
0.776077	0.0217252
0.788006	0.0209874
0.804893	0.0202499
0.824632	0.0195158
0.836291	0.00233484
0.843082	0.0187837
0.863077	0.0180555
0.881011	0.0173306
0.894555	0.148912
0.899745	0.0166104
0.915735	0.0027378
0.918162	0.0158947
0.939659	0.0151843
0.958242	0.0144803
0.978273	0.0137824
0.985867	0.00316129
0.996053	0.0130921
1.01493	0.012409
1.03001	0.011735
1.03094	0.149703
1.03336	0.00361403
1.03895	0.0110691
1.06204	0.0104136
1.06864	0.00408281
1.09522	0.00976589
1.09977	0.0045785
1.1107	0.00913456
1.11594	0.00508729
1.12376	0.00851326
1.12621	0.00616997
1.12676	0.0079052
1.13032	0.00562091
1.13032	0.00562091
1.13265	0.149283
1.14024	0.00731205
1.14092	0.00673192
1.36463	0.149496
1.55829	0.149603
1.72576	0.149656
1.85844	0.149683
1.96647	0.149696
)
