(title "X-Wall Shear Stress")
(labels "X-Wall Shear Stress" "Position")

((xy/key/label "middleplane_pressureside")
-0.556543	0.134051
-0.530622	0.133252
-0.460485	0.138819
-0.441609	0.139608
-0.430877	0.13485
-0.357955	0.138029
-0.3477	0.132452
-0.309696	0.140397
-0.301067	0.146632
-0.261864	0.147401
-0.259108	0.135647
-0.22779	0.137238
-0.173874	0.136443
-0.16984	0.145858
-0.157467	0.14817
-0.141077	0.125175
-0.138185	0.141182
-0.137502	0.125988
-0.115066	0.12436
-0.0854945	0.148541
-0.0816922	0.123544
-0.0807039	0.000128905
-0.0797546	0.126801
-0.0774856	0.000188002
-0.0720361	0.000262319
-0.0603585	9.16272e-05
-0.0537495	0.131647
-0.0496724	0.115328
-0.0479531	0.1145
-0.0462098	0.116155
-0.0443383	0.122728
-0.0397453	0.113672
-0.0391867	0.11698
-0.0350081	0.000354999
-0.0332824	0.145084
-0.0309318	0.106186
-0.0305714	0.107021
-0.030009	0.112843
-0.0297302	0.105352
-0.0284896	0.107855
-0.0280128	0.104516
-0.0262246	0.117803
-0.0260229	0.10368
-0.0258558	0.108689
-0.0241324	0.102843
-0.0237038	0.112015
-0.0237038	0.112015
-0.0234453	0.109523
-0.0223294	0.102004
-0.0220176	0.110355
-0.0218686	0.111185
-0.0208683	0.101164
-0.0196547	0.100326
-0.0184826	0.0994857
-0.016751	0.0986468
-0.0147998	0.0978067
-0.0147998	0.0978067
-0.0122557	0.0969657
-0.00944846	0.0961238
-0.00942504	7.51027e-05
-0.00688121	0.118626
-0.00626434	0.0952813
-0.00287639	0.0944376
2.62856e-05	0.141966
0.000950998	0.0935954
0.000957902	0.121909
0.00460675	0.0927515
0.00892849	0.0919092
0.0131293	0.0910655
0.0176267	0.0902219
0.0189479	0.119447
0.0221852	0.0893774
0.0242257	0.127613
0.0260465	0.0885319
0.0284756	0.144306
0.0299856	0.0876854
0.0349238	0.0868405
0.0373697	0.121088
0.0399408	0.0859941
0.0407651	0.000456317
0.0416601	0.120268
0.0438176	0.143527
0.046193	0.0851494
0.0501848	0.142747
0.052542	0.0843034
0.0588854	0.0834577
0.0653441	0.0826112
0.0694444	0.0817641
0.0697043	0.148912
0.072735	8.24209e-05
0.0732083	0.0809161
0.0784094	0.0800698
0.0836381	0.0792222
0.0911266	0.0783763
0.0992933	0.0775295
0.10571	0.0766826
0.112204	0.0758352
0.115926	0.0749879
0.118948	0.0741398
0.118948	0.0741398
0.124161	0.0732934
0.129287	0.0724461
0.130175	0.000572092
0.134474	0.128421
0.137938	0.0716004
0.148104	0.0707541
0.155252	0.0699078
0.162555	0.0690614
0.168908	0.0682153
0.175583	0.0673691
0.181942	0.0665235
0.188781	0.0656779
0.195254	0.0648328
0.202212	0.0639878
0.208843	0.0631434
0.212827	0.000690801
0.215965	0.0622991
0.221801	0.130842
0.222808	0.0614555
0.230146	0.060612
0.235138	0.129229
0.237289	0.0597694
0.244919	0.0589267
0.252704	0.0580851
0.259853	0.0572435
0.266268	0.0564031
0.274661	0.0555626
0.279476	0.000821378
0.28333	0.0547234
0.28839	0.149283
0.291445	0.0538842
0.299505	0.0530463
0.305263	0.130036
0.307851	0.0522086
0.316287	0.0513722
0.325019	0.0505361
0.33382	0.0497014
0.33382	0.0497014
0.342955	0.0488669
0.351937	0.000948577
0.352475	0.048034
0.36224	0.0472014
0.373512	0.0463705
0.383591	0.0455399
0.39739	0.0447112
0.40899	0.0438826
0.410728	0.0432186
0.413081	0.0425547
0.416372	0.00108578
0.425768	0.0418814
0.442582	0.0412082
0.447194	0.0398444
0.449642	0.0405259
0.460966	0.039153
0.460966	0.039153
0.480062	0.00121571
0.481654	0.0384625
0.483105	0.0370652
0.485387	0.0377634
0.490014	0.149496
0.498851	0.0363576
0.525984	0.0356509
0.528995	0.0342241
0.531037	0.0349369
0.538925	0.00135359
0.543833	0.0335023
0.564634	0.0327822
0.573923	0.0320552
0.581616	0.0313298
0.593233	0.0305971
0.601875	0.00148162
0.602922	0.0298666
0.619828	0.0291293
0.623454	0.149703
0.645036	0.028394
0.654063	0.0276544
0.655371	0.00161491
0.656077	0.0269173
0.65815	0.149603
0.67196	0.0261741
0.692369	0.025434
0.704339	0.0246907
0.714695	0.0239499
0.735823	0.0232065
0.738656	0.00196225
0.763024	0.0224653
0.777703	0.0217252
0.789596	0.0209874
0.806516	0.0202499
0.826254	0.0195158
0.835723	0.149656
0.84161	0.00233484
0.844723	0.0187837
0.864752	0.0180555
0.882697	0.0173306
0.901479	0.0166104
0.919925	0.0158947
0.920688	0.0027378
0.941462	0.0151843
0.960066	0.0144803
0.980156	0.0137824
0.990587	0.00316129
0.997003	0.149683
0.997998	0.0130921
1.01695	0.012409
1.03211	0.011735
1.03785	0.00361403
1.04114	0.0110691
1.06431	0.0104136
1.07287	0.00408281
1.09765	0.00976589
1.10388	0.0045785
1.11329	0.00913456
1.11982	0.00508729
1.12654	0.00851326
1.12951	0.00616997
1.12965	0.0079052
1.13062	0.149696
1.13395	0.00562091
1.13395	0.00562091
1.14324	0.00731205
1.14401	0.00673192
)
