(title "X-Wall Shear Stress")
(labels "X-Wall Shear Stress" "Position")

((xy/key/label "middleplane_pressureside")
-0.652562	0.140397
-0.630594	0.141182
-0.628191	0.139608
-0.579449	0.141966
-0.571571	0.130036
-0.564271	0.138819
-0.531466	0.130842
-0.506309	0.142747
-0.474637	0.138029
-0.391886	0.143527
-0.368105	0.129229
-0.33821	0.137238
-0.290556	0.131647
-0.254739	0.144306
-0.129925	0.145084
-0.126022	0.136443
-0.118182	0.121909
-0.108941	0.122728
-0.103424	0.121088
-0.089995	0.123544
-0.0825058	0.000128905
-0.0800852	0.000188002
-0.0746135	0.000262319
-0.0613144	9.16272e-05
-0.060027	0.120268
-0.048145	0.112843
-0.0448656	0.113672
-0.0428167	0.112015
-0.0428167	0.112015
-0.036246	0.000354999
-0.035489	0.111185
-0.0344556	0.145858
-0.0342519	0.1145
-0.031587	0.104516
-0.0310544	0.12436
-0.0310487	0.10368
-0.0307345	0.105352
-0.0298052	0.110355
-0.0296671	0.102843
-0.0284669	0.106186
-0.0272869	0.102004
-0.025893	0.109523
-0.0251073	0.107021
-0.0245353	0.101164
-0.0236841	0.108689
-0.0231501	0.107855
-0.0217404	0.100326
-0.0208366	0.115328
-0.0193901	0.0994857
-0.0172859	0.0986468
-0.0155863	0.0978067
-0.0155863	0.0978067
-0.0137038	0.0969657
-0.0117314	0.0961238
-0.00996968	0.132452
-0.00954705	7.51027e-05
-0.0093633	0.0952813
-0.00866776	0.116155
-0.00656496	0.0944376
-0.00533421	0.119447
-0.00287428	0.0935954
0.00109644	0.0927515
0.00222095	0.11698
0.00589493	0.0919092
0.0106221	0.0910655
0.0140889	0.117803
0.0154279	0.128421
0.0154796	0.0902219
0.0201568	0.0893774
0.0211485	0.118626
0.0239803	0.0885319
0.0242089	0.146632
0.0277601	0.0876854
0.032433	0.0868405
0.0372483	0.0859941
0.0397287	0.000456317
0.0434097	0.0851494
0.0497746	0.0843034
0.0562453	0.0834577
0.0628516	0.0826112
0.0654941	0.147401
0.067161	0.0817641
0.0711009	0.0809161
0.0717781	0.125175
0.0731709	8.24209e-05
0.0764229	0.0800698
0.0817055	0.0792222
0.0891457	0.0783763
0.094703	0.14817
0.0972243	0.0775295
0.103597	0.0766826
0.110077	0.0758352
0.112624	0.148541
0.113851	0.0749879
0.117025	0.0741398
0.117025	0.0741398
0.118513	0.135647
0.122379	0.0732934
0.126713	0.149703
0.127625	0.0724461
0.128438	0.000572092
0.135225	0.148912
0.136394	0.0716004
0.146572	0.0707541
0.153767	0.0699078
0.157443	0.149283
0.161084	0.0690614
0.167407	0.0682153
0.174075	0.149496
0.174127	0.0673691
0.180459	0.0665235
0.187383	0.0656779
0.187871	0.149603
0.193895	0.0648328
0.200315	0.125988
0.200956	0.0639878
0.205376	0.149656
0.207676	0.0631434
0.210314	0.000690801
0.210651	0.133252
0.21485	0.0622991
0.221792	0.0614555
0.224863	0.149683
0.229103	0.060612
0.23633	0.0597694
0.242989	0.149696
0.243916	0.0589267
0.25173	0.0580851
0.258858	0.0572435
0.265281	0.0564031
0.273778	0.0555626
0.275747	0.000821378
0.282461	0.0547234
0.290717	0.0538842
0.294997	0.13485
0.298745	0.0530463
0.303653	0.127613
0.307185	0.0522086
0.315423	0.126801
0.315617	0.0513722
0.324325	0.0505361
0.324423	0.134051
0.333158	0.0497014
0.333158	0.0497014
0.342185	0.0488669
0.34745	0.000948577
0.35177	0.048034
0.36143	0.0472014
0.372869	0.0463705
0.382974	0.0455399
0.397007	0.0447112
0.408851	0.0438826
0.409693	0.0432186
0.411612	0.00108578
0.412199	0.0425547
0.425401	0.0418814
0.44197	0.0412082
0.446663	0.0398444
0.449087	0.0405259
0.460481	0.039153
0.460481	0.039153
0.475269	0.00121571
0.481096	0.0384625
0.482556	0.0370652
0.484825	0.0377634
0.498261	0.0363576
0.525442	0.0356509
0.528474	0.0342241
0.530489	0.0349369
0.534202	0.00135359
0.543338	0.0335023
0.564142	0.0327822
0.57339	0.0320552
0.581144	0.0313298
0.592715	0.0305971
0.597292	0.00148162
0.602394	0.0298666
0.619226	0.0291293
0.644367	0.028394
0.651251	0.00161491
0.653643	0.0276544
0.655595	0.0269173
0.671397	0.0261741
0.69183	0.025434
0.703754	0.0246907
0.71416	0.0239499
0.734776	0.00196225
0.735266	0.0232065
0.762455	0.0224653
0.777102	0.0217252
0.788965	0.0209874
0.805921	0.0202499
0.82561	0.0195158
0.837741	0.00233484
0.844079	0.0187837
0.864078	0.0180555
0.881962	0.0173306
0.90074	0.0166104
0.917243	0.0027378
0.91914	0.0158947
0.940634	0.0151843
0.959255	0.0144803
0.979257	0.0137824
0.987406	0.00316129
0.997045	0.0130921
1.01596	0.012409
1.03104	0.011735
1.03488	0.00361403
1.03999	0.0110691
1.06311	0.0104136
1.07013	0.00408281
1.09632	0.00976589
1.10124	0.0045785
1.11184	0.00913456
1.11737	0.00508729
1.12495	0.00851326
1.12753	0.00616997
1.12797	0.0079052
1.13172	0.00562091
1.13172	0.00562091
1.14148	0.00731205
1.14218	0.00673192
)
