(title "X-Wall Shear Stress")
(labels "X-Wall Shear Stress" "Position")

((xy/key/label "middleplane_pressureside")
-0.397174	0.138029
-0.362093	0.130036
-0.347025	0.137238
-0.331983	0.129229
-0.322819	0.130842
-0.306484	0.138819
-0.251428	0.128421
-0.237015	0.131647
-0.169921	0.136443
-0.108429	0.132452
-0.0922238	0.139608
-0.0879777	0.121088
-0.0863589	0.127613
-0.0858869	0.121909
-0.0846884	0.000128905
-0.0819421	0.000188002
-0.0730742	0.000262319
-0.0625257	9.16272e-05
-0.0595959	0.120268
-0.0577387	0.146632
-0.0479946	0.147401
-0.0431897	0.122728
-0.0381954	0.112843
-0.0350211	0.113672
-0.0334622	0.000354999
-0.0332923	0.112015
-0.0332923	0.112015
-0.0270521	0.1145
-0.026642	0.104516
-0.0262445	0.111185
-0.0261326	0.105352
-0.025974	0.10368
-0.0247958	0.102843
-0.0238186	0.106186
-0.0229661	0.102004
-0.0218271	0.110355
-0.020797	0.107021
-0.0207096	0.101164
-0.0197615	0.109523
-0.0189564	0.107855
-0.0187701	0.108689
-0.0184288	0.100326
-0.0174895	0.115328
-0.0164666	0.0994857
-0.0145528	0.0986468
-0.012963	0.0978067
-0.012963	0.0978067
-0.0117933	0.119447
-0.0110436	0.0969657
-0.00970563	7.51027e-05
-0.00904077	0.0961238
-0.00819231	0.116155
-0.00667314	0.0952813
-0.00506039	0.14817
-0.00400531	0.0944376
-0.000492875	0.0935954
-7.72754e-05	0.11698
0.00309441	0.0927515
0.00755081	0.0919092
0.0119969	0.0910655
0.0121045	0.148541
0.0123598	0.117803
0.0166652	0.0902219
0.017379	0.118626
0.0212429	0.0893774
0.0250902	0.0885319
0.0289713	0.0876854
0.0336916	0.0868405
0.0385819	0.0859941
0.0436987	0.000456317
0.0447288	0.0851494
0.04481	0.123544
0.0510526	0.0843034
0.0520552	0.148912
0.0574795	0.0834577
0.0628346	0.145858
0.0640353	0.0826112
0.0682912	0.0817641
0.0721357	0.0809161
0.0734709	8.24209e-05
0.075969	0.135647
0.0774165	0.0800698
0.0827061	0.0792222
0.0834593	0.133252
0.0880013	0.149283
0.0902076	0.0783763
0.0983253	0.0775295
0.104781	0.0766826
0.111328	0.0758352
0.114489	0.149496
0.115138	0.0749879
0.118286	0.0741398
0.118286	0.0741398
0.123681	0.0732934
0.128871	0.0724461
0.133065	0.000572092
0.137618	0.0716004
0.144201	0.149603
0.144389	0.126801
0.147836	0.0707541
0.148297	0.149703
0.149123	0.12436
0.154985	0.0699078
0.162361	0.0690614
0.168666	0.0682153
0.175422	0.0673691
0.181783	0.0665235
0.188211	0.149656
0.188702	0.0656779
0.195251	0.0648328
0.202268	0.0639878
0.203466	0.140397
0.209012	0.0631434
0.213783	0.000690801
0.216126	0.0622991
0.223068	0.0614555
0.230343	0.060612
0.236396	0.149683
0.237568	0.0597694
0.240588	0.125175
0.245177	0.0589267
0.252963	0.0580851
0.26014	0.0572435
0.266563	0.0564031
0.269093	0.125988
0.273683	0.145084
0.273781	0.134051
0.275061	0.0555626
0.277134	0.149696
0.279553	0.000821378
0.279857	0.13485
0.283679	0.0547234
0.291907	0.0538842
0.299938	0.0530463
0.308371	0.0522086
0.316804	0.0513722
0.325442	0.0505361
0.334314	0.0497014
0.334314	0.0497014
0.343342	0.0488669
0.350769	0.000948577
0.352916	0.048034
0.362601	0.0472014
0.373994	0.0463705
0.384115	0.0455399
0.398009	0.0447112
0.409774	0.0438826
0.41095	0.0432186
0.413431	0.0425547
0.414822	0.00108578
0.426421	0.0418814
0.443062	0.0412082
0.44773	0.0398444
0.45008	0.0405259
0.461464	0.039153
0.461464	0.039153
0.478175	0.00121571
0.482158	0.0384625
0.483562	0.0370652
0.485877	0.0377634
0.486377	0.141182
0.499266	0.0363576
0.508505	0.144306
0.526499	0.0356509
0.529444	0.0342241
0.531608	0.0349369
0.53676	0.00135359
0.544352	0.0335023
0.565174	0.0327822
0.574378	0.0320552
0.582125	0.0313298
0.593682	0.0305971
0.599437	0.00148162
0.603387	0.0298666
0.620288	0.0291293
0.645493	0.028394
0.652737	0.00161491
0.65457	0.0276544
0.656393	0.0269173
0.672356	0.0261741
0.683287	0.141966
0.686232	0.143527
0.692732	0.025434
0.704673	0.0246907
0.715035	0.0239499
0.73568	0.00196225
0.736116	0.0232065
0.75535	0.142747
0.763294	0.0224653
0.77792	0.0217252
0.789769	0.0209874
0.806673	0.0202499
0.82635	0.0195158
0.838333	0.00233484
0.844792	0.0187837
0.864759	0.0180555
0.882626	0.0173306
0.901378	0.0166104
0.917303	0.0027378
0.919735	0.0158947
0.941227	0.0151843
0.95979	0.0144803
0.979761	0.0137824
0.987158	0.00316129
0.997549	0.0130921
1.01639	0.012409
1.03143	0.011735
1.03454	0.00361403
1.04034	0.0110691
1.06341	0.0104136
1.06977	0.00408281
1.09658	0.00976589
1.10092	0.0045785
1.11204	0.00913456
1.11711	0.00508729
1.12507	0.00851326
1.12735	0.00616997
1.12803	0.0079052
1.13148	0.00562091
1.13148	0.00562091
1.14149	0.00731205
1.14211	0.00673192
)
