(title "X-Wall Shear Stress")
(labels "X-Wall Shear Stress" "Position")

((xy/key/label "middleplane_pressureside")
-0.742907	0.130036
-0.721394	0.129229
-0.498254	0.138029
-0.466835	0.130842
-0.458951	0.137238
-0.449594	0.148541
-0.424059	0.138819
-0.423104	0.14817
-0.366769	0.136443
-0.36013	0.128421
-0.314835	0.148912
-0.258389	0.139608
-0.213066	0.147401
-0.192698	0.135647
-0.177302	0.121088
-0.176383	0.121909
-0.154126	0.149283
-0.116974	0.131647
-0.113142	0.120268
-0.106929	0.122728
-0.0941563	0.140397
-0.0830124	0.000128905
-0.080434	0.000188002
-0.0738653	0.000262319
-0.0616035	9.16272e-05
-0.048568	0.149496
-0.0443612	0.112843
-0.042269	0.112015
-0.042269	0.112015
-0.0354268	0.000354999
-0.0346678	0.111185
-0.0314964	0.113672
-0.0278568	0.119447
-0.0274214	0.110355
-0.0237245	0.102843
-0.0235854	0.10368
-0.022331	0.102004
-0.0222598	0.104516
-0.0210958	0.109523
-0.0200054	0.101164
-0.0198559	0.105352
-0.0169238	0.100326
-0.0158542	0.106186
-0.0156279	0.108689
-0.0140269	0.0994857
-0.0123816	0.107855
-0.0123567	0.107021
-0.0112379	0.0986468
-0.0095878	7.51027e-05
-0.00899799	0.0978067
-0.00899799	0.0978067
-0.00817119	0.1145
-0.00698427	0.0969657
-0.00523818	0.0961238
-0.00343813	0.0952813
-0.00131326	0.0944376
0.00157968	0.0935954
0.00497983	0.0927515
0.00943669	0.0919092
0.0100873	0.123544
0.010379	0.115328
0.0115848	0.149603
0.0140727	0.0910655
0.0190982	0.0902219
0.0230101	0.116155
0.0240013	0.0893774
0.0267633	0.118626
0.0279474	0.0885319
0.03112	0.11698
0.031708	0.0876854
0.0338084	0.117803
0.0353807	0.13485
0.0362444	0.0868405
0.0404597	0.000456317
0.0407395	0.0859941
0.0442379	0.141182
0.0466262	0.0851494
0.0527086	0.0843034
0.0536794	0.149656
0.059005	0.0834577
0.0613797	0.149703
0.0655154	0.0826112
0.0698138	0.0817641
0.0732528	8.24209e-05
0.0737696	0.0809161
0.0791085	0.0800698
0.0843648	0.0792222
0.0864891	0.149683
0.0917557	0.0783763
0.0997648	0.0775295
0.106076	0.0766826
0.111849	0.149696
0.112465	0.0758352
0.11611	0.0749879
0.117157	0.142747
0.117459	0.141966
0.119215	0.0741398
0.119215	0.0741398
0.123832	0.143527
0.124448	0.0732934
0.129335	0.000572092
0.129687	0.0724461
0.138411	0.0716004
0.141695	0.127613
0.146448	0.12436
0.148638	0.0707541
0.155811	0.0699078
0.163074	0.0690614
0.169426	0.0682153
0.171537	0.146632
0.175981	0.0673691
0.182353	0.0665235
0.189132	0.0656779
0.195673	0.0648328
0.202692	0.0639878
0.209371	0.0631434
0.210795	0.000690801
0.21656	0.0622991
0.223388	0.0614555
0.230774	0.060612
0.233866	0.144306
0.237903	0.0597694
0.245558	0.0589267
0.249516	0.132452
0.253265	0.0580851
0.26037	0.0572435
0.266766	0.0564031
0.275197	0.0555626
0.276187	0.000821378
0.277738	0.125175
0.28389	0.0547234
0.291974	0.0538842
0.299894	0.134051
0.300136	0.0530463
0.308538	0.0522086
0.317084	0.0513722
0.32566	0.0505361
0.334512	0.0497014
0.334512	0.0497014
0.343544	0.0488669
0.347809	0.000948577
0.352882	0.048034
0.362657	0.0472014
0.373837	0.0463705
0.383959	0.0455399
0.393325	0.125988
0.398055	0.0447112
0.404785	0.145084
0.410245	0.0438826
0.411052	0.0432186
0.412066	0.00108578
0.413188	0.0425547
0.426427	0.0418814
0.43038	0.126801
0.43966	0.133252
0.443016	0.0412082
0.447626	0.0398444
0.4501	0.0405259
0.457799	0.145858
0.461431	0.039153
0.461431	0.039153
0.475765	0.00121571
0.482013	0.0384625
0.483475	0.0370652
0.485724	0.0377634
0.499076	0.0363576
0.526427	0.0356509
0.529338	0.0342241
0.531481	0.0349369
0.534748	0.00135359
0.544204	0.0335023
0.565044	0.0327822
0.574302	0.0320552
0.582035	0.0313298
0.593617	0.0305971
0.597854	0.00148162
0.603202	0.0298666
0.620056	0.0291293
0.64509	0.028394
0.651797	0.00161491
0.654446	0.0276544
0.656391	0.0269173
0.672105	0.0261741
0.692542	0.025434
0.704421	0.0246907
0.714828	0.0239499
0.735326	0.00196225
0.735923	0.0232065
0.763102	0.0224653
0.777761	0.0217252
0.789558	0.0209874
0.806518	0.0202499
0.826173	0.0195158
0.838315	0.00233484
0.844622	0.0187837
0.864613	0.0180555
0.882446	0.0173306
0.901245	0.0166104
0.917778	0.0027378
0.919603	0.0158947
0.941098	0.0151843
0.959711	0.0144803
0.979675	0.0137824
0.987905	0.00316129
0.997475	0.0130921
1.01638	0.012409
1.03145	0.011735
1.03535	0.00361403
1.04039	0.0110691
1.06351	0.0104136
1.07057	0.00408281
1.09672	0.00976589
1.10168	0.0045785
1.11224	0.00913456
1.1178	0.00508729
1.12536	0.00851326
1.12792	0.00616997
1.12837	0.0079052
1.13214	0.00562091
1.13214	0.00562091
1.14187	0.00731205
1.14256	0.00673192
)
