(title "X-Wall Shear Stress")
(labels "X-Wall Shear Stress" "Position")

((xy/key/label "middleplane_pressureside")
-0.481003	0.133252
-0.476653	0.132452
-0.374375	0.134051
-0.34749	0.145084
-0.325234	0.144306
-0.315482	0.145858
-0.314697	0.131647
-0.310371	0.125988
-0.266115	0.143527
-0.262854	0.13485
-0.246278	0.125175
-0.240561	0.146632
-0.212664	0.135647
-0.21111	0.126801
-0.17143	0.136443
-0.158898	0.142747
-0.146256	0.147401
-0.115642	0.12436
-0.0918738	0.14817
-0.0836983	0.137238
-0.0788981	0.000128905
-0.074944	0.000188002
-0.0706311	0.148541
-0.0698602	0.000262319
-0.0596881	0.11698
-0.0594128	9.16272e-05
-0.0591448	0.117803
-0.056491	0.116155
-0.0489389	0.115328
-0.0460022	0.118626
-0.0376153	0.1145
-0.036816	0.107021
-0.0364566	0.107855
-0.0348863	0.106186
-0.0345393	0.000354999
-0.0336219	0.108689
-0.0323181	0.105352
-0.0299704	0.104516
-0.0295796	0.109523
-0.0277828	0.10368
-0.0260405	0.102843
-0.0249768	0.110355
-0.0245914	0.102004
-0.0235572	0.101164
-0.023477	0.113672
-0.022593	0.100326
-0.0214508	0.0994857
-0.0200292	0.111185
-0.0196613	0.0986468
-0.0176454	0.0978067
-0.0176454	0.0978067
-0.0151573	0.112015
-0.0151573	0.112015
-0.0150169	0.0969657
-0.0144406	0.112843
-0.0121605	0.0961238
-0.00930726	7.51027e-05
-0.00900511	0.0952813
-0.00835949	0.130842
-0.00816038	0.123544
-0.00697113	0.141966
-0.00567645	0.0944376
-0.00378529	0.148912
-0.00376146	0.119447
-0.00185751	0.0935954
0.00187672	0.0927515
0.00632367	0.0919092
0.0106681	0.0910655
0.012802	0.127613
0.0153201	0.0902219
0.0199941	0.0893774
0.0239146	0.0885319
0.0278931	0.0876854
0.0328678	0.0868405
0.0379224	0.0859941
0.04016	0.000456317
0.0442277	0.0851494
0.0464491	0.138029
0.0506497	0.0843034
0.0525627	0.120268
0.0570613	0.0834577
0.0583097	0.122728
0.0635648	0.0826112
0.0677216	0.0817641
0.0715593	0.0809161
0.0723303	8.24209e-05
0.0768288	0.0800698
0.0820912	0.0792222
0.0895917	0.0783763
0.0950297	0.121088
0.0977755	0.0775295
0.0983402	0.121909
0.100241	0.149283
0.10422	0.0766826
0.110755	0.0758352
0.114523	0.0749879
0.117408	0.141182
0.117622	0.0741398
0.117622	0.0741398
0.122912	0.0732934
0.128065	0.0724461
0.130167	0.000572092
0.136774	0.0716004
0.146923	0.0707541
0.154094	0.0699078
0.156123	0.138819
0.161421	0.0690614
0.167757	0.0682153
0.173732	0.149496
0.174496	0.0673691
0.180833	0.0665235
0.186666	0.140397
0.187738	0.0656779
0.194225	0.0648328
0.201223	0.0639878
0.203101	0.139608
0.204979	0.149703
0.207911	0.0631434
0.212451	0.149603
0.213817	0.000690801
0.215027	0.0622991
0.221947	0.0614555
0.223145	0.128421
0.229239	0.060612
0.236437	0.0597694
0.244044	0.0589267
0.251853	0.0580851
0.258794	0.130036
0.259026	0.0572435
0.259439	0.149656
0.265417	0.0564031
0.273905	0.0555626
0.281154	0.000821378
0.282561	0.0547234
0.290754	0.0538842
0.298767	0.0530463
0.307159	0.0522086
0.314225	0.149683
0.315644	0.0513722
0.324317	0.0505361
0.327328	0.129229
0.333149	0.0497014
0.333149	0.0497014
0.342188	0.0488669
0.351794	0.048034
0.354221	0.000948577
0.361457	0.0472014
0.364309	0.149696
0.372893	0.0463705
0.383046	0.0455399
0.397086	0.0447112
0.40892	0.0438826
0.409581	0.0432186
0.412154	0.0425547
0.418917	0.00108578
0.42548	0.0418814
0.442012	0.0412082
0.44664	0.0398444
0.449111	0.0405259
0.460576	0.039153
0.460576	0.039153
0.481158	0.0384625
0.482599	0.0370652
0.482744	0.00121571
0.484914	0.0377634
0.49843	0.0363576
0.525534	0.0356509
0.528614	0.0342241
0.530473	0.0349369
0.541683	0.00135359
0.543401	0.0335023
0.5642	0.0327822
0.573438	0.0320552
0.581211	0.0313298
0.592754	0.0305971
0.602512	0.0298666
0.604678	0.00148162
0.619395	0.0291293
0.644699	0.028394
0.653787	0.0276544
0.655637	0.0269173
0.658013	0.00161491
0.671648	0.0261741
0.692061	0.025434
0.704033	0.0246907
0.714431	0.0239499
0.735574	0.0232065
0.741242	0.00196225
0.762811	0.0224653
0.77747	0.0217252
0.789425	0.0209874
0.806378	0.0202499
0.826127	0.0195158
0.84422	0.00233484
0.844641	0.0187837
0.864689	0.0180555
0.882676	0.0173306
0.901499	0.0166104
0.919988	0.0158947
0.923052	0.0027378
0.941564	0.0151843
0.960182	0.0144803
0.980331	0.0137824
0.992773	0.00316129
0.998232	0.0130921
1.01723	0.012409
1.03247	0.011735
1.03982	0.00361403
1.04157	0.0110691
1.0648	0.0104136
1.0747	0.00408281
1.09823	0.00976589
1.10564	0.0045785
1.11398	0.00913456
1.1214	0.00508729
1.12734	0.00851326
1.13054	0.0079052
1.13065	0.00616997
1.13531	0.00562091
1.13531	0.00562091
1.14421	0.00731205
1.14504	0.00673192
)
