(title "X-Wall Shear Stress")
(labels "X-Wall Shear Stress" "Position")

((xy/key/label "middleplane_pressureside")
-0.7794	0.130036
-0.724026	0.130842
-0.642094	0.139608
-0.597331	0.140397
-0.565947	0.129229
-0.498345	0.138819
-0.482526	0.131647
-0.429803	0.141182
-0.28894	0.145084
-0.225149	0.132452
-0.212085	0.145858
-0.20058	0.121909
-0.190465	0.141966
-0.190332	0.121088
-0.167548	0.144306
-0.165072	0.138029
-0.158938	0.122728
-0.121701	0.120268
-0.0912258	0.128421
-0.089135	0.123544
-0.0819365	0.000128905
-0.0787797	0.000188002
-0.0722321	0.000262319
-0.0610393	9.16272e-05
-0.0501667	0.112015
-0.0501667	0.112015
-0.0477486	0.112843
-0.0429889	0.111185
-0.0347064	0.110355
-0.0344088	0.000354999
-0.0305351	0.146632
-0.0295349	0.113672
-0.0284705	0.119447
-0.0278857	0.109523
-0.0240326	0.102843
-0.0237906	0.102004
-0.0230071	0.10368
-0.022388	0.101164
-0.0218353	0.108689
-0.0212213	0.104516
-0.0198029	0.100326
-0.0181128	0.105352
-0.0168229	0.0994857
-0.0163428	0.107855
-0.0145984	0.106186
-0.0137401	0.0986468
-0.0133751	0.107021
-0.0110953	0.0978067
-0.0110953	0.0978067
-0.00951621	7.51027e-05
-0.00867295	0.0969657
-0.00855923	0.133252
-0.00663557	0.0961238
-0.00515119	0.1145
-0.00470657	0.0952813
-0.0026415	0.0944376
3.42877e-06	0.0935954
0.00303356	0.0927515
0.00713348	0.0919092
0.0114348	0.0910655
0.0125072	0.115328
0.0162243	0.0902219
0.0209844	0.0893774
0.0212213	0.143527
0.021598	0.142747
0.0247936	0.116155
0.0249657	0.0885319
0.0288609	0.0876854
0.0334228	0.118626
0.0335327	0.0868405
0.0345167	0.11698
0.0381257	0.0859941
0.0409697	0.117803
0.0418312	0.000456317
0.0440102	0.0851494
0.0457012	0.12436
0.0500134	0.0843034
0.0561941	0.0834577
0.0625564	0.0826112
0.0667765	0.0817641
0.0707295	0.0809161
0.072961	8.24209e-05
0.0760876	0.0800698
0.0814456	0.0792222
0.0889456	0.0783763
0.0970082	0.0775295
0.103359	0.0766826
0.10981	0.0758352
0.113517	0.0749879
0.116667	0.0741398
0.116667	0.0741398
0.121962	0.0732934
0.125404	0.147401
0.127235	0.0724461
0.13117	0.000572092
0.136006	0.0716004
0.146225	0.0707541
0.153502	0.0699078
0.160812	0.0690614
0.167273	0.0682153
0.170179	0.134051
0.173945	0.0673691
0.180356	0.0665235
0.187238	0.0656779
0.193737	0.0648328
0.200804	0.0639878
0.207494	0.0631434
0.210079	0.137238
0.213046	0.000690801
0.214758	0.0622991
0.219799	0.125175
0.22167	0.0614555
0.22908	0.060612
0.229208	0.14817
0.236271	0.0597694
0.243949	0.0589267
0.251807	0.0580851
0.258963	0.0572435
0.265411	0.0564031
0.273829	0.0555626
0.27719	0.148541
0.279244	0.000821378
0.282589	0.0547234
0.2907	0.0538842
0.296705	0.148912
0.298809	0.0530463
0.307244	0.0522086
0.315798	0.0513722
0.320344	0.13485
0.324542	0.0505361
0.333341	0.0497014
0.333341	0.0497014
0.342548	0.0488669
0.348051	0.127613
0.349775	0.149283
0.351193	0.000948577
0.351998	0.048034
0.361764	0.0472014
0.372995	0.0463705
0.381371	0.125988
0.383134	0.0455399
0.396893	0.0447112
0.408595	0.0438826
0.41015	0.149703
0.410541	0.0432186
0.410703	0.136443
0.412833	0.0425547
0.415434	0.00108578
0.41804	0.149496
0.420605	0.135647
0.425411	0.0418814
0.44228	0.0412082
0.446929	0.0398444
0.449369	0.0405259
0.460696	0.039153
0.460696	0.039153
0.469595	0.126801
0.47397	0.149603
0.47898	0.00121571
0.48138	0.0384625
0.482892	0.0370652
0.48513	0.0377634
0.498538	0.0363576
0.525754	0.0356509
0.528802	0.0342241
0.530852	0.0349369
0.537729	0.00135359
0.543601	0.0335023
0.548671	0.149656
0.564416	0.0327822
0.573792	0.0320552
0.581472	0.0313298
0.593145	0.0305971
0.600587	0.00148162
0.602791	0.0298666
0.619723	0.0291293
0.633643	0.149683
0.644846	0.028394
0.653922	0.0276544
0.654069	0.00161491
0.656002	0.0269173
0.67183	0.0261741
0.692255	0.025434
0.7042	0.0246907
0.714544	0.0239499
0.722021	0.149696
0.735676	0.0232065
0.737291	0.00196225
0.762864	0.0224653
0.777596	0.0217252
0.789427	0.0209874
0.806345	0.0202499
0.826096	0.0195158
0.840176	0.00233484
0.84452	0.0187837
0.864576	0.0180555
0.882456	0.0173306
0.901232	0.0166104
0.919302	0.0027378
0.919684	0.0158947
0.941171	0.0151843
0.959806	0.0144803
0.979855	0.0137824
0.98924	0.00316129
0.997656	0.0130921
1.01659	0.012409
1.03171	0.011735
1.03657	0.00361403
1.0407	0.0110691
1.06385	0.0104136
1.07169	0.00408281
1.09713	0.00976589
1.10275	0.0045785
1.11272	0.00913456
1.11878	0.00508729
1.1259	0.00851326
1.12867	0.00616997
1.12897	0.0079052
1.133	0.00562091
1.133	0.00562091
1.14251	0.00731205
1.14325	0.00673192
)
