(title "X-Wall Shear Stress")
(labels "X-Wall Shear Stress" "Position")

((xy/key/label "middleplane_pressureside")
-0.543614	0.130036
-0.46303	0.129229
-0.455166	0.139608
-0.440252	0.130842
-0.423202	0.138819
-0.393445	0.140397
-0.336321	0.149696
-0.32622	0.138029
-0.291703	0.141182
-0.267144	0.131647
-0.26437	0.149683
-0.237181	0.141966
-0.215713	0.142747
-0.195332	0.128421
-0.195073	0.149703
-0.191144	0.137238
-0.180639	0.149656
-0.153644	0.143527
-0.136205	0.148912
-0.133273	0.121909
-0.127271	0.149283
-0.126663	0.148541
-0.120361	0.149603
-0.116091	0.121088
-0.110493	0.149496
-0.109269	0.122728
-0.107647	0.14817
-0.086743	0.132452
-0.0814137	0.000128905
-0.078324	0.000188002
-0.0777679	0.147401
-0.0724742	0.000262319
-0.0658386	0.120268
-0.061499	0.144306
-0.0607599	9.16272e-05
-0.0567464	0.146632
-0.053853	0.136443
-0.047002	0.123544
-0.0380344	0.112843
-0.037298	0.112015
-0.037298	0.112015
-0.0362392	0.111185
-0.0358767	0.145858
-0.0350627	0.000354999
-0.0348013	0.110355
-0.0344224	0.113672
-0.0328373	0.109523
-0.0301094	0.108689
-0.0278579	0.107855
-0.0268774	0.107021
-0.0266058	0.106186
-0.0263731	0.105352
-0.0260644	0.104516
-0.0256159	0.10368
-0.0251218	0.102843
-0.0240212	0.102004
-0.0236517	0.119447
-0.0235611	0.1145
-0.0223998	0.101164
-0.0203149	0.100326
-0.0197155	0.145084
-0.0179326	0.0994857
-0.0150861	0.0986468
-0.0123873	0.0978067
-0.0123873	0.0978067
-0.0118631	0.115328
-0.00953929	0.0969657
-0.00947659	7.51027e-05
-0.0089618	0.118626
-0.00683338	0.0961238
-0.00617915	0.117803
-0.00593545	0.116155
-0.00481406	0.11698
-0.00412063	0.0952813
-0.00135701	0.0944376
0.00215039	0.0935954
0.00575866	0.0927515
0.0103255	0.0919092
0.0150307	0.0910655
0.0200362	0.0902219
0.0250027	0.0893774
0.0290392	0.0885319
0.032949	0.0876854
0.0376875	0.0868405
0.0407488	0.000456317
0.0421591	0.133252
0.0424882	0.0859941
0.0485717	0.0851494
0.0501361	0.135647
0.0548603	0.0843034
0.0612414	0.0834577
0.0629385	0.12436
0.0678276	0.0826112
0.0720367	0.0817641
0.0728647	8.24209e-05
0.0758405	0.0809161
0.0810749	0.0800698
0.0862741	0.0792222
0.0937304	0.0783763
0.10184	0.0775295
0.104016	0.134051
0.108152	0.0766826
0.109123	0.13485
0.11458	0.0758352
0.118258	0.0749879
0.121134	0.0741398
0.121134	0.0741398
0.126373	0.0732934
0.130151	0.000572092
0.131465	0.0724461
0.140091	0.0716004
0.141642	0.127613
0.150347	0.0707541
0.157399	0.0699078
0.16474	0.0690614
0.170964	0.0682153
0.177591	0.0673691
0.183884	0.0665235
0.19061	0.0656779
0.195222	0.125175
0.197114	0.0648328
0.203965	0.0639878
0.21068	0.0631434
0.21252	0.000690801
0.217722	0.0622991
0.224611	0.0614555
0.23191	0.060612
0.239008	0.0597694
0.24664	0.0589267
0.254294	0.0580851
0.261463	0.0572435
0.267731	0.0564031
0.276146	0.0555626
0.278768	0.000821378
0.284748	0.0547234
0.292827	0.0538842
0.300939	0.0530463
0.305394	0.125988
0.30926	0.0522086
0.31781	0.0513722
0.32637	0.0505361
0.331834	0.126801
0.335252	0.0497014
0.335252	0.0497014
0.344261	0.0488669
0.350999	0.000948577
0.353671	0.048034
0.363381	0.0472014
0.374538	0.0463705
0.384643	0.0455399
0.398529	0.0447112
0.410599	0.0438826
0.411769	0.0432186
0.41389	0.0425547
0.415459	0.00108578
0.426894	0.0418814
0.443597	0.0412082
0.448164	0.0398444
0.45062	0.0405259
0.461905	0.039153
0.461905	0.039153
0.479239	0.00121571
0.482577	0.0384625
0.483972	0.0370652
0.486295	0.0377634
0.499586	0.0363576
0.526846	0.0356509
0.52977	0.0342241
0.531933	0.0349369
0.538234	0.00135359
0.5446	0.0335023
0.565431	0.0327822
0.574747	0.0320552
0.582415	0.0313298
0.594061	0.0305971
0.601318	0.00148162
0.603639	0.0298666
0.62052	0.0291293
0.645588	0.028394
0.654779	0.0276544
0.655011	0.00161491
0.656829	0.0269173
0.672554	0.0261741
0.692998	0.025434
0.7049	0.0246907
0.715248	0.0239499
0.736365	0.0232065
0.738445	0.00196225
0.763551	0.0224653
0.778274	0.0217252
0.790076	0.0209874
0.806998	0.0202499
0.826722	0.0195158
0.841467	0.00233484
0.845146	0.0187837
0.865191	0.0180555
0.88306	0.0173306
0.901846	0.0166104
0.920278	0.0158947
0.920655	0.0027378
0.941766	0.0151843
0.960387	0.0144803
0.980429	0.0137824
0.990599	0.00316129
0.998237	0.0130921
1.01718	0.012409
1.03231	0.011735
1.03785	0.00361403
1.04132	0.0110691
1.06447	0.0104136
1.07287	0.00408281
1.09777	0.00976589
1.10387	0.0045785
1.11339	0.00913456
1.11983	0.00508729
1.12663	0.00851326
1.12953	0.00616997
1.12972	0.0079052
1.13398	0.00562091
1.13398	0.00562091
1.14328	0.00731205
1.14403	0.00673192
)
