(title "X-Wall Shear Stress")
(labels "X-Wall Shear Stress" "Position")

((xy/key/label "middleplane_pressureside")
-0.739773	0.138819
-0.728079	0.138029
-0.620749	0.137238
-0.587739	0.139608
-0.485892	0.130036
-0.483566	0.129229
-0.414562	0.136443
-0.322699	0.130842
-0.281806	0.140397
-0.278652	0.128421
-0.17107	0.149696
-0.134416	0.121909
-0.11852	0.122728
-0.11605	0.135647
-0.110553	0.149703
-0.109643	0.131647
-0.108592	0.149683
-0.10022	0.121088
-0.0793921	0.000128905
-0.0755641	0.000188002
-0.0703652	0.000262319
-0.059708	9.16272e-05
-0.0549691	0.123544
-0.0467026	0.113672
-0.0452894	0.149656
-0.0448277	0.112843
-0.0439909	0.120268
-0.0409039	0.112015
-0.0409039	0.112015
-0.0395423	0.1145
-0.0372848	0.111185
-0.0346358	0.000354999
-0.0341737	0.110355
-0.0314167	0.109523
-0.0302477	0.105352
-0.0302375	0.106186
-0.0298305	0.104516
-0.0294451	0.107021
-0.0290885	0.108689
-0.0289166	0.10368
-0.0285951	0.107855
-0.0277133	0.102843
-0.0257817	0.102004
-0.0248608	0.115328
-0.0236067	0.101164
-0.0211871	0.100326
-0.0187359	0.0994857
-0.016112	0.0986468
-0.0137573	0.116155
-0.013571	0.0978067
-0.013571	0.0978067
-0.0108374	0.0969657
-0.00934041	7.51027e-05
-0.00824106	0.149603
-0.00809474	0.0961238
-0.0072442	0.11698
-0.0071131	0.119447
-0.00527406	0.0952813
-0.00255692	0.117803
-0.00224376	0.0944376
0.000635443	0.118626
0.00069048	0.141182
0.00134963	0.0935954
0.00506924	0.0927515
0.00971437	0.0919092
0.0102499	0.149496
0.0143357	0.0910655
0.0192888	0.0902219
0.0241833	0.0893774
0.0281861	0.0885319
0.0321504	0.0876854
0.0358719	0.149283
0.0370217	0.0868405
0.0374037	0.127613
0.0390078	0.12436
0.0403492	0.000456317
0.0418329	0.0859941
0.0479752	0.0851494
0.0542384	0.0843034
0.0582092	0.148912
0.0605436	0.0834577
0.0653766	0.148541
0.0670086	0.0826112
0.0701945	0.132452
0.0710862	0.0817641
0.0725512	8.24209e-05
0.0748638	0.0809161
0.074909	0.14817
0.0800859	0.0800698
0.0853256	0.0792222
0.0927658	0.0783763
0.0951801	0.147401
0.10084	0.0775295
0.107143	0.0766826
0.113537	0.0758352
0.117084	0.0749879
0.120019	0.0741398
0.120019	0.0741398
0.125158	0.0732934
0.130146	0.000572092
0.130243	0.0724461
0.138191	0.146632
0.13889	0.0716004
0.144212	0.13485
0.144734	0.125175
0.149035	0.0707541
0.156168	0.0699078
0.163366	0.0690614
0.169682	0.0682153
0.169838	0.141966
0.176229	0.0673691
0.182515	0.0665235
0.189283	0.0656779
0.190601	0.145858
0.192145	0.133252
0.195679	0.0648328
0.202634	0.0639878
0.209194	0.0631434
0.213384	0.000690801
0.216331	0.0622991
0.216571	0.145084
0.223132	0.0614555
0.230465	0.060612
0.232357	0.144306
0.236239	0.134051
0.237583	0.0597694
0.239813	0.125988
0.24328	0.126801
0.245123	0.0589267
0.248344	0.142747
0.252869	0.0580851
0.255136	0.143527
0.259962	0.0572435
0.26635	0.0564031
0.274677	0.0555626
0.280386	0.000821378
0.28337	0.0547234
0.291451	0.0538842
0.299497	0.0530463
0.307815	0.0522086
0.316269	0.0513722
0.324987	0.0505361
0.333752	0.0497014
0.333752	0.0497014
0.342891	0.0488669
0.352354	0.048034
0.353142	0.000948577
0.362096	0.0472014
0.373325	0.0463705
0.383396	0.0455399
0.397198	0.0447112
0.408836	0.0438826
0.410579	0.0432186
0.412906	0.0425547
0.417671	0.00108578
0.425584	0.0418814
0.442381	0.0412082
0.446993	0.0398444
0.44946	0.0405259
0.460799	0.039153
0.460799	0.039153
0.481392	0.00121571
0.481435	0.0384625
0.482908	0.0370652
0.485179	0.0377634
0.498609	0.0363576
0.525765	0.0356509
0.528798	0.0342241
0.530788	0.0349369
0.540246	0.00135359
0.543604	0.0335023
0.564407	0.0327822
0.573729	0.0320552
0.581432	0.0313298
0.593062	0.0305971
0.602731	0.0298666
0.603175	0.00148162
0.619608	0.0291293
0.64477	0.028394
0.653925	0.0276544
0.655968	0.0269173
0.656547	0.00161491
0.671775	0.0261741
0.692224	0.025434
0.70417	0.0246907
0.714549	0.0239499
0.735696	0.0232065
0.739764	0.00196225
0.762919	0.0224653
0.777619	0.0217252
0.789499	0.0209874
0.806459	0.0202499
0.826204	0.0195158
0.842706	0.00233484
0.844686	0.0187837
0.864746	0.0180555
0.88269	0.0173306
0.901498	0.0166104
0.919975	0.0158947
0.921638	0.0027378
0.94151	0.0151843
0.960148	0.0144803
0.980265	0.0137824
0.991446	0.00316129
0.998112	0.0130921
1.01709	0.012409
1.03229	0.011735
1.03863	0.00361403
1.04134	0.0110691
1.06454	0.0104136
1.07358	0.00408281
1.09792	0.00976589
1.10456	0.0045785
1.11361	0.00913456
1.12045	0.00508729
1.1269	0.00851326
1.12998	0.00616997
1.13004	0.0079052
1.1345	0.00562091
1.1345	0.00562091
1.14366	0.00731205
1.14445	0.00673192
)
