(title "X-Wall Shear Stress")
(labels "X-Wall Shear Stress" "Position")

((xy/key/label "middleplane_pressureside")
-0.670922	0.142747
-0.653134	0.143527
-0.616934	0.131647
-0.587764	0.141966
-0.573056	0.132452
-0.558092	0.144306
-0.432166	0.141182
-0.423623	0.130842
-0.423129	0.145084
-0.369764	0.133252
-0.297194	0.145858
-0.276728	0.140397
-0.22344	0.138819
-0.217693	0.138029
-0.208164	0.139608
-0.19983	0.137238
-0.193059	0.134051
-0.187845	0.146632
-0.179352	0.136443
-0.122116	0.135647
-0.113857	0.130036
-0.103323	0.13485
-0.0971081	0.147401
-0.0876147	0.12436
-0.080269	0.000128905
-0.0761674	0.000188002
-0.0711681	0.123544
-0.0695046	0.000262319
-0.0602655	9.16272e-05
-0.0551938	0.122728
-0.0493784	0.125175
-0.0491158	0.121909
-0.0403571	0.112015
-0.0403571	0.112015
-0.0400016	0.112843
-0.0398807	0.14817
-0.039317	0.111185
-0.0384057	0.121088
-0.0380506	0.110355
-0.0362529	0.109523
-0.0360249	0.113672
-0.0337346	0.108689
-0.033222	0.000354999
-0.0313955	0.107855
-0.0307166	0.104516
-0.030664	0.105352
-0.0303324	0.106186
-0.0303045	0.10368
-0.0302209	0.107021
-0.0299513	0.1145
-0.0296404	0.102843
-0.0282951	0.102004
-0.0264288	0.101164
-0.0259261	0.115328
-0.0255433	0.11698
-0.0254858	0.116155
-0.0244389	0.117803
-0.0241119	0.100326
-0.0236737	0.120268
-0.0217974	0.0994857
-0.0208934	0.118626
-0.0193531	0.0986468
-0.0172833	0.119447
-0.0170119	0.0978067
-0.0170119	0.0978067
-0.0145073	0.0969657
-0.0120398	0.0961238
-0.00941783	7.51027e-05
-0.00940613	0.0952813
-0.0089079	0.148541
-0.00649909	0.0944376
-0.00297415	0.0935954
0.000729509	0.0927515
0.00526337	0.0919092
0.00978841	0.0910655
0.0146501	0.0902219
0.0194191	0.0893774
0.0229723	0.148912
0.0233853	0.0885319
0.0245522	0.125988
0.0273485	0.0876854
0.0321892	0.0868405
0.0370571	0.0859941
0.0421076	0.000456317
0.0432386	0.0851494
0.0495369	0.0843034
0.0559437	0.0834577
0.0624629	0.0826112
0.0667474	0.0817641
0.0707111	0.0809161
0.0727694	8.24209e-05
0.0760531	0.0800698
0.0808147	0.149283
0.0813762	0.0792222
0.088853	0.0783763
0.0932593	0.126801
0.0969666	0.0775295
0.103388	0.0766826
0.109861	0.0758352
0.113597	0.0749879
0.116819	0.0741398
0.116819	0.0741398
0.122105	0.0732934
0.124844	0.129229
0.127396	0.0724461
0.131965	0.000572092
0.136145	0.0716004
0.146357	0.0707541
0.153545	0.0699078
0.15734	0.127613
0.160827	0.0690614
0.16157	0.149496
0.167224	0.0682153
0.173847	0.0673691
0.18028	0.0665235
0.187118	0.0656779
0.188524	0.128421
0.193675	0.0648328
0.200706	0.0639878
0.207389	0.0631434
0.214445	0.000690801
0.214641	0.0622991
0.221527	0.0614555
0.22897	0.060612
0.236091	0.0597694
0.240166	0.149603
0.243764	0.0589267
0.251496	0.0580851
0.258641	0.0572435
0.265039	0.0564031
0.27351	0.0555626
0.276194	0.149703
0.28112	0.000821378
0.282283	0.0547234
0.290365	0.0538842
0.298499	0.0530463
0.306866	0.0522086
0.315552	0.0513722
0.324173	0.0505361
0.325867	0.149656
0.33302	0.0497014
0.33302	0.0497014
0.342212	0.0488669
0.351562	0.048034
0.353371	0.000948577
0.361363	0.0472014
0.372551	0.0463705
0.382666	0.0455399
0.396683	0.0447112
0.40885	0.0438826
0.40928	0.149683
0.409987	0.0432186
0.412088	0.0425547
0.41774	0.00108578
0.425197	0.0418814
0.44187	0.0412082
0.446574	0.0398444
0.449107	0.0405259
0.460455	0.039153
0.460455	0.039153
0.481013	0.0384625
0.481302	0.00121571
0.482611	0.0370652
0.483036	0.149696
0.48478	0.0377634
0.49819	0.0363576
0.525455	0.0356509
0.52854	0.0342241
0.530476	0.0349369
0.54001	0.00135359
0.543319	0.0335023
0.564177	0.0327822
0.57357	0.0320552
0.581276	0.0313298
0.592954	0.0305971
0.602532	0.0298666
0.602802	0.00148162
0.61941	0.0291293
0.644453	0.028394
0.653764	0.0276544
0.655858	0.0269173
0.656047	0.00161491
0.671544	0.0261741
0.692051	0.025434
0.703935	0.0246907
0.714369	0.0239499
0.735517	0.0232065
0.73912	0.00196225
0.76272	0.0224653
0.777465	0.0217252
0.789284	0.0209874
0.806271	0.0202499
0.825998	0.0195158
0.841975	0.00233484
0.844464	0.0187837
0.864511	0.0180555
0.882406	0.0173306
0.901252	0.0166104
0.91967	0.0158947
0.920815	0.0027378
0.941218	0.0151843
0.95986	0.0144803
0.979899	0.0137824
0.990555	0.00316129
0.997769	0.0130921
1.01672	0.012409
1.03188	0.011735
1.03773	0.00361403
1.04091	0.0110691
1.06408	0.0104136
1.07271	0.00408281
1.09741	0.00976589
1.10371	0.0045785
1.11306	0.00913456
1.11964	0.00508729
1.12631	0.00851326
1.12925	0.00616997
1.12943	0.0079052
1.13372	0.00562091
1.13372	0.00562091
1.14299	0.00731205
1.14375	0.00673192
)
