(title "X-Wall Shear Stress")
(labels "X-Wall Shear Stress" "Position")

((xy/key/label "middleplane_pressureside")
-0.912223	0.136443
-0.856183	0.135647
-0.783326	0.137238
-0.652115	0.13485
-0.522424	0.138029
-0.496257	0.127613
-0.41526	0.128421
-0.329277	0.134051
-0.323862	0.126801
-0.214	0.138819
-0.113647	0.129229
-0.0821583	0.000128905
-0.0794015	0.000188002
-0.073483	0.000262319
-0.0611188	9.16272e-05
-0.0562397	0.125988
-0.0524673	0.119447
-0.049316	0.120268
-0.0428243	0.118626
-0.0394068	0.147401
-0.0353035	0.000354999
-0.0345041	0.117803
-0.0334021	0.149703
-0.0312243	0.14817
-0.0302604	0.11698
-0.0281536	0.149696
-0.0278249	0.116155
-0.0269255	0.112015
-0.0269255	0.112015
-0.026825	0.111185
-0.0264122	0.110355
-0.0255184	0.109523
-0.0253608	0.112843
-0.024838	0.108689
-0.0242468	0.107855
-0.0241016	0.105352
-0.0240803	0.104516
-0.024041	0.115328
-0.0240214	0.106186
-0.0238529	0.107021
-0.0236275	0.10368
-0.0229442	0.102843
-0.0216005	0.102004
-0.0215533	0.113672
-0.0205213	0.1145
-0.019961	0.101164
-0.0179342	0.100326
-0.0159128	0.0994857
-0.0138871	0.148541
-0.0135766	0.0986468
-0.0134642	0.146632
-0.011346	0.0978067
-0.011346	0.0978067
-0.00952126	7.51027e-05
-0.00939016	0.121088
-0.00901441	0.0969657
-0.00672083	0.0961238
-0.00420897	0.0952813
-0.00138776	0.0944376
0.00200582	0.0935954
0.00567853	0.0927515
0.0101552	0.0919092
0.0108093	0.149683
0.0146478	0.0910655
0.0194181	0.0902219
0.0197831	0.133252
0.0211482	0.148912
0.0240807	0.0893774
0.027848	0.0885319
0.0315572	0.0876854
0.0362009	0.0868405
0.0409189	0.0859941
0.0411465	0.000456317
0.0457939	0.149283
0.0470323	0.0851494
0.0495021	0.149656
0.0529783	0.121909
0.0533052	0.0843034
0.0596734	0.0834577
0.0602266	0.149496
0.060813	0.145858
0.0661689	0.0826112
0.0666352	0.149603
0.0703558	0.0817641
0.0730314	8.24209e-05
0.0741515	0.0809161
0.0793276	0.0800698
0.0844541	0.0792222
0.0916013	0.139608
0.0918239	0.0783763
0.099912	0.0775295
0.106241	0.0766826
0.112624	0.0758352
0.114951	0.122728
0.11635	0.0749879
0.119368	0.0741398
0.119368	0.0741398
0.123852	0.125175
0.124524	0.0732934
0.129697	0.0724461
0.130125	0.000572092
0.138294	0.0716004
0.148467	0.0707541
0.155571	0.0699078
0.157351	0.123544
0.159822	0.130036
0.162768	0.145084
0.162835	0.0690614
0.167296	0.12436
0.169151	0.0682153
0.175762	0.0673691
0.182121	0.0665235
0.188909	0.0656779
0.19542	0.0648328
0.202352	0.0639878
0.209027	0.0631434
0.211946	0.000690801
0.216124	0.0622991
0.22298	0.0614555
0.230283	0.060612
0.232623	0.132452
0.237392	0.0597694
0.245005	0.0589267
0.252725	0.0580851
0.259883	0.0572435
0.266231	0.0564031
0.274693	0.0555626
0.278064	0.000821378
0.278192	0.144306
0.283341	0.0547234
0.285769	0.130842
0.291497	0.0538842
0.299555	0.0530463
0.306337	0.131647
0.307912	0.0522086
0.316404	0.0513722
0.317316	0.140397
0.32503	0.0505361
0.333888	0.0497014
0.333888	0.0497014
0.342883	0.0488669
0.350087	0.000948577
0.352407	0.048034
0.362067	0.143527
0.362098	0.0472014
0.373387	0.0463705
0.383501	0.0455399
0.391562	0.142747
0.396079	0.141966
0.396285	0.141182
0.397469	0.0447112
0.409452	0.0438826
0.410411	0.0432186
0.412743	0.0425547
0.41436	0.00108578
0.425883	0.0418814
0.442499	0.0412082
0.447114	0.0398444
0.44956	0.0405259
0.460942	0.039153
0.460942	0.039153
0.47797	0.00121571
0.48156	0.0384625
0.483012	0.0370652
0.485294	0.0377634
0.498695	0.0363576
0.525926	0.0356509
0.528953	0.0342241
0.530975	0.0349369
0.536797	0.00135359
0.543771	0.0335023
0.564583	0.0327822
0.573854	0.0320552
0.581588	0.0313298
0.593168	0.0305971
0.599737	0.00148162
0.602833	0.0298666
0.619688	0.0291293
0.644831	0.028394
0.653367	0.00161491
0.654084	0.0276544
0.655986	0.0269173
0.671818	0.0261741
0.692255	0.025434
0.704178	0.0246907
0.714582	0.0239499
0.73569	0.0232065
0.73669	0.00196225
0.762895	0.0224653
0.777528	0.0217252
0.789394	0.0209874
0.806354	0.0202499
0.826034	0.0195158
0.839608	0.00233484
0.844515	0.0187837
0.864508	0.0180555
0.882413	0.0173306
0.901199	0.0166104
0.918847	0.0027378
0.919591	0.0158947
0.941118	0.0151843
0.959715	0.0144803
0.979742	0.0137824
0.988852	0.00316129
0.997566	0.0130921
1.01647	0.012409
1.03158	0.011735
1.03622	0.00361403
1.04056	0.0110691
1.0637	0.0104136
1.07136	0.00408281
1.09696	0.00976589
1.10242	0.0045785
1.11253	0.00913456
1.11847	0.00508729
1.12569	0.00851326
1.12842	0.00616997
1.12875	0.0079052
1.13272	0.00562091
1.13272	0.00562091
1.14228	0.00731205
1.14301	0.00673192
)
