(title "X-Wall Shear Stress")
(labels "X-Wall Shear Stress" "Position")

((xy/key/label "middleplane_pressureside")
-0.570078	0.133252
-0.471071	0.134051
-0.392939	0.132452
-0.370109	0.12436
-0.286931	0.123544
-0.261194	0.125175
-0.202131	0.13485
-0.183197	0.130842
-0.181607	0.131647
-0.144671	0.130036
-0.105536	0.122728
-0.0831825	0.000128905
-0.0810004	0.000188002
-0.0797597	0.141182
-0.07542	0.000262319
-0.0616391	9.16272e-05
-0.0606907	0.140397
-0.0554477	0.116155
-0.0521834	0.115328
-0.0508814	0.11698
-0.0488541	0.1145
-0.0398335	0.113672
-0.0365081	0.000354999
-0.0292069	0.106186
-0.0287322	0.105352
-0.0274057	0.104516
-0.0273021	0.107021
-0.0259908	0.10368
-0.0245783	0.102843
-0.0239133	0.107855
-0.0238485	0.112843
-0.0229675	0.102004
-0.0213982	0.101164
-0.0205846	0.141966
-0.0201227	0.100326
-0.0196603	0.108689
-0.0187356	0.0994857
-0.0170996	0.0986468
-0.0161611	0.109523
-0.015376	0.0978067
-0.015376	0.0978067
-0.0132237	0.110355
-0.0131881	0.0969657
-0.013086	0.117803
-0.0115983	0.112015
-0.0115983	0.112015
-0.0109265	0.0961238
-0.0099189	0.111185
-0.00959516	7.51027e-05
-0.00838149	0.0952813
-0.00762068	0.145858
-0.00555729	0.0944376
-0.0021683	0.0935954
0.00124329	0.0927515
0.00435736	0.125988
0.00556915	0.0919092
0.00981539	0.0910655
0.0117245	0.146632
0.0144306	0.0902219
0.0190563	0.0893774
0.0230575	0.0885319
0.0261992	0.145084
0.0269432	0.0876854
0.0311126	0.142747
0.0318287	0.0868405
0.0367907	0.0859941
0.0378844	0.139608
0.0395976	0.000456317
0.0405542	0.149283
0.0430291	0.0851494
0.0485	0.149496
0.0489972	0.144306
0.0494351	0.0843034
0.0538357	0.143527
0.0558414	0.0834577
0.0600307	0.118626
0.0602867	0.121909
0.062413	0.0826112
0.0666233	0.0817641
0.0705408	0.0809161
0.0732391	0.147401
0.0732892	8.24209e-05
0.0758538	0.0800698
0.0811402	0.0792222
0.0816697	0.148912
0.0828974	0.135647
0.0887087	0.0783763
0.0969393	0.0775295
0.101	0.149603
0.103419	0.0766826
0.110013	0.0758352
0.113891	0.0749879
0.117078	0.0741398
0.117078	0.0741398
0.119047	0.138819
0.121204	0.129229
0.122462	0.0732934
0.122717	0.14817
0.127694	0.0724461
0.128023	0.000572092
0.12869	0.148541
0.136482	0.0716004
0.141645	0.119447
0.146649	0.0707541
0.152265	0.121088
0.153899	0.0699078
0.161238	0.0690614
0.167631	0.0682153
0.174427	0.0673691
0.179626	0.120268
0.180793	0.0665235
0.18778	0.0656779
0.189753	0.149656
0.191355	0.138029
0.19428	0.0648328
0.201348	0.0639878
0.208049	0.0631434
0.209869	0.000690801
0.215211	0.0622991
0.218478	0.149703
0.222152	0.0614555
0.229454	0.060612
0.236679	0.0597694
0.244271	0.0589267
0.246181	0.126801
0.251338	0.136443
0.252132	0.0580851
0.259327	0.0572435
0.265708	0.137238
0.265792	0.0564031
0.274245	0.0555626
0.275355	0.000821378
0.282928	0.0547234
0.285914	0.149683
0.291096	0.0538842
0.299136	0.0530463
0.307564	0.0522086
0.316025	0.0513722
0.324703	0.0505361
0.3335	0.0497014
0.3335	0.0497014
0.342579	0.0488669
0.347027	0.000948577
0.350473	0.128421
0.35208	0.048034
0.361821	0.0472014
0.364068	0.127613
0.369349	0.149696
0.373133	0.0463705
0.383232	0.0455399
0.397179	0.0447112
0.409059	0.0438826
0.410233	0.0432186
0.411106	0.00108578
0.41257	0.0425547
0.42558	0.0418814
0.442225	0.0412082
0.446887	0.0398444
0.449328	0.0405259
0.460695	0.039153
0.460695	0.039153
0.474701	0.00121571
0.481315	0.0384625
0.482774	0.0370652
0.485038	0.0377634
0.498458	0.0363576
0.525663	0.0356509
0.528656	0.0342241
0.530697	0.0349369
0.533579	0.00135359
0.543495	0.0335023
0.56431	0.0327822
0.573538	0.0320552
0.581286	0.0313298
0.592862	0.0305971
0.59663	0.00148162
0.602571	0.0298666
0.619478	0.0291293
0.644673	0.028394
0.650586	0.00161491
0.65376	0.0276544
0.655636	0.0269173
0.671591	0.0261741
0.691975	0.025434
0.70393	0.0246907
0.71431	0.0239499
0.734097	0.00196225
0.735408	0.0232065
0.762587	0.0224653
0.777229	0.0217252
0.789102	0.0209874
0.806026	0.0202499
0.825722	0.0195158
0.837035	0.00233484
0.844179	0.0187837
0.864163	0.0180555
0.882047	0.0173306
0.900816	0.0166104
0.916588	0.0027378
0.919194	0.0158947
0.940703	0.0151843
0.959289	0.0144803
0.979273	0.0137824
0.986794	0.00316129
0.997078	0.0130921
1.01595	0.012409
1.031	0.011735
1.03432	0.00361403
1.03993	0.0110691
1.06303	0.0104136
1.06962	0.00408281
1.09623	0.00976589
1.10076	0.0045785
1.11171	0.00913456
1.11693	0.00508729
1.12476	0.00851326
1.12721	0.00616997
1.12775	0.0079052
1.13132	0.00562091
1.13132	0.00562091
1.14125	0.00731205
1.14193	0.00673192
)
