(title "X-Wall Shear Stress")
(labels "X-Wall Shear Stress" "Position")

((xy/key/label "middleplane_pressureside")
-0.345597	0.129229
-0.336196	0.128421
-0.28104	0.136443
-0.275351	0.135647
-0.261637	0.137238
-0.259493	0.127613
-0.226912	0.130036
-0.223417	0.13485
-0.164146	0.138029
-0.130673	0.149696
-0.112764	0.126801
-0.0961818	0.119447
-0.0881901	0.149703
-0.0825948	0.000128905
-0.0817249	0.149683
-0.0800842	0.000188002
-0.077615	0.120268
-0.0747184	0.118626
-0.0742547	0.000262319
-0.062035	0.145858
-0.0612848	9.16272e-05
-0.0492681	0.134051
-0.0489598	0.146632
-0.0390348	0.117803
-0.0357165	0.000354999
-0.0352544	0.109523
-0.034621	0.110355
-0.0343332	0.108689
-0.032862	0.149656
-0.0320599	0.111185
-0.0319422	0.107855
-0.0319343	0.121088
-0.0282482	0.107021
-0.0244891	0.106186
-0.0241255	0.112015
-0.0241255	0.112015
-0.0232194	0.101164
-0.0230784	0.102004
-0.0227492	0.102843
-0.022696	0.100326
-0.0226407	0.105352
-0.022299	0.10368
-0.0222089	0.104516
-0.0215281	0.0994857
-0.0194663	0.0986468
-0.0174814	0.11698
-0.0171787	0.0978067
-0.0171787	0.0978067
-0.017177	0.138819
-0.016789	0.145084
-0.0144014	0.0969657
-0.0116098	0.0961238
-0.0112737	0.112843
-0.00954952	7.51027e-05
-0.00863001	0.0952813
-0.00660584	0.116155
-0.00580414	0.0944376
-0.00411712	0.147401
-0.00244154	0.0935954
-0.000747299	0.113672
0.000533242	0.115328
0.00080702	0.0927515
0.00279073	0.1145
0.00440084	0.149603
0.00472808	0.0919092
0.00884846	0.0910655
0.0133548	0.0902219
0.0157967	0.121909
0.0179078	0.0893774
0.0186501	0.130842
0.0217853	0.0885319
0.0258745	0.0876854
0.0307188	0.0868405
0.0321794	0.149496
0.0356	0.14817
0.0356845	0.0859941
0.0409316	0.000456317
0.0418357	0.0851494
0.0480619	0.0843034
0.0498211	0.148541
0.0544184	0.0834577
0.0576498	0.149283
0.0608396	0.0826112
0.0651206	0.0817641
0.0653335	0.148912
0.0673475	0.122728
0.0690605	0.0809161
0.0730092	8.24209e-05
0.0744075	0.0800698
0.0790491	0.144306
0.0797382	0.0792222
0.0813938	0.125988
0.0821292	0.139608
0.0872963	0.0783763
0.0954716	0.0775295
0.0983826	0.141182
0.0991504	0.141966
0.100489	0.140397
0.101967	0.0766826
0.108075	0.142747
0.108503	0.0758352
0.112348	0.0749879
0.115546	0.0741398
0.115546	0.0741398
0.120934	0.0732934
0.125343	0.143527
0.126128	0.0724461
0.129942	0.000572092
0.134911	0.0716004
0.135096	0.123544
0.145137	0.0707541
0.152343	0.0699078
0.159843	0.0690614
0.166174	0.0682153
0.17302	0.0673691
0.179405	0.0665235
0.181809	0.133252
0.186341	0.0656779
0.192913	0.0648328
0.198478	0.12436
0.199916	0.0639878
0.202848	0.125175
0.20667	0.0631434
0.211958	0.000690801
0.213797	0.0622991
0.220814	0.0614555
0.228146	0.060612
0.233511	0.131647
0.235451	0.0597694
0.243135	0.0589267
0.251008	0.0580851
0.258177	0.0572435
0.264611	0.0564031
0.27316	0.0555626
0.27813	0.000821378
0.281722	0.0547234
0.289994	0.0538842
0.296957	0.132452
0.297969	0.0530463
0.306494	0.0522086
0.314956	0.0513722
0.323642	0.0505361
0.332631	0.0497014
0.332631	0.0497014
0.341675	0.0488669
0.350191	0.000948577
0.3513	0.048034
0.361083	0.0472014
0.372547	0.0463705
0.382632	0.0455399
0.396408	0.0447112
0.407751	0.0438826
0.409469	0.0432186
0.412211	0.0425547
0.414463	0.00108578
0.424893	0.0418814
0.441684	0.0412082
0.446359	0.0398444
0.448742	0.0405259
0.460157	0.039153
0.460157	0.039153
0.478085	0.00121571
0.480841	0.0384625
0.482299	0.0370652
0.484604	0.0377634
0.498104	0.0363576
0.525157	0.0356509
0.528208	0.0342241
0.530189	0.0349369
0.536924	0.00135359
0.543088	0.0335023
0.56386	0.0327822
0.573128	0.0320552
0.580874	0.0313298
0.592498	0.0305971
0.599875	0.00148162
0.602262	0.0298666
0.619205	0.0291293
0.644458	0.028394
0.65334	0.0276544
0.653486	0.00161491
0.655392	0.0269173
0.671365	0.0261741
0.691729	0.025434
0.703739	0.0246907
0.714054	0.0239499
0.735178	0.0232065
0.736787	0.00196225
0.76239	0.0224653
0.777098	0.0217252
0.788971	0.0209874
0.805878	0.0202499
0.825638	0.0195158
0.839663	0.00233484
0.844063	0.0187837
0.864122	0.0180555
0.882008	0.0173306
0.900784	0.0166104
0.918847	0.0027378
0.919246	0.0158947
0.940728	0.0151843
0.959359	0.0144803
0.979411	0.0137824
0.988814	0.00316129
0.997216	0.0130921
1.01614	0.012409
1.03127	0.011735
1.03614	0.00361403
1.04026	0.0110691
1.0634	0.0104136
1.07125	0.00408281
1.09667	0.00976589
1.10229	0.0045785
1.11226	0.00913456
1.11831	0.00508729
1.12543	0.00851326
1.12822	0.00616997
1.1285	0.0079052
1.13253	0.00562091
1.13253	0.00562091
1.14205	0.00731205
1.14279	0.00673192
)
