(title "X-Wall Shear Stress")
(labels "X-Wall Shear Stress" "Position")

((xy/key/label "middleplane_pressureside")
-1.86968	0.149696
-1.41358	0.149683
-1.10644	0.149703
-0.834212	0.149656
-0.738787	0.138029
-0.72328	0.137238
-0.674219	0.129229
-0.671899	0.128421
-0.565455	0.138819
-0.511329	0.136443
-0.458075	0.148912
-0.413469	0.149603
-0.409477	0.127613
-0.409252	0.130036
-0.407502	0.149283
-0.384587	0.148541
-0.339234	0.139608
-0.318449	0.149496
-0.287464	0.14817
-0.163549	0.147401
-0.137889	0.140397
-0.133819	0.135647
-0.110398	0.119447
-0.105709	0.120268
-0.082998	0.000128905
-0.0804582	0.000188002
-0.0792536	0.130842
-0.0764776	0.118626
-0.0740767	0.000262319
-0.0615573	9.16272e-05
-0.0569542	0.121088
-0.0415391	0.117803
-0.0400927	0.126801
-0.0352795	0.000354999
-0.0349644	0.109523
-0.0346262	0.110355
-0.0342188	0.108689
-0.0336789	0.111185
-0.0326039	0.107855
-0.030137	0.107021
-0.0289875	0.112015
-0.0289875	0.112015
-0.0286121	0.106186
-0.0285016	0.104516
-0.0283878	0.105352
-0.0282124	0.10368
-0.0276924	0.102843
-0.0267415	0.102004
-0.0254879	0.101164
-0.023744	0.100326
-0.0222137	0.11698
-0.0217008	0.0994857
-0.0195444	0.0986468
-0.0175474	0.0978067
-0.0175474	0.0978067
-0.0168229	0.112843
-0.0152894	0.0969657
-0.0129878	0.116155
-0.0129718	0.0961238
-0.0104024	0.0952813
-0.00958278	7.51027e-05
-0.00753568	0.0944376
-0.00523077	0.115328
-0.00459723	0.113672
-0.00402116	0.0935954
-0.000820981	0.1145
-0.000400376	0.0927515
0.00414088	0.0919092
0.00738402	0.146632
0.00857739	0.0910655
0.0120524	0.141182
0.0133155	0.0902219
0.0138451	0.121909
0.0180013	0.0893774
0.0219307	0.0885319
0.0258472	0.0876854
0.0307391	0.0868405
0.0356904	0.0859941
0.0413178	0.000456317
0.0418934	0.0851494
0.0482557	0.0843034
0.0546714	0.0834577
0.0612331	0.0826112
0.0655125	0.0817641
0.0694729	0.0809161
0.0732322	8.24209e-05
0.0748086	0.0800698
0.0778189	0.141966
0.0801367	0.0792222
0.0814329	0.122728
0.0876669	0.0783763
0.0958374	0.0775295
0.102284	0.0766826
0.10882	0.0758352
0.110481	0.142747
0.112646	0.0749879
0.115853	0.0741398
0.115853	0.0741398
0.121228	0.0732934
0.126443	0.0724461
0.130059	0.000572092
0.135098	0.145858
0.135245	0.0716004
0.143936	0.123544
0.145399	0.0707541
0.152649	0.0699078
0.160037	0.0690614
0.16149	0.143527
0.166393	0.0682153
0.172551	0.131647
0.173199	0.0673691
0.179514	0.0665235
0.184525	0.145084
0.186473	0.0656779
0.192962	0.0648328
0.195128	0.144306
0.200029	0.0639878
0.203801	0.12436
0.206735	0.0631434
0.209584	0.125988
0.211512	0.000690801
0.213877	0.0622991
0.22084	0.0614555
0.228131	0.060612
0.235449	0.0597694
0.241229	0.125175
0.243052	0.0589267
0.246821	0.13485
0.250896	0.0580851
0.258051	0.0572435
0.264514	0.0564031
0.273014	0.0555626
0.277303	0.000821378
0.281623	0.0547234
0.289855	0.0538842
0.297851	0.0530463
0.306339	0.0522086
0.314757	0.0513722
0.323442	0.0505361
0.332352	0.0497014
0.332352	0.0497014
0.341108	0.132452
0.341416	0.0488669
0.348923	0.000948577
0.351008	0.048034
0.36072	0.0472014
0.372173	0.0463705
0.382268	0.0455399
0.396138	0.0447112
0.407709	0.0438826
0.409047	0.0432186
0.411707	0.0425547
0.412941	0.00108578
0.424631	0.0418814
0.429947	0.134051
0.441298	0.0412082
0.443316	0.133252
0.445973	0.0398444
0.448362	0.0405259
0.459833	0.039153
0.459833	0.039153
0.476361	0.00121571
0.480453	0.0384625
0.481927	0.0370652
0.484212	0.0377634
0.497741	0.0363576
0.524791	0.0356509
0.527871	0.0342241
0.529786	0.0349369
0.535022	0.00135359
0.542699	0.0335023
0.563469	0.0327822
0.572702	0.0320552
0.580475	0.0313298
0.592049	0.0305971
0.597828	0.00148162
0.601839	0.0298666
0.618772	0.0291293
0.644044	0.028394
0.651424	0.00161491
0.652969	0.0276544
0.654896	0.0269173
0.670951	0.0261741
0.69129	0.025434
0.703297	0.0246907
0.713645	0.0239499
0.734646	0.00196225
0.734722	0.0232065
0.761913	0.0224653
0.776586	0.0217252
0.788479	0.0209874
0.805364	0.0202499
0.825107	0.0195158
0.837446	0.00233484
0.843539	0.0187837
0.863555	0.0180555
0.881458	0.0173306
0.900198	0.0166104
0.916731	0.0027378
0.918636	0.0158947
0.940109	0.0151843
0.958719	0.0144803
0.978759	0.0137824
0.986781	0.00316129
0.996533	0.0130921
1.01543	0.012409
1.03052	0.011735
1.03425	0.00361403
1.03948	0.0110691
1.06259	0.0104136
1.0695	0.00408281
1.09581	0.00976589
1.10063	0.0045785
1.11133	0.00913456
1.11678	0.00508729
1.12443	0.00851326
1.12696	0.00616997
1.12745	0.0079052
1.13112	0.00562091
1.13112	0.00562091
1.14095	0.00731205
1.14164	0.00673192
)
