(title "X-Wall Shear Stress")
(labels "X-Wall Shear Stress" "Position")

((xy/key/label "middleplane_pressureside")
-0.749105	0.136443
-0.718501	0.137238
-0.588095	0.135647
-0.522637	0.138029
-0.460103	0.142747
-0.448619	0.141966
-0.432532	0.143527
-0.3993	0.144306
-0.364	0.141182
-0.350318	0.145084
-0.323156	0.13485
-0.320475	0.127613
-0.298321	0.145858
-0.295304	0.138819
-0.271153	0.126801
-0.253544	0.140397
-0.226174	0.146632
-0.196999	0.139608
-0.179275	0.128421
-0.107467	0.119447
-0.101065	0.120268
-0.0875948	0.125988
-0.0835546	0.147401
-0.0814125	0.000128905
-0.0810562	0.118626
-0.0787291	0.000188002
-0.0772906	0.134051
-0.0736116	0.000262319
-0.060681	9.16272e-05
-0.0544494	0.117803
-0.0466425	0.121088
-0.0404944	0.109523
-0.0397993	0.110355
-0.0382029	0.108689
-0.0372893	0.111185
-0.0357933	0.000354999
-0.0351166	0.11698
-0.033515	0.107855
-0.0312418	0.112015
-0.0312418	0.112015
-0.0280681	0.107021
-0.0244239	0.106186
-0.0237322	0.102004
-0.0234507	0.101164
-0.0234296	0.102843
-0.022968	0.105352
-0.0229103	0.10368
-0.0227742	0.104516
-0.0220918	0.100326
-0.0199764	0.0994857
-0.0189298	0.116155
-0.018756	0.112843
-0.0171446	0.0986468
-0.0142046	0.0978067
-0.0142046	0.0978067
-0.011059	0.0969657
-0.00946172	7.51027e-05
-0.00809483	0.0961238
-0.00525279	0.0952813
-0.0050634	0.113672
-0.00466399	0.115328
-0.00242705	0.0944376
0.000802778	0.0935954
0.00107487	0.1145
0.00412913	0.0927515
0.00840426	0.0919092
0.0127783	0.0910655
0.0162549	0.129229
0.0176011	0.0902219
0.0224666	0.0893774
0.0244691	0.121909
0.0265255	0.0885319
0.0305273	0.0876854
0.0353955	0.0868405
0.0402414	0.0859941
0.0405045	0.000456317
0.0432104	0.125175
0.0463409	0.0851494
0.0525605	0.0843034
0.0588609	0.0834577
0.0638212	0.14817
0.0653415	0.0826112
0.0695541	0.0817641
0.0728626	8.24209e-05
0.0734475	0.0809161
0.078746	0.0800698
0.0788151	0.122728
0.0836674	0.133252
0.0840138	0.0792222
0.0878393	0.12436
0.091504	0.0783763
0.0994417	0.123544
0.0996457	0.0775295
0.105999	0.0766826
0.11242	0.0758352
0.116136	0.0749879
0.11702	0.130036
0.119148	0.0741398
0.119148	0.0741398
0.124376	0.0732934
0.129567	0.0724461
0.129607	0.000572092
0.130815	0.130842
0.138241	0.0716004
0.141578	0.149703
0.143977	0.148541
0.148465	0.0707541
0.1556	0.0699078
0.156386	0.131647
0.160214	0.132452
0.162913	0.0690614
0.169238	0.0682153
0.175879	0.0673691
0.182225	0.0665235
0.189031	0.0656779
0.195531	0.0648328
0.202476	0.0639878
0.203769	0.148912
0.209159	0.0631434
0.211988	0.000690801
0.216287	0.0622991
0.223185	0.0614555
0.23052	0.060612
0.237666	0.0597694
0.240004	0.149283
0.245288	0.0589267
0.25301	0.0580851
0.253783	0.149496
0.25555	0.149603
0.258813	0.149656
0.260147	0.0572435
0.26543	0.149683
0.266478	0.0564031
0.274929	0.0555626
0.275357	0.149696
0.27832	0.000821378
0.283569	0.0547234
0.291709	0.0538842
0.299764	0.0530463
0.308131	0.0522086
0.316662	0.0513722
0.325294	0.0505361
0.334173	0.0497014
0.334173	0.0497014
0.343214	0.0488669
0.350555	0.000948577
0.352728	0.048034
0.36243	0.0472014
0.373677	0.0463705
0.38379	0.0455399
0.397542	0.0447112
0.40942	0.0438826
0.410945	0.0432186
0.413154	0.0425547
0.414855	0.00108578
0.425945	0.0418814
0.442747	0.0412082
0.447382	0.0398444
0.44982	0.0405259
0.461117	0.039153
0.461117	0.039153
0.478495	0.00121571
0.481788	0.0384625
0.483263	0.0370652
0.485545	0.0377634
0.498866	0.0363576
0.526096	0.0356509
0.529109	0.0342241
0.531197	0.0349369
0.537342	0.00135359
0.543916	0.0335023
0.564737	0.0327822
0.574114	0.0320552
0.581786	0.0313298
0.593472	0.0305971
0.600313	0.00148162
0.603069	0.0298666
0.619957	0.0291293
0.645015	0.028394
0.65395	0.00161491
0.654195	0.0276544
0.656319	0.0269173
0.672033	0.0261741
0.692502	0.025434
0.70441	0.0246907
0.714766	0.0239499
0.735909	0.0232065
0.737309	0.00196225
0.763101	0.0224653
0.77785	0.0217252
0.789651	0.0209874
0.806586	0.0202499
0.826333	0.0195158
0.840253	0.00233484
0.844753	0.0187837
0.864818	0.0180555
0.882689	0.0173306
0.901469	0.0166104
0.919495	0.0027378
0.919918	0.0158947
0.941406	0.0151843
0.960042	0.0144803
0.980089	0.0137824
0.989507	0.00316129
0.997892	0.0130921
1.01682	0.012409
1.03194	0.011735
1.03686	0.00361403
1.04092	0.0110691
1.06407	0.0104136
1.07197	0.00408281
1.09736	0.00976589
1.10302	0.0045785
1.11295	0.00913456
1.11904	0.00508729
1.12613	0.00851326
1.12892	0.00616997
1.1292	0.0079052
1.13326	0.00562091
1.13326	0.00562091
1.14276	0.00731205
1.1435	0.00673192
)
