(title "X-Wall Shear Stress")
(labels "X-Wall Shear Stress" "Position")

((xy/key/label "middleplane_pressureside")
-0.485721	0.141182
-0.436261	0.140397
-0.414277	0.130036
-0.403487	0.130842
-0.399643	0.141966
-0.342326	0.139608
-0.274866	0.131647
-0.234865	0.129229
-0.229075	0.138819
-0.202866	0.142747
-0.179676	0.122728
-0.161811	0.121909
-0.150548	0.135647
-0.142242	0.123544
-0.123061	0.132452
-0.116356	0.136443
-0.115922	0.138029
-0.0967323	0.121088
-0.0948642	0.13485
-0.080241	0.000128905
-0.0770233	0.000188002
-0.0726844	0.137238
-0.0720996	0.000262319
-0.060058	9.16272e-05
-0.0523933	0.12436
-0.0523614	0.112843
-0.0518802	0.113672
-0.0431306	0.112015
-0.0431306	0.112015
-0.0376452	0.1145
-0.0354671	0.000354999
-0.034093	0.111185
-0.0292361	0.10368
-0.0291463	0.104516
-0.0281411	0.102843
-0.0276676	0.105352
-0.02748	0.110355
-0.0261454	0.143527
-0.0259016	0.102004
-0.0246298	0.106186
-0.0230191	0.101164
-0.0223241	0.109523
-0.0213304	0.133252
-0.0202671	0.107021
-0.0198541	0.100326
-0.0188964	0.108689
-0.0178073	0.107855
-0.0177993	0.134051
-0.017174	0.0994857
-0.017086	0.115328
-0.0146896	0.0986468
-0.0127928	0.0978067
-0.0127928	0.0978067
-0.01091	0.0969657
-0.00938528	7.51027e-05
-0.00915043	0.0961238
-0.00706386	0.0952813
-0.00672171	0.120268
-0.00460046	0.0944376
-0.00130302	0.0935954
0.000709072	0.116155
0.00257934	0.0927515
0.00730951	0.0919092
0.0121283	0.0910655
0.0160056	0.11698
0.0171808	0.0902219
0.0220476	0.0893774
0.0259366	0.0885319
0.0296637	0.0876854
0.0315564	0.117803
0.0342175	0.0868405
0.0388042	0.0859941
0.0399354	0.000456317
0.0448335	0.0851494
0.0457326	0.118626
0.0485107	0.119447
0.0510661	0.0843034
0.0575063	0.0834577
0.0641056	0.0826112
0.0684073	0.149703
0.0684645	0.0817641
0.072437	0.0809161
0.0725772	8.24209e-05
0.0763183	0.144306
0.0777584	0.0800698
0.079012	0.128421
0.0829932	0.0792222
0.0903715	0.0783763
0.0912805	0.125175
0.098409	0.0775295
0.104758	0.0766826
0.111166	0.0758352
0.114887	0.0749879
0.118047	0.0741398
0.118047	0.0741398
0.1233	0.0732934
0.126391	0.145084
0.128576	0.0724461
0.129482	0.000572092
0.137281	0.0716004
0.141445	0.149696
0.146343	0.149683
0.147479	0.0707541
0.151395	0.149656
0.152881	0.149603
0.154621	0.0699078
0.15888	0.149496
0.16189	0.0690614
0.168227	0.0682153
0.172273	0.145858
0.174819	0.0673691
0.181214	0.0665235
0.185885	0.149283
0.188014	0.0656779
0.19459	0.0648328
0.201584	0.0639878
0.208296	0.0631434
0.212739	0.000690801
0.215466	0.0622991
0.222329	0.0614555
0.229734	0.060612
0.236851	0.0597694
0.24107	0.148912
0.24448	0.0589267
0.251943	0.125988
0.252142	0.0580851
0.259325	0.0572435
0.260327	0.146632
0.265717	0.0564031
0.274146	0.0555626
0.279598	0.000821378
0.282854	0.0547234
0.291013	0.0538842
0.299197	0.0530463
0.307542	0.0522086
0.308702	0.148541
0.316061	0.0513722
0.323802	0.127613
0.324666	0.0505361
0.332757	0.147401
0.33357	0.0497014
0.33357	0.0497014
0.342558	0.0488669
0.344001	0.14817
0.352006	0.048034
0.352316	0.000948577
0.361793	0.0472014
0.362676	0.126801
0.37301	0.0463705
0.383165	0.0455399
0.3972	0.0447112
0.409393	0.0438826
0.41021	0.0432186
0.412397	0.0425547
0.416845	0.00108578
0.425651	0.0418814
0.442227	0.0412082
0.446908	0.0398444
0.449409	0.0405259
0.460789	0.039153
0.460789	0.039153
0.480626	0.00121571
0.481361	0.0384625
0.482864	0.0370652
0.485094	0.0377634
0.49851	0.0363576
0.525779	0.0356509
0.528843	0.0342241
0.53079	0.0349369
0.539567	0.00135359
0.543624	0.0335023
0.564468	0.0327822
0.573772	0.0320552
0.581511	0.0313298
0.59312	0.0305971
0.602591	0.00148162
0.602767	0.0298666
0.619629	0.0291293
0.644733	0.028394
0.654066	0.0276544
0.656029	0.0269173
0.656113	0.00161491
0.671808	0.0261741
0.692267	0.025434
0.70417	0.0246907
0.714598	0.0239499
0.735737	0.0232065
0.739445	0.00196225
0.762971	0.0224653
0.777662	0.0217252
0.7895	0.0209874
0.806504	0.0202499
0.826213	0.0195158
0.842423	0.00233484
0.844698	0.0187837
0.864758	0.0180555
0.88265	0.0173306
0.901494	0.0166104
0.919942	0.0158947
0.921456	0.0027378
0.941475	0.0151843
0.96013	0.0144803
0.980204	0.0137824
0.991319	0.00316129
0.998062	0.0130921
1.01704	0.012409
1.03222	0.011735
1.03851	0.00361403
1.04127	0.0110691
1.06446	0.0104136
1.07347	0.00408281
1.09783	0.00976589
1.10444	0.0045785
1.11351	0.00913456
1.12032	0.00508729
1.12679	0.00851326
1.12987	0.00616997
1.12993	0.0079052
1.13438	0.00562091
1.13438	0.00562091
1.14354	0.00731205
1.14434	0.00673192
)
