(title "X-Wall Shear Stress")
(labels "X-Wall Shear Stress" "Position")

((xy/key/label "middleplane_pressureside")
-0.638046	0.130036
-0.611348	0.129229
-0.360579	0.130842
-0.33238	0.140397
-0.324795	0.128421
-0.320723	0.139608
-0.313828	0.141182
-0.261111	0.138819
-0.251502	0.141966
-0.234907	0.146632
-0.196219	0.145858
-0.192048	0.147401
-0.180285	0.138029
-0.119293	0.14817
-0.111962	0.121088
-0.111688	0.142747
-0.105253	0.120268
-0.092449	0.145084
-0.0825791	0.000128905
-0.0798229	0.000188002
-0.0782632	0.137238
-0.0734946	0.000262319
-0.0732468	0.148541
-0.0695711	0.119447
-0.0683865	0.121909
-0.0638768	0.149696
-0.0613635	9.16272e-05
-0.0451184	0.149703
-0.0383846	0.149683
-0.0364523	0.118626
-0.0355537	0.111185
-0.0354293	0.112015
-0.0354293	0.112015
-0.0351749	0.000354999
-0.0341006	0.110355
-0.0313228	0.109523
-0.0307379	0.112843
-0.0293315	0.148912
-0.0277391	0.108689
-0.0245888	0.10368
-0.0245427	0.102843
-0.0242094	0.107855
-0.0241162	0.104516
-0.0235998	0.102004
-0.0230655	0.105352
-0.0220154	0.107021
-0.0220152	0.106186
-0.0218225	0.101164
-0.0193763	0.100326
-0.0178882	0.113672
-0.0168033	0.0994857
-0.0167187	0.117803
-0.0143518	0.149656
-0.0140064	0.0986468
-0.0115601	0.0978067
-0.0115601	0.0978067
-0.0095566	7.51027e-05
-0.00914142	0.0969657
-0.00689167	0.0961238
-0.00683223	0.11698
-0.00555822	0.149283
-0.00454039	0.0952813
-0.00375298	0.1145
-0.00205969	0.0944376
0.000769816	0.116155
0.00128223	0.149603
0.00129089	0.0935954
0.00292741	0.115328
0.00360421	0.127613
0.00493911	0.0927515
0.00542479	0.149496
0.00679579	0.131647
0.00950353	0.0919092
0.0111683	0.122728
0.014236	0.0910655
0.0191962	0.0902219
0.0240184	0.0893774
0.0241477	0.143527
0.0278748	0.0885319
0.0290022	0.144306
0.0316202	0.0876854
0.0361923	0.0868405
0.0408609	0.0859941
0.0411779	0.000456317
0.0468853	0.0851494
0.0531407	0.0843034
0.0595305	0.0834577
0.0661112	0.0826112
0.0686408	0.136443
0.0703593	0.0817641
0.0731464	8.24209e-05
0.0742044	0.0809161
0.0794415	0.0800698
0.0846048	0.0792222
0.0856017	0.123544
0.091965	0.0783763
0.0999874	0.0775295
0.106287	0.0766826
0.112715	0.0758352
0.116406	0.0749879
0.119379	0.0741398
0.119379	0.0741398
0.124685	0.0732934
0.129795	0.0724461
0.130075	0.000572092
0.138457	0.0716004
0.142847	0.12436
0.148672	0.0707541
0.155753	0.0699078
0.163098	0.0690614
0.169327	0.0682153
0.175999	0.0673691
0.182278	0.0665235
0.18603	0.125175
0.189091	0.0656779
0.192451	0.126801
0.195581	0.0648328
0.202512	0.0639878
0.205378	0.125988
0.20923	0.0631434
0.211588	0.000690801
0.216293	0.0622991
0.223238	0.0614555
0.229533	0.135647
0.230498	0.060612
0.237679	0.0597694
0.245276	0.0589267
0.253009	0.0580851
0.260151	0.0572435
0.266453	0.0564031
0.27496	0.0555626
0.277427	0.000821378
0.28356	0.0547234
0.284465	0.132452
0.291785	0.0538842
0.299801	0.0530463
0.308187	0.0522086
0.316688	0.0513722
0.325302	0.0505361
0.334193	0.0497014
0.334193	0.0497014
0.343138	0.0488669
0.34924	0.000948577
0.352739	0.048034
0.35989	0.13485
0.36235	0.0472014
0.373706	0.0463705
0.383822	0.0455399
0.397824	0.0447112
0.409858	0.0438826
0.410556	0.0432186
0.412958	0.0425547
0.413455	0.00108578
0.414903	0.133252
0.426237	0.0418814
0.437867	0.134051
0.442823	0.0412082
0.447444	0.0398444
0.449873	0.0405259
0.461259	0.039153
0.461259	0.039153
0.477046	0.00121571
0.481883	0.0384625
0.483315	0.0370652
0.485623	0.0377634
0.498986	0.0363576
0.526219	0.0356509
0.529217	0.0342241
0.53128	0.0349369
0.535875	0.00135359
0.544055	0.0335023
0.564872	0.0327822
0.574149	0.0320552
0.58189	0.0313298
0.593486	0.0305971
0.598827	0.00148162
0.603131	0.0298666
0.619999	0.0291293
0.645105	0.028394
0.652538	0.00161491
0.654337	0.0276544
0.656295	0.0269173
0.672093	0.0261741
0.692527	0.025434
0.704437	0.0246907
0.714813	0.0239499
0.735897	0.00196225
0.735918	0.0232065
0.763106	0.0224653
0.777777	0.0217252
0.789604	0.0209874
0.806535	0.0202499
0.826235	0.0195158
0.838814	0.00233484
0.844674	0.0187837
0.864683	0.0180555
0.88255	0.0173306
0.901313	0.0166104
0.918133	0.0027378
0.919715	0.0158947
0.941197	0.0151843
0.959812	0.0144803
0.979815	0.0137824
0.988189	0.00316129
0.997595	0.0130921
1.01649	0.012409
1.03157	0.011735
1.03561	0.00361403
1.04051	0.0110691
1.06363	0.0104136
1.07081	0.00408281
1.09686	0.00976589
1.1019	0.0045785
1.11238	0.00913456
1.11801	0.00508729
1.1255	0.00851326
1.12808	0.00616997
1.12852	0.0079052
1.13232	0.00562091
1.13232	0.00562091
1.14203	0.00731205
1.14273	0.00673192
)
