(title "X-Wall Shear Stress")
(labels "X-Wall Shear Stress" "Position")

((xy/key/label "middleplane_pressureside")
-0.62361	0.141966
-0.609378	0.142747
-0.486792	0.141182
-0.478343	0.143527
-0.402005	0.144306
-0.394578	0.131647
-0.367802	0.145084
-0.312312	0.130842
-0.311069	0.140397
-0.28298	0.132452
-0.280005	0.145858
-0.154895	0.146632
-0.153611	0.139608
-0.112365	0.133252
-0.0965448	0.130036
-0.0831476	0.000128905
-0.0808488	0.000188002
-0.0749136	0.122728
-0.0748997	0.000262319
-0.0702067	0.121909
-0.065735	0.123544
-0.0616068	9.16272e-05
-0.0567978	0.121088
-0.0370526	0.12436
-0.0359231	0.000354999
-0.0354123	0.112015
-0.0354123	0.112015
-0.0349894	0.112843
-0.0320079	0.138819
-0.0306259	0.111185
-0.0300057	0.120268
-0.0279123	0.113672
-0.0265609	0.102843
-0.0265256	0.10368
-0.0263862	0.110355
-0.0261051	0.102004
-0.0260943	0.104516
-0.0252202	0.101164
-0.0245804	0.105352
-0.0241514	0.109523
-0.0236706	0.100326
-0.0226231	0.108689
-0.0223109	0.106186
-0.0218067	0.0994857
-0.0217854	0.134051
-0.0213673	0.107855
-0.0209905	0.107021
-0.0199923	0.1145
-0.0195723	0.0986468
-0.017398	0.0978067
-0.017398	0.0978067
-0.0148808	0.0969657
-0.0123903	0.0961238
-0.0118884	0.147401
-0.01154	0.115328
-0.00973976	0.0952813
-0.00958856	7.51027e-05
-0.00707471	0.0944376
-0.00670408	0.13485
-0.00387591	0.0935954
-0.00195817	0.116155
-0.000744067	0.0927515
0.00320918	0.0919092
0.00358789	0.135647
0.00735693	0.0910655
0.0095851	0.119447
0.0100546	0.11698
0.0118888	0.0902219
0.0164587	0.0893774
0.0204804	0.0885319
0.0246272	0.0876854
0.0270188	0.117803
0.0284753	0.125175
0.0295884	0.0868405
0.0328333	0.138029
0.0337072	0.118626
0.0346743	0.0859941
0.040568	0.000456317
0.0409062	0.0851494
0.041774	0.136443
0.0472063	0.0843034
0.0535705	0.0834577
0.0536644	0.137238
0.0599955	0.0826112
0.0642503	0.0817641
0.0682048	0.0809161
0.0732503	8.24209e-05
0.0735911	0.0800698
0.0790135	0.0792222
0.0866222	0.0783763
0.0948265	0.0775295
0.101325	0.0766826
0.107911	0.0758352
0.111818	0.0749879
0.115079	0.0741398
0.115079	0.0741398
0.120461	0.0732934
0.122871	0.129229
0.124949	0.125988
0.125767	0.0724461
0.126186	0.14817
0.129261	0.000572092
0.134565	0.0716004
0.144757	0.0707541
0.152052	0.0699078
0.159463	0.0690614
0.165893	0.0682153
0.172735	0.0673691
0.179118	0.0665235
0.18611	0.0656779
0.192635	0.0648328
0.19972	0.0639878
0.206468	0.0631434
0.210991	0.000690801
0.213674	0.0622991
0.217631	0.148541
0.217892	0.126801
0.220659	0.0614555
0.22803	0.060612
0.235304	0.0597694
0.242931	0.0589267
0.247189	0.128421
0.250797	0.0580851
0.258034	0.0572435
0.264527	0.0564031
0.267612	0.127613
0.272958	0.0555626
0.2766	0.000821378
0.281654	0.0547234
0.289885	0.0538842
0.29799	0.0530463
0.298835	0.148912
0.306457	0.0522086
0.314882	0.0513722
0.323706	0.0505361
0.332522	0.0497014
0.332522	0.0497014
0.341671	0.0488669
0.348192	0.000948577
0.351235	0.048034
0.360964	0.0472014
0.372311	0.0463705
0.382396	0.0455399
0.396291	0.0447112
0.404599	0.149283
0.408029	0.0438826
0.409635	0.0432186
0.411996	0.0425547
0.412194	0.00108578
0.424781	0.0418814
0.441553	0.0412082
0.446259	0.0398444
0.448677	0.0405259
0.460056	0.039153
0.460056	0.039153
0.475683	0.00121571
0.480709	0.0384625
0.482251	0.0370652
0.484463	0.0377634
0.497937	0.0363576
0.525119	0.0356509
0.528209	0.0342241
0.530218	0.0349369
0.534434	0.00135359
0.543047	0.0335023
0.550548	0.149496
0.563852	0.0327822
0.573171	0.0320552
0.580888	0.0313298
0.592514	0.0305971
0.597356	0.00148162
0.602178	0.0298666
0.619033	0.0291293
0.644157	0.028394
0.651127	0.00161491
0.653391	0.0276544
0.65541	0.0269173
0.671192	0.0261741
0.69164	0.025434
0.703568	0.0246907
0.71397	0.0239499
0.732988	0.149603
0.734491	0.00196225
0.735085	0.0232065
0.762265	0.0224653
0.776903	0.0217252
0.788773	0.0209874
0.805723	0.0202499
0.816426	0.149703
0.825409	0.0195158
0.837344	0.00233484
0.843875	0.0187837
0.863861	0.0180555
0.88176	0.0173306
0.900514	0.0166104
0.916743	0.0027378
0.918911	0.0158947
0.940409	0.0151843
0.958999	0.0144803
0.979009	0.0137824
0.982375	0.149656
0.986859	0.00316129
0.996801	0.0130921
1.01568	0.012409
1.03075	0.011735
1.03434	0.00361403
1.03969	0.0110691
1.0628	0.0104136
1.0696	0.00408281
1.096	0.00976589
1.10072	0.0045785
1.1115	0.00913456
1.11687	0.00508729
1.12457	0.00851326
1.12708	0.00616997
1.12758	0.0079052
1.13122	0.00562091
1.13122	0.00562091
1.14109	0.00731205
1.14177	0.00673192
1.22643	0.149683
1.42964	0.149696
)
