(title "X-Wall Shear Stress")
(labels "X-Wall Shear Stress" "Position")

((xy/key/label "middleplane_pressureside")
-1.11005	0.149696
-0.909632	0.149683
-0.882423	0.133252
-0.834417	0.132452
-0.75349	0.134051
-0.745812	0.144306
-0.694702	0.145084
-0.652428	0.143527
-0.650148	0.149656
-0.625428	0.149703
-0.581163	0.131647
-0.55987	0.145858
-0.5439	0.13485
-0.515744	0.12436
-0.493732	0.125175
-0.463747	0.142747
-0.434677	0.146632
-0.420901	0.149603
-0.373585	0.147401
-0.341035	0.14817
-0.332752	0.123544
-0.290595	0.135647
-0.284857	0.149496
-0.284386	0.148541
-0.22603	0.148912
-0.221204	0.149283
-0.21105	0.125988
-0.205909	0.141966
-0.200081	0.130842
-0.124505	0.122728
-0.0830332	0.116155
-0.0826251	0.000128905
-0.0802763	0.000188002
-0.0755419	0.115328
-0.0747126	0.000262319
-0.0731707	0.11698
-0.0690762	0.1145
-0.0613238	9.16272e-05
-0.060064	0.113672
-0.0456113	0.112843
-0.0420251	0.106186
-0.0413405	0.105352
-0.040507	0.107021
-0.0398297	0.104516
-0.0380351	0.10368
-0.0375857	0.107855
-0.0361319	0.102843
-0.0360206	0.000354999
-0.0347301	0.108689
-0.0338487	0.102004
-0.0324821	0.109523
-0.0316362	0.101164
-0.0304684	0.112015
-0.0304684	0.112015
-0.0296819	0.100326
-0.028918	0.110355
-0.0278672	0.0994857
-0.0258971	0.0986468
-0.0251329	0.111185
-0.0239467	0.0978067
-0.0239467	0.0978067
-0.0228355	0.136443
-0.0215781	0.0969657
-0.0197933	0.117803
-0.0190368	0.0961238
-0.0159717	0.0952813
-0.0126835	0.0944376
-0.00954962	7.51027e-05
-0.00868752	0.0935954
-0.0046516	0.0927515
9.62724e-06	0.0919092
0.00471909	0.0910655
0.00487194	0.121909
0.00960524	0.0902219
0.0143562	0.0893774
0.0184692	0.0885319
0.0226955	0.0876854
0.0277842	0.0868405
0.0330381	0.0859941
0.0395646	0.0851494
0.040434	0.000456317
0.0461601	0.0843034
0.0518391	0.118626
0.0528055	0.0834577
0.0594401	0.0826112
0.0634073	0.141182
0.0638029	0.0817641
0.067132	0.121088
0.0678157	0.0809161
0.0731306	8.24209e-05
0.073251	0.0800698
0.0787038	0.0792222
0.0863423	0.0783763
0.0946137	0.0775295
0.101202	0.0766826
0.103757	0.119447
0.107888	0.0758352
0.109027	0.120268
0.111829	0.0749879
0.112725	0.126801
0.115149	0.0741398
0.115149	0.0741398
0.120581	0.0732934
0.125911	0.0724461
0.129214	0.000572092
0.134662	0.0716004
0.144881	0.0707541
0.1521	0.0699078
0.159483	0.0690614
0.165928	0.0682153
0.172713	0.0673691
0.179178	0.0665235
0.183519	0.130036
0.186147	0.0656779
0.190297	0.137238
0.192712	0.0648328
0.199799	0.0639878
0.206529	0.0631434
0.211193	0.000690801
0.213758	0.0622991
0.220697	0.0614555
0.228072	0.060612
0.235287	0.0597694
0.242923	0.0589267
0.25029	0.140397
0.250729	0.0580851
0.257919	0.0572435
0.264368	0.0564031
0.272887	0.0555626
0.277005	0.000821378
0.281625	0.0547234
0.289838	0.0538842
0.297917	0.0530463
0.306339	0.0522086
0.314871	0.0513722
0.323526	0.0505361
0.325085	0.138029
0.332365	0.0497014
0.332365	0.0497014
0.336117	0.127613
0.341448	0.0488669
0.348802	0.000948577
0.350948	0.048034
0.360713	0.0472014
0.361252	0.139608
0.372054	0.0463705
0.382183	0.0455399
0.39137	0.138819
0.396426	0.0447112
0.404418	0.129229
0.408544	0.0438826
0.409003	0.0432186
0.411323	0.0425547
0.412894	0.00108578
0.42481	0.0418814
0.441297	0.0412082
0.443139	0.128421
0.446036	0.0398444
0.448532	0.0405259
0.459955	0.039153
0.459955	0.039153
0.476424	0.00121571
0.480498	0.0384625
0.482037	0.0370652
0.484235	0.0377634
0.497755	0.0363576
0.524944	0.0356509
0.528046	0.0342241
0.529941	0.0349369
0.535198	0.00135359
0.542869	0.0335023
0.563683	0.0327822
0.572929	0.0320552
0.580711	0.0313298
0.592269	0.0305971
0.598121	0.00148162
0.60197	0.0298666
0.618778	0.0291293
0.643958	0.028394
0.651832	0.00161491
0.653286	0.0276544
0.655166	0.0269173
0.671014	0.0261741
0.691464	0.025434
0.703416	0.0246907
0.713813	0.0239499
0.734936	0.0232065
0.735175	0.00196225
0.762137	0.0224653
0.776738	0.0217252
0.788659	0.0209874
0.80561	0.0202499
0.82529	0.0195158
0.83804	0.00233484
0.843783	0.0187837
0.863764	0.0180555
0.881687	0.0173306
0.900456	0.0166104
0.917382	0.0027378
0.918855	0.0158947
0.94038	0.0151843
0.958963	0.0144803
0.978992	0.0137824
0.987463	0.00316129
0.996812	0.0130921
1.0157	0.012409
1.0308	0.011735
1.0349	0.00361403
1.03977	0.0110691
1.06289	0.0104136
1.07012	0.00408281
1.09613	0.00976589
1.10121	0.0045785
1.11166	0.00913456
1.11731	0.00508729
1.12478	0.00851326
1.12742	0.00616997
1.12782	0.0079052
1.13162	0.00562091
1.13162	0.00562091
1.14134	0.00731205
1.14206	0.00673192
)
