(title "X-Wall Shear Stress")
(labels "X-Wall Shear Stress" "Position")

((xy/key/label "middleplane_pressureside")
-0.585815	0.130036
-0.503672	0.129229
-0.475872	0.130842
-0.371805	0.137238
-0.334685	0.149696
-0.309603	0.136443
-0.306168	0.128421
-0.304133	0.138029
-0.273084	0.138819
-0.261634	0.148541
-0.25896	0.139608
-0.245222	0.14817
-0.236324	0.149683
-0.232056	0.131647
-0.224215	0.148912
-0.205731	0.149703
-0.155023	0.149283
-0.153507	0.140397
-0.151844	0.135647
-0.134502	0.147401
-0.131314	0.149656
-0.119105	0.122728
-0.117187	0.121909
-0.0998903	0.132452
-0.0941769	0.149496
-0.0911438	0.121088
-0.0892621	0.133252
-0.0826959	0.123544
-0.0805967	0.000128905
-0.0789453	0.134051
-0.0772455	0.000188002
-0.0760544	0.149603
-0.0716557	0.000262319
-0.0669988	0.13485
-0.0602916	9.16272e-05
-0.0459621	0.120268
-0.0440781	0.112843
-0.0406562	0.112015
-0.0406562	0.112015
-0.0396358	0.113672
-0.0347911	0.000354999
-0.0330661	0.111185
-0.0322058	0.1145
-0.0316814	0.10368
-0.0313923	0.104516
-0.0313451	0.102843
-0.0300667	0.102004
-0.0298346	0.105352
-0.0285576	0.110355
-0.0280583	0.101164
-0.0268963	0.106186
-0.0267853	0.109523
-0.0253934	0.100326
-0.0250564	0.108689
-0.0242485	0.115328
-0.0240495	0.107021
-0.0235264	0.107855
-0.0226946	0.0994857
-0.0200974	0.0986468
-0.0179612	0.0978067
-0.0179612	0.0978067
-0.0165096	0.127613
-0.0157213	0.0969657
-0.0150022	0.116155
-0.0136465	0.0961238
-0.0113926	0.0952813
-0.00941882	7.51027e-05
-0.00888342	0.0944376
-0.00775075	0.141182
-0.00559656	0.0935954
-0.00204987	0.0927515
0.00245442	0.0919092
0.00415052	0.11698
0.00479481	0.119447
0.00705392	0.0910655
0.0119565	0.0902219
0.0167744	0.0893774
0.0180622	0.12436
0.0208267	0.0885319
0.0248584	0.0876854
0.0297111	0.0868405
0.0310038	0.117803
0.0346558	0.0859941
0.0370615	0.118626
0.0407807	0.000456317
0.0408623	0.0851494
0.0463631	0.146632
0.0472462	0.0843034
0.0537443	0.0834577
0.0603515	0.0826112
0.0647369	0.0817641
0.0687922	0.0809161
0.0726589	8.24209e-05
0.0742531	0.0800698
0.079674	0.0792222
0.0872684	0.0783763
0.0954899	0.0775295
0.102004	0.0766826
0.104771	0.141966
0.108593	0.0758352
0.112471	0.0749879
0.115721	0.0741398
0.115721	0.0741398
0.121125	0.0732934
0.121494	0.144306
0.126429	0.0724461
0.127566	0.145084
0.130358	0.000572092
0.135249	0.0716004
0.141243	0.145858
0.141754	0.143527
0.145491	0.0707541
0.148026	0.142747
0.152775	0.0699078
0.15895	0.125175
0.160195	0.0690614
0.166621	0.0682153
0.173442	0.0673691
0.17983	0.0665235
0.186806	0.0656779
0.193343	0.0648328
0.20041	0.0639878
0.207157	0.0631434
0.212287	0.126801
0.21326	0.000690801
0.214341	0.0622991
0.221316	0.0614555
0.228688	0.060612
0.235937	0.0597694
0.243574	0.0589267
0.25141	0.0580851
0.256396	0.125988
0.258641	0.0572435
0.265084	0.0564031
0.273515	0.0555626
0.280028	0.000821378
0.282213	0.0547234
0.290421	0.0538842
0.298529	0.0530463
0.306958	0.0522086
0.315436	0.0513722
0.324242	0.0505361
0.333035	0.0497014
0.333035	0.0497014
0.342195	0.0488669
0.351683	0.048034
0.352562	0.000948577
0.361406	0.0472014
0.372722	0.0463705
0.382757	0.0455399
0.396708	0.0447112
0.408667	0.0438826
0.410055	0.0432186
0.41227	0.0425547
0.417018	0.00108578
0.425167	0.0418814
0.441909	0.0412082
0.446567	0.0398444
0.449122	0.0405259
0.460452	0.039153
0.460452	0.039153
0.480705	0.00121571
0.48102	0.0384625
0.482593	0.0370652
0.484783	0.0377634
0.498227	0.0363576
0.525499	0.0356509
0.528589	0.0342241
0.530506	0.0349369
0.539546	0.00135359
0.54331	0.0335023
0.56416	0.0327822
0.573514	0.0320552
0.581217	0.0313298
0.592858	0.0305971
0.602463	0.00148162
0.602476	0.0298666
0.619349	0.0291293
0.644434	0.028394
0.653746	0.0276544
0.655746	0.0269173
0.655864	0.00161491
0.671501	0.0261741
0.691973	0.025434
0.703888	0.0246907
0.714332	0.0239499
0.735455	0.0232065
0.739081	0.00196225
0.762687	0.0224653
0.777334	0.0217252
0.789208	0.0209874
0.806209	0.0202499
0.825907	0.0195158
0.841996	0.00233484
0.844414	0.0187837
0.86444	0.0180555
0.882376	0.0173306
0.901186	0.0166104
0.919636	0.0158947
0.920963	0.0027378
0.941181	0.0151843
0.959795	0.0144803
0.979886	0.0137824
0.990789	0.00316129
0.997754	0.0130921
1.01671	0.012409
1.03189	0.011735
1.03799	0.00361403
1.04094	0.0110691
1.06412	0.0104136
1.07298	0.00408281
1.09747	0.00976589
1.10396	0.0045785
1.11315	0.00913456
1.11987	0.00508729
1.12642	0.00851326
1.12947	0.00616997
1.12956	0.0079052
1.13395	0.00562091
1.13395	0.00562091
1.14315	0.00731205
1.14395	0.00673192
)
