(title "X-Wall Shear Stress")
(labels "X-Wall Shear Stress" "Position")

((xy/key/label "middleplane_pressureside")
-0.702999	0.140397
-0.681161	0.141182
-0.622677	0.130842
-0.572994	0.131647
-0.5432	0.139608
-0.476494	0.141966
-0.472716	0.130036
-0.39185	0.132452
-0.281438	0.138819
-0.239488	0.142747
-0.232167	0.133252
-0.167445	0.122728
-0.15757	0.123544
-0.140403	0.134051
-0.134177	0.121909
-0.12598	0.129229
-0.118717	0.12436
-0.0859306	0.000128905
-0.0836446	0.000188002
-0.0774047	0.13485
-0.074597	0.000262319
-0.071975	0.143527
-0.0632311	9.16272e-05
-0.0573166	0.121088
-0.0448011	0.113672
-0.0410091	0.1145
-0.0403458	0.112843
-0.0344452	0.112015
-0.0344452	0.112015
-0.0341514	0.000354999
-0.0311044	0.111185
-0.0308379	0.115328
-0.0293792	0.105352
-0.0293159	0.106186
-0.0293021	0.110355
-0.0289603	0.104516
-0.0283351	0.107021
-0.0280999	0.109523
-0.0280089	0.10368
-0.0271879	0.107855
-0.0271537	0.108689
-0.0267217	0.102843
-0.0247867	0.102004
-0.0227103	0.101164
-0.0217342	0.116155
-0.0204587	0.100326
-0.0183884	0.0994857
-0.0161212	0.0986468
-0.0157482	0.125175
-0.0140119	0.0978067
-0.0140119	0.0978067
-0.0134461	0.11698
-0.0116788	0.0969657
-0.00980478	7.51027e-05
-0.00929946	0.0961238
-0.00857676	0.138029
-0.00662115	0.0952813
-0.00355842	0.0944376
-0.00283756	0.117803
4.12999e-05	0.0935954
0.00388294	0.0927515
0.00849544	0.0919092
0.0124362	0.120268
0.0130608	0.0910655
0.0132026	0.118626
0.0178892	0.0902219
0.0226066	0.0893774
0.0264676	0.0885319
0.0300819	0.119447
0.0303146	0.0876854
0.03509	0.0868405
0.0397294	0.135647
0.0399	0.0859941
0.0431217	0.000456317
0.0460809	0.0851494
0.049079	0.144306
0.0523869	0.0843034
0.0587941	0.0834577
0.0653175	0.0826112
0.0695183	0.0817641
0.0733601	0.0809161
0.0737494	8.24209e-05
0.078605	0.0800698
0.0838588	0.0792222
0.0912906	0.0783763
0.0939992	0.149703
0.09937	0.0775295
0.105746	0.0766826
0.112193	0.0758352
0.115852	0.0749879
0.118914	0.0741398
0.118914	0.0741398
0.124113	0.0732934
0.129286	0.0724461
0.131874	0.000572092
0.137983	0.0716004
0.146677	0.125988
0.148178	0.0707541
0.152673	0.145084
0.153234	0.137238
0.15534	0.0699078
0.160126	0.136443
0.162627	0.0690614
0.164138	0.149603
0.166314	0.149656
0.16826	0.149496
0.168946	0.0682153
0.170804	0.149683
0.175566	0.0673691
0.177884	0.149696
0.181898	0.0665235
0.18433	0.149283
0.188689	0.0656779
0.195185	0.0648328
0.202142	0.0639878
0.20883	0.0631434
0.211945	0.000690801
0.21599	0.0622991
0.216876	0.148912
0.22287	0.0614555
0.230222	0.060612
0.235755	0.145858
0.23732	0.0597694
0.244937	0.0589267
0.248832	0.128421
0.251086	0.148541
0.252638	0.0580851
0.259795	0.0572435
0.266144	0.0564031
0.27413	0.14817
0.274578	0.0555626
0.277245	0.000821378
0.283258	0.0547234
0.291382	0.0538842
0.296948	0.146632
0.299497	0.0530463
0.30176	0.147401
0.307253	0.126801
0.307843	0.0522086
0.316377	0.0513722
0.32499	0.0505361
0.333863	0.0497014
0.333863	0.0497014
0.342846	0.0488669
0.348248	0.000948577
0.352341	0.048034
0.362037	0.0472014
0.373296	0.0463705
0.383426	0.0455399
0.387501	0.127613
0.397374	0.0447112
0.40937	0.0438826
0.410334	0.0432186
0.412315	0.00108578
0.412663	0.0425547
0.425792	0.0418814
0.442405	0.0412082
0.447056	0.0398444
0.449491	0.0405259
0.460844	0.039153
0.460844	0.039153
0.475735	0.00121571
0.481471	0.0384625
0.482917	0.0370652
0.485193	0.0377634
0.498569	0.0363576
0.525764	0.0356509
0.528743	0.0342241
0.530826	0.0349369
0.534441	0.00135359
0.543599	0.0335023
0.564399	0.0327822
0.573668	0.0320552
0.581378	0.0313298
0.592976	0.0305971
0.597234	0.00148162
0.602601	0.0298666
0.61945	0.0291293
0.644538	0.028394
0.650793	0.00161491
0.653744	0.0276544
0.65576	0.0269173
0.671517	0.0261741
0.691941	0.025434
0.703848	0.0246907
0.714211	0.0239499
0.733896	0.00196225
0.735299	0.0232065
0.762441	0.0224653
0.777102	0.0217252
0.788925	0.0209874
0.805826	0.0202499
0.825515	0.0195158
0.836563	0.00233484
0.843936	0.0187837
0.863912	0.0180555
0.881769	0.0173306
0.900495	0.0166104
0.915686	0.0027378
0.918876	0.0158947
0.940321	0.0151843
0.958897	0.0144803
0.978859	0.0137824
0.985605	0.00316129
0.996598	0.0130921
1.01545	0.012409
1.03045	0.011735
1.03302	0.00361403
1.03934	0.0110691
1.06239	0.0104136
1.06828	0.00408281
1.0955	0.00976589
1.09944	0.0045785
1.1109	0.00913456
1.11568	0.00508729
1.1239	0.00851326
1.12604	0.00616997
1.12683	0.0079052
1.1301	0.00562091
1.1301	0.00562091
1.14024	0.00731205
1.14083	0.00673192
)
