(title "X-Wall Shear Stress")
(labels "X-Wall Shear Stress" "Position")

((xy/key/label "middleplane_pressureside")
-0.610247	0.13485
-0.541162	0.134051
-0.51364	0.144306
-0.507391	0.145084
-0.505665	0.135647
-0.456002	0.143527
-0.419852	0.145858
-0.380478	0.133252
-0.370384	0.142747
-0.270729	0.141966
-0.268293	0.146632
-0.230892	0.136443
-0.179235	0.141182
-0.164477	0.126801
-0.162553	0.125988
-0.160364	0.132452
-0.110819	0.140397
-0.110344	0.125175
-0.083369	0.147401
-0.0811996	0.000128905
-0.0781204	0.000188002
-0.072483	0.000262319
-0.0645675	0.12436
-0.0606184	9.16272e-05
-0.0568042	0.127613
-0.0352242	0.116155
-0.0350271	0.000354999
-0.0348351	0.115328
-0.0344485	0.123544
-0.0338632	0.11698
-0.033732	0.1145
-0.0302937	0.113672
-0.0290366	0.107021
-0.0290358	0.106186
-0.0284677	0.105352
-0.0283887	0.107855
-0.02809	0.117803
-0.0275354	0.104516
-0.0274219	0.108689
-0.0264182	0.112843
-0.0262897	0.109523
-0.0262761	0.10368
-0.024969	0.110355
-0.024945	0.102843
-0.0242745	0.112015
-0.0242745	0.112015
-0.0241728	0.111185
-0.0233692	0.102004
-0.0217156	0.101164
-0.0199743	0.100326
-0.0182488	0.0994857
-0.0161736	0.118626
-0.0161635	0.0986468
-0.0141782	0.0978067
-0.0141782	0.0978067
-0.0119077	0.0969657
-0.00957224	0.0961238
-0.00945901	7.51027e-05
-0.00730315	0.122728
-0.00695332	0.0952813
-0.00444171	0.139608
-0.00410924	0.0944376
-0.000488106	0.0935954
0.0032567	0.0927515
0.00579383	0.119447
0.00783261	0.0919092
0.0124316	0.0910655
0.0172741	0.0902219
0.0219661	0.0893774
0.0242954	0.121909
0.0257808	0.0885319
0.0280126	0.137238
0.0295807	0.0876854
0.0326291	0.120268
0.0342474	0.0868405
0.039046	0.0859941
0.040932	0.000456317
0.0433059	0.121088
0.0451829	0.0851494
0.0515271	0.0843034
0.0579692	0.0834577
0.0622556	0.14817
0.0644706	0.131647
0.0645579	0.0826112
0.0687968	0.0817641
0.072626	0.0809161
0.0728194	8.24209e-05
0.0778544	0.0800698
0.0830647	0.0792222
0.0904923	0.0783763
0.0985741	0.0775295
0.104939	0.0766826
0.108514	0.138819
0.110803	0.128421
0.111413	0.0758352
0.115175	0.0749879
0.11825	0.0741398
0.11825	0.0741398
0.12356	0.0732934
0.128751	0.0724461
0.130229	0.000572092
0.130871	0.138029
0.133744	0.148541
0.13743	0.0716004
0.147624	0.0707541
0.154725	0.0699078
0.162035	0.0690614
0.168322	0.0682153
0.174998	0.0673691
0.181348	0.0665235
0.188198	0.0656779
0.190654	0.148912
0.194732	0.0648328
0.201703	0.0639878
0.208421	0.0631434
0.212712	0.000690801
0.215537	0.0622991
0.217921	0.130842
0.222447	0.0614555
0.229757	0.060612
0.236906	0.0597694
0.24193	0.129229
0.243068	0.149283
0.244515	0.0589267
0.252252	0.0580851
0.259426	0.0572435
0.265793	0.0564031
0.274261	0.0555626
0.279212	0.000821378
0.282931	0.0547234
0.285192	0.130036
0.291103	0.0538842
0.299175	0.0530463
0.29948	0.149496
0.307539	0.0522086
0.316035	0.0513722
0.324667	0.0505361
0.333529	0.0497014
0.333529	0.0497014
0.342454	0.149703
0.34254	0.0488669
0.351551	0.000948577
0.352068	0.048034
0.360323	0.149603
0.361802	0.0472014
0.373106	0.0463705
0.383246	0.0455399
0.397217	0.0447112
0.409158	0.0438826
0.410109	0.0432186
0.412483	0.0425547
0.415941	0.00108578
0.425629	0.0418814
0.440538	0.149656
0.442239	0.0412082
0.446898	0.0398444
0.449393	0.0405259
0.460759	0.039153
0.460759	0.039153
0.479608	0.00121571
0.481353	0.0384625
0.482818	0.0370652
0.485076	0.0377634
0.498529	0.0363576
0.525715	0.0356509
0.528607	0.149683
0.528754	0.0342241
0.530715	0.0349369
0.538454	0.00135359
0.54357	0.0335023
0.564396	0.0327822
0.573654	0.0320552
0.581403	0.0313298
0.59299	0.0305971
0.601385	0.00148162
0.602687	0.0298666
0.611268	0.149696
0.619569	0.0291293
0.644753	0.028394
0.653905	0.0276544
0.654876	0.00161491
0.655835	0.0269173
0.671722	0.0261741
0.692137	0.025434
0.704077	0.0246907
0.714463	0.0239499
0.735585	0.0232065
0.738133	0.00196225
0.762803	0.0224653
0.777488	0.0217252
0.78934	0.0209874
0.806297	0.0202499
0.826013	0.0195158
0.841051	0.00233484
0.844478	0.0187837
0.864516	0.0180555
0.88241	0.0173306
0.901222	0.0166104
0.919648	0.0158947
0.920128	0.0027378
0.941172	0.0151843
0.959803	0.0144803
0.979853	0.0137824
0.990026	0.00316129
0.99769	0.0130921
1.01664	0.012409
1.03178	0.011735
1.0373	0.00361403
1.04079	0.0110691
1.06396	0.0104136
1.07234	0.00408281
1.09728	0.00976589
1.10335	0.0045785
1.11291	0.00913456
1.11932	0.00508729
1.12613	0.00851326
1.12905	0.00616997
1.12924	0.0079052
1.13346	0.00562091
1.13346	0.00562091
1.14281	0.00731205
1.14357	0.00673192
)
