(title "X-Wall Shear Stress")
(labels "X-Wall Shear Stress" "Position")

((xy/key/label "middleplane_pressureside")
-0.558062	0.133252
-0.543974	0.132452
-0.45154	0.134051
-0.416721	0.131647
-0.342674	0.143527
-0.327738	0.144306
-0.323856	0.142747
-0.321795	0.13485
-0.274059	0.145084
-0.268701	0.141966
-0.261139	0.130842
-0.238919	0.135647
-0.209335	0.136443
-0.193472	0.141182
-0.177771	0.12436
-0.176594	0.145858
-0.156444	0.137238
-0.137905	0.130036
-0.131739	0.125175
-0.0925214	0.123544
-0.0861288	0.140397
-0.0808366	0.000128905
-0.0773173	0.000188002
-0.071108	0.000262319
-0.0604669	9.16272e-05
-0.0564178	0.138029
-0.0540178	0.116155
-0.0539378	0.11698
-0.0492698	0.115328
-0.0481229	0.117803
-0.0441273	0.146632
-0.0439822	0.129229
-0.0381972	0.1145
-0.0341293	0.000354999
-0.0308286	0.107021
-0.0294456	0.106186
-0.0289143	0.107855
-0.0264243	0.105352
-0.0248762	0.108689
-0.0236408	0.104516
-0.0219205	0.118626
-0.0211975	0.10368
-0.0208227	0.113672
-0.019717	0.109523
-0.0194082	0.102843
-0.0180341	0.102004
-0.0172496	0.101164
-0.0167157	0.100326
-0.0161601	0.0994857
-0.0148344	0.0986468
-0.0142179	0.110355
-0.0131508	0.0978067
-0.0131508	0.0978067
-0.0108327	0.0969657
-0.00944043	7.51027e-05
-0.00902225	0.111185
-0.00826559	0.0961238
-0.0063029	0.112843
-0.00525847	0.0952813
-0.00410093	0.112015
-0.00410093	0.112015
-0.00212991	0.0944376
0.0015659	0.0935954
0.00517455	0.0927515
0.00932131	0.0919092
0.0134868	0.0910655
0.0135244	0.139608
0.0164995	0.125988
0.0179147	0.0902219
0.0222644	0.138819
0.0223115	0.0893774
0.0259416	0.0885319
0.0296887	0.0876854
0.0314598	0.122728
0.0342827	0.119447
0.0343864	0.0868405
0.0392524	0.0859941
0.0416816	0.000456317
0.0454336	0.0851494
0.0517406	0.0843034
0.0581303	0.0834577
0.0646139	0.0826112
0.0688027	0.0817641
0.0725653	0.0809161
0.0727146	8.24209e-05
0.0777401	0.0800698
0.0828989	0.0792222
0.0843188	0.128421
0.0872275	0.147401
0.0903293	0.0783763
0.0984204	0.0775295
0.102431	0.120268
0.104808	0.0766826
0.111305	0.0758352
0.115116	0.0749879
0.118174	0.0741398
0.118174	0.0741398
0.11922	0.121909
0.123487	0.0732934
0.128675	0.0724461
0.129367	0.149283
0.131325	0.000572092
0.137301	0.0716004
0.138888	0.148912
0.141956	0.121088
0.147512	0.0707541
0.149714	0.149496
0.154611	0.0699078
0.156649	0.126801
0.15908	0.14817
0.161437	0.148541
0.161973	0.0690614
0.16831	0.0682153
0.175022	0.0673691
0.181413	0.0665235
0.18826	0.0656779
0.188405	0.127613
0.191611	0.149603
0.194817	0.0648328
0.198101	0.149703
0.201786	0.0639878
0.208527	0.0631434
0.213755	0.000690801
0.215631	0.0622991
0.22254	0.0614555
0.229828	0.060612
0.236992	0.0597694
0.244655	0.0589267
0.245277	0.149656
0.252445	0.0580851
0.259651	0.0572435
0.266039	0.0564031
0.274547	0.0555626
0.280381	0.000821378
0.28317	0.0547234
0.291344	0.0538842
0.298195	0.149683
0.299394	0.0530463
0.307791	0.0522086
0.316268	0.0513722
0.324892	0.0505361
0.333788	0.0497014
0.333788	0.0497014
0.342853	0.0488669
0.346044	0.149696
0.35242	0.048034
0.352711	0.000948577
0.362128	0.0472014
0.373542	0.0463705
0.383659	0.0455399
0.397515	0.0447112
0.409183	0.0438826
0.410415	0.0432186
0.412978	0.0425547
0.417137	0.00108578
0.425943	0.0418814
0.442618	0.0412082
0.447255	0.0398444
0.449657	0.0405259
0.461055	0.039153
0.461055	0.039153
0.480787	0.00121571
0.481735	0.0384625
0.483143	0.0370652
0.485457	0.0377634
0.498937	0.0363576
0.526085	0.0356509
0.529092	0.0342241
0.531131	0.0349369
0.539601	0.00135359
0.543945	0.0335023
0.564766	0.0327822
0.57397	0.0320552
0.581727	0.0313298
0.593286	0.0305971
0.602499	0.00148162
0.603054	0.0298666
0.619987	0.0291293
0.645293	0.028394
0.654268	0.0276544
0.655896	0.00161491
0.656067	0.0269173
0.672156	0.0261741
0.692524	0.025434
0.704508	0.0246907
0.714889	0.0239499
0.736002	0.0232065
0.739105	0.00196225
0.763234	0.0224653
0.777852	0.0217252
0.789789	0.0209874
0.806726	0.0202499
0.82644	0.0195158
0.842044	0.00233484
0.844941	0.0187837
0.864948	0.0180555
0.882904	0.0173306
0.901696	0.0166104
0.92013	0.0158947
0.921046	0.0027378
0.941684	0.0151843
0.960284	0.0144803
0.980369	0.0137824
0.990898	0.00316129
0.998224	0.0130921
1.01717	0.012409
1.03234	0.011735
1.03814	0.00361403
1.04137	0.0110691
1.06455	0.0104136
1.07315	0.00408281
1.09789	0.00976589
1.10416	0.0045785
1.11354	0.00913456
1.12011	0.00508729
1.12679	0.00851326
1.12976	0.00616997
1.12991	0.0079052
1.13422	0.00562091
1.13422	0.00562091
1.14349	0.00731205
1.14426	0.00673192
)
