(title "X-Wall Shear Stress")
(labels "X-Wall Shear Stress" "Position")

((xy/key/label "middleplane_pressureside")
-0.55154	0.135647
-0.530661	0.146632
-0.522591	0.13485
-0.499702	0.145858
-0.469742	0.136443
-0.455883	0.126801
-0.428586	0.127613
-0.426116	0.147401
-0.406283	0.145084
-0.370831	0.134051
-0.340414	0.144306
-0.33064	0.137238
-0.317151	0.14817
-0.308833	0.125988
-0.290475	0.143527
-0.262139	0.148541
-0.202426	0.142747
-0.186897	0.148912
-0.182425	0.128421
-0.164767	0.138029
-0.129358	0.149283
-0.123126	0.125175
-0.0992801	0.133252
-0.0944337	0.149496
-0.0868985	0.117803
-0.0867271	0.118626
-0.0821174	0.000128905
-0.0803575	0.149696
-0.078955	0.000188002
-0.0787681	0.141966
-0.07432	0.149603
-0.0729832	0.11698
-0.0721659	0.000262319
-0.0720202	0.149683
-0.0680322	0.149656
-0.0611496	9.16272e-05
-0.0581115	0.116155
-0.0492278	0.149703
-0.0467277	0.119447
-0.0438971	0.115328
-0.0406876	0.107855
-0.0395794	0.108689
-0.0384986	0.107021
-0.0363791	0.109523
-0.0343788	0.106186
-0.0342305	0.000354999
-0.0312578	0.110355
-0.0304378	0.105352
-0.0276491	0.104516
-0.0270817	0.1145
-0.0263502	0.138819
-0.025917	0.10368
-0.0251667	0.102843
-0.0249206	0.101164
-0.0249019	0.102004
-0.0245897	0.100326
-0.023557	0.0994857
-0.0232881	0.111185
-0.0214511	0.0986468
-0.0188655	0.0978067
-0.0188655	0.0978067
-0.0155999	0.0969657
-0.0137423	0.112015
-0.0137423	0.112015
-0.0122384	0.0961238
-0.0110202	0.113672
-0.00952689	7.51027e-05
-0.00874598	0.0952813
-0.0068171	0.112843
-0.00542235	0.0944376
-0.00179689	0.0935954
0.00166751	0.0927515
0.00578231	0.0919092
0.00994667	0.0910655
0.0144863	0.0902219
0.0147563	0.12436
0.0191691	0.0893774
0.023251	0.0885319
0.026629	0.120268
0.0274377	0.0876854
0.029573	0.141182
0.0325286	0.0868405
0.0376972	0.0859941
0.0421361	0.000456317
0.0440054	0.0851494
0.0503684	0.0843034
0.0509525	0.139608
0.0567224	0.0834577
0.0631412	0.0826112
0.0672796	0.0817641
0.0711032	0.0809161
0.0724753	0.140397
0.0730344	8.24209e-05
0.0763849	0.0800698
0.0817005	0.0792222
0.0892577	0.0783763
0.0902214	0.123544
0.097474	0.0775295
0.0977913	0.121088
0.103964	0.0766826
0.110508	0.0758352
0.114282	0.0749879
0.117372	0.0741398
0.117372	0.0741398
0.122641	0.0732934
0.126984	0.129229
0.127764	0.0724461
0.131323	0.000572092
0.13167	0.122728
0.13646	0.0716004
0.138451	0.121909
0.146619	0.0707541
0.153802	0.0699078
0.161192	0.0690614
0.167542	0.0682153
0.174321	0.0673691
0.180672	0.0665235
0.187573	0.0656779
0.194052	0.0648328
0.201019	0.0639878
0.207678	0.0631434
0.210891	0.132452
0.212826	0.000690801
0.21479	0.0622991
0.221713	0.0614555
0.229039	0.060612
0.236271	0.0597694
0.243889	0.0589267
0.251709	0.0580851
0.258886	0.0572435
0.265333	0.0564031
0.273795	0.0555626
0.278929	0.000821378
0.28243	0.0547234
0.29058	0.0538842
0.298599	0.0530463
0.307036	0.0522086
0.315455	0.0513722
0.324186	0.0505361
0.333051	0.0497014
0.333051	0.0497014
0.342144	0.0488669
0.349848	0.130036
0.350772	0.000948577
0.351718	0.048034
0.361485	0.0472014
0.372851	0.0463705
0.382919	0.0455399
0.396774	0.0447112
0.40831	0.0438826
0.408765	0.131647
0.409889	0.0432186
0.412419	0.0425547
0.41499	0.00108578
0.425199	0.0418814
0.441959	0.0412082
0.446614	0.0398444
0.449009	0.0405259
0.450015	0.130842
0.460399	0.039153
0.460399	0.039153
0.478499	0.00121571
0.481082	0.0384625
0.482539	0.0370652
0.484833	0.0377634
0.498327	0.0363576
0.525418	0.0356509
0.528474	0.0342241
0.530469	0.0349369
0.537214	0.00135359
0.543338	0.0335023
0.564105	0.0327822
0.573377	0.0320552
0.581099	0.0313298
0.592682	0.0305971
0.600039	0.00148162
0.602422	0.0298666
0.619335	0.0291293
0.644595	0.028394
0.653521	0.00161491
0.653594	0.0276544
0.655567	0.0269173
0.671535	0.0261741
0.691913	0.025434
0.703897	0.0246907
0.714276	0.0239499
0.735382	0.0232065
0.736719	0.00196225
0.762567	0.0224653
0.777239	0.0217252
0.789157	0.0209874
0.806058	0.0202499
0.825802	0.0195158
0.839591	0.00233484
0.84427	0.0187837
0.864275	0.0180555
0.882226	0.0173306
0.900984	0.0166104
0.918743	0.0027378
0.919419	0.0158947
0.940941	0.0151843
0.959536	0.0144803
0.979603	0.0137824
0.988699	0.00316129
0.997419	0.0130921
1.01634	0.012409
1.03146	0.011735
1.03607	0.00361403
1.04045	0.0110691
1.0636	0.0104136
1.07122	0.00408281
1.09686	0.00976589
1.1023	0.0045785
1.11243	0.00913456
1.11837	0.00508729
1.1256	0.00851326
1.12832	0.00616997
1.12866	0.0079052
1.13262	0.00562091
1.13262	0.00562091
1.14219	0.00731205
1.14292	0.00673192
)
