(title "X-Wall Shear Stress")
(labels "X-Wall Shear Stress" "Position")

((xy/key/label "middleplane_pressureside")
-0.841464	0.136443
-0.741444	0.137238
-0.725353	0.135647
-0.523928	0.138029
-0.385656	0.13485
-0.334577	0.128421
-0.323655	0.129229
-0.283076	0.138819
-0.200954	0.127613
-0.10823	0.130036
-0.08148	0.000128905
-0.0788689	0.000188002
-0.0738723	0.000262319
-0.0690448	0.139608
-0.0626127	0.126801
-0.0607131	9.16272e-05
-0.0507607	0.119447
-0.0448779	0.120268
-0.0435829	0.118626
-0.0359633	0.000354999
-0.0355519	0.117803
-0.0295532	0.11698
-0.0288929	0.109523
-0.0285723	0.110355
-0.0282352	0.108689
-0.027552	0.111185
-0.0267876	0.107855
-0.0248776	0.112015
-0.0248776	0.112015
-0.0248236	0.107021
-0.0242352	0.116155
-0.0236044	0.106186
-0.0232735	0.147401
-0.0232216	0.104516
-0.0231845	0.105352
-0.0230046	0.10368
-0.0226754	0.102843
-0.0218652	0.102004
-0.0206763	0.101164
-0.0191058	0.112843
-0.0188591	0.100326
-0.0171213	0.115328
-0.0167215	0.0994857
-0.0165041	0.14817
-0.014205	0.0986468
-0.0135757	0.121088
-0.0129525	0.113672
-0.0118002	0.0978067
-0.0118002	0.0978067
-0.0117346	0.1145
-0.00946542	7.51027e-05
-0.00928847	0.0969657
-0.00686413	0.0961238
-0.00435677	0.0952813
-0.00162928	0.0944376
0.00164099	0.146632
0.00171475	0.0935954
0.0052888	0.0927515
0.00817844	0.148541
0.00827511	0.125988
0.00975459	0.0919092
0.0142441	0.0910655
0.0190499	0.0902219
0.0237811	0.0893774
0.0276099	0.0885319
0.0313596	0.0876854
0.033097	0.121909
0.033966	0.125175
0.0360369	0.0868405
0.0403234	0.000456317
0.0407495	0.0859941
0.0468369	0.0851494
0.0481738	0.145858
0.0531061	0.0843034
0.054722	0.145084
0.0594691	0.0834577
0.0598176	0.12436
0.0652501	0.140397
0.065717	0.144306
0.0659904	0.0826112
0.0688027	0.122728
0.070153	0.0817641
0.0720533	0.134051
0.0728978	8.24209e-05
0.0739493	0.0809161
0.0772501	0.123544
0.0791517	0.0800698
0.0829019	0.148912
0.0843335	0.0792222
0.0917342	0.0783763
0.0998096	0.0775295
0.100588	0.143527
0.106148	0.0766826
0.112589	0.0758352
0.116266	0.0749879
0.119294	0.0741398
0.119294	0.0741398
0.121137	0.141182
0.124531	0.0732934
0.129365	0.000572092
0.129662	0.0724461
0.138352	0.0716004
0.140262	0.142747
0.14469	0.141966
0.148507	0.0707541
0.152443	0.130842
0.15563	0.0699078
0.162898	0.0690614
0.169183	0.0682153
0.170891	0.149283
0.175855	0.0673691
0.18218	0.0665235
0.189036	0.0656779
0.195526	0.0648328
0.202481	0.0639878
0.209159	0.0631434
0.210415	0.149703
0.211802	0.000690801
0.216239	0.0622991
0.223142	0.0614555
0.230412	0.060612
0.23757	0.0597694
0.245163	0.0589267
0.248149	0.149496
0.252897	0.0580851
0.260053	0.0572435
0.266389	0.0564031
0.274878	0.0555626
0.278075	0.000821378
0.283513	0.0547234
0.291703	0.0538842
0.299748	0.0530463
0.306348	0.149603
0.308092	0.0522086
0.31657	0.0513722
0.325163	0.0505361
0.327955	0.131647
0.334049	0.0497014
0.334049	0.0497014
0.342987	0.0488669
0.350265	0.000948577
0.352521	0.048034
0.353036	0.133252
0.353892	0.149656
0.362218	0.0472014
0.373472	0.0463705
0.383609	0.0455399
0.385919	0.149683
0.39606	0.132452
0.39772	0.0447112
0.408827	0.149696
0.409903	0.0438826
0.410338	0.0432186
0.412596	0.0425547
0.414532	0.00108578
0.426047	0.0418814
0.44254	0.0412082
0.4472	0.0398444
0.449654	0.0405259
0.46104	0.039153
0.46104	0.039153
0.47817	0.00121571
0.48163	0.0384625
0.483077	0.0370652
0.485351	0.0377634
0.498766	0.0363576
0.525996	0.0356509
0.529008	0.0342241
0.531029	0.0349369
0.537019	0.00135359
0.543822	0.0335023
0.564641	0.0327822
0.573872	0.0320552
0.581624	0.0313298
0.593183	0.0305971
0.600001	0.00148162
0.602867	0.0298666
0.619735	0.0291293
0.644905	0.028394
0.653667	0.00161491
0.654149	0.0276544
0.656007	0.0269173
0.671889	0.0261741
0.692324	0.025434
0.704258	0.0246907
0.714665	0.0239499
0.735776	0.0232065
0.737046	0.00196225
0.76299	0.0224653
0.77762	0.0217252
0.789505	0.0209874
0.806466	0.0202499
0.826157	0.0195158
0.839996	0.00233484
0.844646	0.0187837
0.864647	0.0180555
0.882569	0.0173306
0.901353	0.0166104
0.919276	0.0027378
0.919761	0.0158947
0.941292	0.0151843
0.95989	0.0144803
0.979942	0.0137824
0.989316	0.00316129
0.997769	0.0130921
1.01668	0.012409
1.0318	0.011735
1.03669	0.00361403
1.04079	0.0110691
1.06394	0.0104136
1.07182	0.00408281
1.09723	0.00976589
1.10287	0.0045785
1.11282	0.00913456
1.11889	0.00508729
1.126	0.00851326
1.1288	0.00616997
1.12907	0.0079052
1.13312	0.00562091
1.13312	0.00562091
1.14263	0.00731205
1.14338	0.00673192
)
