(title "X-Wall Shear Stress")
(labels "X-Wall Shear Stress" "Position")

((xy/key/label "middleplane_pressureside")
-0.839716	0.13485
-0.833828	0.135647
-0.701812	0.136443
-0.57952	0.137238
-0.526513	0.138029
-0.498479	0.138819
-0.464788	0.139608
-0.452377	0.140397
-0.440791	0.134051
-0.423128	0.141182
-0.298252	0.126801
-0.276182	0.141966
-0.218932	0.125988
-0.202134	0.145858
-0.193883	0.127613
-0.174354	0.146632
-0.0833531	0.000128905
-0.0811622	0.000188002
-0.0751356	0.000262319
-0.0667929	0.125175
-0.0616996	9.16272e-05
-0.0599937	0.145084
-0.0599479	0.142747
-0.0566586	0.117803
-0.0507525	0.118626
-0.043826	0.11698
-0.0369113	0.110355
-0.036066	0.000354999
-0.0357642	0.111185
-0.0355483	0.109523
-0.0338501	0.108689
-0.0329197	0.116155
-0.0317622	0.107855
-0.0296489	0.107021
-0.0296449	0.112015
-0.0296449	0.112015
-0.0277906	0.115328
-0.0275109	0.106186
-0.0269171	0.102843
-0.0268053	0.10368
-0.0266003	0.104516
-0.0265436	0.102004
-0.0264685	0.105352
-0.0256798	0.101164
-0.0251708	0.1145
-0.0240282	0.100326
-0.0233404	0.112843
-0.0225299	0.113672
-0.0217763	0.0994857
-0.0189125	0.0986468
-0.0161044	0.0978067
-0.0161044	0.0978067
-0.0131026	0.0969657
-0.0130644	0.128421
-0.0126253	0.119447
-0.010271	0.0961238
-0.00959873	7.51027e-05
-0.00752655	0.0952813
-0.00485818	0.0944376
-0.0016471	0.0935954
0.00157296	0.0927515
0.00581065	0.0919092
0.0101382	0.0910655
0.0123476	0.147401
0.0149026	0.0902219
0.0149689	0.12436
0.0197638	0.0893774
0.0239742	0.0885319
0.0281599	0.0876854
0.0311055	0.120268
0.0331158	0.0868405
0.0381766	0.0859941
0.0398912	0.123544
0.0402908	0.000456317
0.0443132	0.0851494
0.047023	0.122728
0.0490168	0.121909
0.0497838	0.121088
0.0506156	0.0843034
0.0569364	0.0834577
0.0633851	0.0826112
0.0676164	0.0817641
0.069527	0.144306
0.0715508	0.0809161
0.0732594	8.24209e-05
0.0769946	0.0800698
0.0822401	0.143527
0.0824006	0.0792222
0.0900237	0.0783763
0.0982548	0.0775295
0.104764	0.0766826
0.111309	0.0758352
0.115098	0.0749879
0.11822	0.0741398
0.11822	0.0741398
0.123557	0.0732934
0.128768	0.0724461
0.129048	0.000572092
0.137561	0.0716004
0.137811	0.129229
0.147827	0.0707541
0.155075	0.0699078
0.162501	0.0690614
0.163439	0.133252
0.168883	0.0682153
0.17567	0.0673691
0.182034	0.0665235
0.188282	0.14817
0.18892	0.0656779
0.195419	0.0648328
0.202399	0.0639878
0.209132	0.0631434
0.210882	0.000690801
0.216294	0.0622991
0.223254	0.0614555
0.230613	0.060612
0.237804	0.0597694
0.24548	0.0589267
0.253288	0.0580851
0.260504	0.0572435
0.266083	0.130036
0.266866	0.0564031
0.271523	0.148541
0.274841	0.149283
0.275279	0.0555626
0.276471	0.000821378
0.276917	0.148912
0.279364	0.149703
0.283987	0.0547234
0.28656	0.149496
0.292104	0.0538842
0.30018	0.0530463
0.304517	0.149603
0.308513	0.0522086
0.317055	0.0513722
0.325784	0.0505361
0.334565	0.0497014
0.334565	0.0497014
0.343764	0.0488669
0.348139	0.000948577
0.353085	0.149656
0.353217	0.048034
0.355205	0.130842
0.362986	0.0472014
0.3742	0.0463705
0.382731	0.131647
0.384262	0.0455399
0.398081	0.0447112
0.39873	0.132452
0.409867	0.0438826
0.411588	0.0432186
0.41223	0.00108578
0.413742	0.0425547
0.418298	0.149683
0.426458	0.0418814
0.443309	0.0412082
0.447933	0.0398444
0.450359	0.0405259
0.461633	0.039153
0.461633	0.039153
0.475804	0.00121571
0.482363	0.0384625
0.483813	0.0370652
0.485412	0.149696
0.486105	0.0377634
0.499426	0.0363576
0.526682	0.0356509
0.529611	0.0342241
0.531806	0.0349369
0.534636	0.00135359
0.54446	0.0335023
0.565275	0.0327822
0.574601	0.0320552
0.582255	0.0313298
0.593912	0.0305971
0.597619	0.00148162
0.603536	0.0298666
0.620465	0.0291293
0.645581	0.028394
0.651408	0.00161491
0.654589	0.0276544
0.656625	0.0269173
0.672451	0.0261741
0.692856	0.025434
0.704797	0.0246907
0.715103	0.0239499
0.73477	0.00196225
0.736201	0.0232065
0.763341	0.0224653
0.778036	0.0217252
0.789855	0.0209874
0.80671	0.0202499
0.826434	0.0195158
0.837599	0.00233484
0.844832	0.0187837
0.864822	0.0180555
0.882695	0.0173306
0.901405	0.0166104
0.91695	0.0027378
0.919799	0.0158947
0.941259	0.0151843
0.959817	0.0144803
0.979817	0.0137824
0.987039	0.00316129
0.997575	0.0130921
1.01642	0.012409
1.03145	0.011735
1.0345	0.00361403
1.04035	0.0110691
1.06343	0.0104136
1.06977	0.00408281
1.09661	0.00976589
1.10091	0.0045785
1.11206	0.00913456
1.1171	0.00508729
1.12508	0.00851326
1.1274	0.00616997
1.12804	0.0079052
1.13151	0.00562091
1.13151	0.00562091
1.14153	0.00731205
1.14216	0.00673192
)
