(title "X-Wall Shear Stress")
(labels "X-Wall Shear Stress" "Position")

((xy/key/label "middleplane_pressureside")
-0.625062	0.134051
-0.579488	0.125988
-0.564427	0.133252
-0.535289	0.13485
-0.513949	0.126801
-0.370925	0.135647
-0.347345	0.125175
-0.292544	0.132452
-0.201532	0.148541
-0.185532	0.148912
-0.178934	0.139608
-0.174566	0.14817
-0.168813	0.136443
-0.162147	0.138819
-0.159484	0.127613
-0.142058	0.149283
-0.140625	0.147401
-0.126713	0.146632
-0.113556	0.145858
-0.0995613	0.149496
-0.0969378	0.138029
-0.0917714	0.140397
-0.0868123	0.000128905
-0.0858792	0.000188002
-0.0855096	0.145084
-0.0785183	0.000262319
-0.0680844	0.12436
-0.0656771	0.116155
-0.0641901	0.149603
-0.0635137	9.16272e-05
-0.0622019	0.115328
-0.0604459	0.11698
-0.059369	0.1145
-0.0580422	0.137238
-0.0526405	0.113672
-0.0463438	0.144306
-0.0389536	0.112843
-0.0366458	0.000354999
-0.0324677	0.104516
-0.0323367	0.105352
-0.0309652	0.10368
-0.0295983	0.149656
-0.0294591	0.106186
-0.0290198	0.102843
-0.028955	0.117803
-0.0266512	0.102004
-0.024381	0.107021
-0.0241713	0.101164
-0.0217361	0.100326
-0.0198343	0.0994857
-0.0198026	0.112015
-0.0198026	0.112015
-0.0190101	0.107855
-0.018158	0.0986468
-0.0168777	0.0978067
-0.0168777	0.0978067
-0.0153816	0.0969657
-0.0144847	0.108689
-0.0138903	0.0961238
-0.0119823	0.0952813
-0.0106602	0.109523
-0.00984394	7.51027e-05
-0.00965333	0.0944376
-0.00726037	0.110355
-0.00724422	0.111185
-0.00642053	0.0935954
-0.00372514	0.143527
-0.0028508	0.0927515
0.00148062	0.0919092
0.00599533	0.0910655
0.0076337	0.149683
0.0107493	0.0902219
0.0152825	0.0893774
0.0190553	0.0885319
0.0229006	0.0876854
0.025691	0.141182
0.0275468	0.0868405
0.0303632	0.118626
0.0311978	0.149703
0.0323137	0.0859941
0.038419	0.0851494
0.0399341	0.149696
0.0411893	0.000456317
0.0434469	0.142747
0.0446624	0.0843034
0.0511232	0.0834577
0.0576772	0.0826112
0.0621666	0.0817641
0.0631401	0.141966
0.066306	0.0809161
0.0717784	0.0800698
0.0738302	8.24209e-05
0.0771957	0.0792222
0.0801444	0.123544
0.0847465	0.0783763
0.092878	0.0775295
0.0960922	0.119447
0.099428	0.0766826
0.10608	0.0758352
0.108438	0.122728
0.1101	0.0749879
0.113453	0.0741398
0.113453	0.0741398
0.11899	0.0732934
0.124398	0.0724461
0.129045	0.000572092
0.133187	0.0716004
0.138902	0.121909
0.143498	0.0707541
0.145295	0.131647
0.146061	0.120268
0.150746	0.0699078
0.158259	0.0690614
0.162052	0.121088
0.164707	0.0682153
0.171582	0.0673691
0.178106	0.0665235
0.185112	0.0656779
0.189251	0.128421
0.191799	0.0648328
0.198862	0.0639878
0.205743	0.0631434
0.209209	0.000690801
0.212949	0.0622991
0.220024	0.0614555
0.227407	0.060612
0.234654	0.0597694
0.242371	0.0589267
0.25021	0.0580851
0.257536	0.0572435
0.26398	0.0564031
0.272601	0.0555626
0.274207	0.000821378
0.281305	0.0547234
0.289589	0.0538842
0.297658	0.0530463
0.306109	0.0522086
0.31468	0.0513722
0.323353	0.0505361
0.332264	0.0497014
0.332264	0.0497014
0.341278	0.0488669
0.345392	0.000948577
0.350952	0.048034
0.360632	0.0472014
0.372062	0.0463705
0.382268	0.0455399
0.396397	0.0447112
0.406134	0.129229
0.408512	0.0438826
0.408915	0.0432186
0.409444	0.00108578
0.411405	0.0425547
0.424911	0.0418814
0.441374	0.0412082
0.446126	0.0398444
0.448505	0.0405259
0.459994	0.039153
0.459994	0.039153
0.46148	0.130842
0.473001	0.00121571
0.480613	0.0384625
0.48213	0.0370652
0.484354	0.0377634
0.497879	0.0363576
0.505159	0.130036
0.525051	0.0356509
0.528117	0.0342241
0.530107	0.0349369
0.531883	0.00135359
0.54297	0.0335023
0.563773	0.0327822
0.572973	0.0320552
0.580758	0.0313298
0.592298	0.0305971
0.594926	0.00148162
0.602056	0.0298666
0.618954	0.0291293
0.644204	0.028394
0.648902	0.00161491
0.65328	0.0276544
0.655052	0.0269173
0.6711	0.0261741
0.691451	0.025434
0.703422	0.0246907
0.713798	0.0239499
0.732276	0.00196225
0.734858	0.0232065
0.762017	0.0224653
0.776601	0.0217252
0.788493	0.0209874
0.805385	0.0202499
0.825039	0.0195158
0.834983	0.00233484
0.843485	0.0187837
0.86341	0.0180555
0.881287	0.0173306
0.900004	0.0166104
0.914389	0.0027378
0.918335	0.0158947
0.939806	0.0151843
0.958318	0.0144803
0.97826	0.0137824
0.984473	0.00316129
0.996023	0.0130921
1.0148	0.012409
1.02979	0.011735
1.03193	0.00361403
1.03866	0.0110691
1.06167	0.0104136
1.06723	0.00408281
1.09475	0.00976589
1.09838	0.0045785
1.11011	0.00913456
1.11462	0.00508729
1.12304	0.00851326
1.12512	0.00616997
1.12595	0.0079052
1.12908	0.00562091
1.12908	0.00562091
1.13937	0.00731205
1.13996	0.00673192
)
