(title "X-Wall Shear Stress")
(labels "X-Wall Shear Stress" "Position")

((xy/key/label "middleplane_pressureside")
-0.89211	0.132452
-0.858996	0.131647
-0.573831	0.130842
-0.566298	0.141182
-0.559808	0.133252
-0.552062	0.140397
-0.531763	0.141966
-0.506768	0.139608
-0.430095	0.142747
-0.425811	0.149696
-0.384513	0.138819
-0.311601	0.143527
-0.308552	0.149683
-0.255971	0.149703
-0.229172	0.144306
-0.189573	0.145084
-0.171983	0.149656
-0.161534	0.145858
-0.144614	0.130036
-0.129586	0.146632
-0.120395	0.138029
-0.0865103	0.000128905
-0.0857522	0.147401
-0.0846306	0.000188002
-0.0757502	0.000262319
-0.0715516	0.120268
-0.0704145	0.149603
-0.066998	0.121088
-0.0648663	0.134051
-0.0635413	9.16272e-05
-0.0596512	0.121909
-0.058335	0.122728
-0.0531462	0.119447
-0.0500019	0.14817
-0.0418216	0.123544
-0.0388506	0.111185
-0.0372767	0.112015
-0.0372767	0.112015
-0.0356788	0.148541
-0.0347842	0.000354999
-0.0345083	0.110355
-0.0299619	0.109523
-0.0282653	0.102843
-0.0281373	0.10368
-0.0277289	0.149496
-0.0274455	0.112843
-0.027426	0.102004
-0.0269651	0.104516
-0.0267271	0.108689
-0.0261006	0.101164
-0.0247384	0.105352
-0.0245744	0.107855
-0.0240237	0.100326
-0.0230044	0.107021
-0.0229293	0.106186
-0.0217563	0.0994857
-0.0208289	0.148912
-0.0194712	0.0986468
-0.0175746	0.0978067
-0.0175746	0.0978067
-0.0165231	0.113672
-0.016475	0.118626
-0.0162721	0.149283
-0.0156119	0.0969657
-0.0137238	0.0961238
-0.0116746	0.0952813
-0.0098503	7.51027e-05
-0.00930596	0.1145
-0.00918737	0.0944376
-0.00609465	0.0935954
-0.00257365	0.0927515
-0.00206784	0.115328
0.00187773	0.0919092
0.00506179	0.116155
0.00638505	0.0910655
0.00814529	0.117803
0.0105448	0.11698
0.0111572	0.0902219
0.0157113	0.0893774
0.0162758	0.12436
0.0195751	0.0885319
0.0234314	0.0876854
0.0281395	0.0868405
0.032896	0.0859941
0.0390176	0.0851494
0.0424085	0.000456317
0.0452985	0.0843034
0.0517873	0.0834577
0.0584079	0.0826112
0.0629373	0.0817641
0.0671039	0.0809161
0.0725896	0.0800698
0.0738644	8.24209e-05
0.078004	0.0792222
0.0855416	0.0783763
0.0936373	0.0775295
0.100072	0.0766826
0.106633	0.0758352
0.110644	0.0749879
0.112843	0.125175
0.113992	0.0741398
0.113992	0.0741398
0.119407	0.0732934
0.12492	0.0724461
0.130845	0.000572092
0.133696	0.0716004
0.144022	0.0707541
0.151296	0.0699078
0.158729	0.0690614
0.165193	0.0682153
0.171951	0.0673691
0.178448	0.0665235
0.185373	0.0656779
0.191604	0.137238
0.192063	0.0648328
0.199127	0.0639878
0.206012	0.0631434
0.21079	0.000690801
0.213247	0.0622991
0.215829	0.125988
0.218838	0.129229
0.220294	0.0614555
0.227747	0.060612
0.234945	0.0597694
0.242679	0.0589267
0.250412	0.0580851
0.257763	0.0572435
0.262252	0.13485
0.264119	0.0564031
0.272683	0.0555626
0.275764	0.000821378
0.281392	0.0547234
0.289671	0.0538842
0.294815	0.126801
0.297869	0.0530463
0.306233	0.0522086
0.314862	0.0513722
0.323526	0.0505361
0.332562	0.0497014
0.332562	0.0497014
0.341467	0.0488669
0.343572	0.127613
0.346677	0.000948577
0.351074	0.048034
0.353883	0.128421
0.360808	0.0472014
0.370892	0.136443
0.372046	0.0463705
0.382266	0.0455399
0.390232	0.135647
0.396401	0.0447112
0.408778	0.0438826
0.40914	0.0432186
0.410734	0.00108578
0.411406	0.0425547
0.424972	0.0418814
0.441452	0.0412082
0.446211	0.0398444
0.448646	0.0405259
0.460081	0.039153
0.460081	0.039153
0.474206	0.00121571
0.48064	0.0384625
0.482204	0.0370652
0.484408	0.0377634
0.497801	0.0363576
0.525053	0.0356509
0.528114	0.0342241
0.530111	0.0349369
0.532994	0.00135359
0.542937	0.0335023
0.563765	0.0327822
0.573073	0.0320552
0.580826	0.0313298
0.592456	0.0305971
0.595888	0.00148162
0.602088	0.0298666
0.618961	0.0291293
0.644003	0.028394
0.649639	0.00161491
0.65326	0.0276544
0.655288	0.0269173
0.67105	0.0261741
0.691476	0.025434
0.703374	0.0246907
0.713747	0.0239499
0.732851	0.00196225
0.734842	0.0232065
0.761978	0.0224653
0.776674	0.0217252
0.788468	0.0209874
0.805375	0.0202499
0.825066	0.0195158
0.835515	0.00233484
0.84346	0.0187837
0.863455	0.0180555
0.881259	0.0173306
0.9	0.0166104
0.914738	0.0027378
0.918375	0.0158947
0.939794	0.0151843
0.958375	0.0144803
0.978299	0.0137824
0.984701	0.00316129
0.996036	0.0130921
1.01486	0.012409
1.02985	0.011735
1.03212	0.00361403
1.03871	0.0110691
1.06174	0.0104136
1.06739	0.00408281
1.09481	0.00976589
1.09855	0.0045785
1.11019	0.00913456
1.11479	0.00508729
1.12315	0.00851326
1.12522	0.00616997
1.12606	0.0079052
1.12923	0.00562091
1.12923	0.00562091
1.13945	0.00731205
1.14003	0.00673192
)
