(title "X-Wall Shear Stress")
(labels "X-Wall Shear Stress" "Position")

((xy/key/label "middleplane_pressureside")
-0.815394	0.13485
-0.721928	0.149696
-0.701993	0.134051
-0.682521	0.135647
-0.522628	0.149683
-0.48815	0.133252
-0.438479	0.149703
-0.330866	0.141182
-0.303404	0.149656
-0.299619	0.141966
-0.29937	0.136443
-0.265154	0.146632
-0.253331	0.147401
-0.248474	0.125988
-0.239451	0.126801
-0.238472	0.132452
-0.238183	0.14817
-0.236049	0.142747
-0.232857	0.140397
-0.223672	0.148541
-0.19289	0.148912
-0.192605	0.145858
-0.16487	0.149603
-0.162028	0.149283
-0.146256	0.125175
-0.141534	0.143527
-0.13689	0.149496
-0.0946584	0.127613
-0.0822199	0.000128905
-0.0799981	0.000188002
-0.075148	0.000262319
-0.0710337	0.145084
-0.0610915	9.16272e-05
-0.0609735	0.117803
-0.0558265	0.118626
-0.051756	0.11698
-0.0479846	0.144306
-0.0436105	0.116155
-0.0383247	0.109523
-0.0383027	0.108689
-0.0381522	0.110355
-0.0373536	0.111185
-0.0372189	0.107855
-0.0371675	0.115328
-0.0366551	0.000354999
-0.035666	0.12436
-0.0347691	0.107021
-0.0332543	0.112015
-0.0332543	0.112015
-0.0320729	0.106186
-0.0310938	0.1145
-0.0304884	0.105352
-0.0297117	0.104516
-0.0290014	0.119447
-0.0288819	0.10368
-0.0282743	0.102843
-0.0277789	0.112843
-0.0276064	0.102004
-0.0268475	0.101164
-0.0267402	0.113672
-0.0255433	0.100326
-0.0237571	0.0994857
-0.021411	0.0986468
-0.0189745	0.0978067
-0.0189745	0.0978067
-0.0161504	0.0969657
-0.0132685	0.0961238
-0.0102732	0.0952813
-0.00951199	7.51027e-05
-0.00715237	0.0944376
-0.00360516	0.0935954
-6.08343e-05	0.0927515
0.000799954	0.120268
0.00427704	0.0919092
0.00858851	0.0910655
0.0128068	0.123544
0.0133137	0.0902219
0.0180756	0.121088
0.0181094	0.0893774
0.0191723	0.122728
0.0210661	0.121909
0.0222649	0.0885319
0.0264417	0.0876854
0.0315223	0.0868405
0.0344576	0.139608
0.0366072	0.0859941
0.0396566	0.000456317
0.0410269	0.137238
0.0428998	0.0851494
0.0492758	0.0843034
0.0556576	0.0834577
0.06218	0.0826112
0.0664335	0.0817641
0.0697073	0.131647
0.0704052	0.0809161
0.0730461	8.24209e-05
0.0757924	0.0800698
0.0811917	0.0792222
0.0888353	0.0783763
0.097079	0.0775295
0.103586	0.0766826
0.110181	0.0758352
0.113423	0.128421
0.113997	0.0749879
0.11719	0.0741398
0.11719	0.0741398
0.12253	0.0732934
0.127794	0.0724461
0.128364	0.000572092
0.136532	0.0716004
0.146764	0.0707541
0.154016	0.0699078
0.161348	0.0690614
0.167828	0.0682153
0.174538	0.0673691
0.180977	0.0665235
0.187894	0.0656779
0.194393	0.0648328
0.200559	0.138029
0.20149	0.0639878
0.208134	0.0631434
0.21059	0.000690801
0.215384	0.0622991
0.222266	0.0614555
0.229178	0.138819
0.229673	0.060612
0.236875	0.0597694
0.244448	0.0589267
0.252298	0.0580851
0.259459	0.0572435
0.265973	0.0564031
0.274345	0.0555626
0.276347	0.000821378
0.283069	0.0547234
0.287182	0.129229
0.291215	0.0538842
0.299309	0.0530463
0.307717	0.0522086
0.316111	0.0513722
0.324895	0.0505361
0.332371	0.130842
0.33368	0.0497014
0.33368	0.0497014
0.342819	0.0488669
0.34823	0.000948577
0.352346	0.048034
0.362155	0.0472014
0.373488	0.0463705
0.38358	0.0455399
0.390612	0.130036
0.397364	0.0447112
0.408765	0.0438826
0.410664	0.0432186
0.412365	0.00108578
0.413135	0.0425547
0.425708	0.0418814
0.442571	0.0412082
0.447199	0.0398444
0.449586	0.0405259
0.460926	0.039153
0.460926	0.039153
0.47599	0.00121571
0.481654	0.0384625
0.483093	0.0370652
0.485385	0.0377634
0.498855	0.0363576
0.525972	0.0356509
0.528964	0.0342241
0.531079	0.0349369
0.534874	0.00135359
0.543873	0.0335023
0.564657	0.0327822
0.573906	0.0320552
0.581623	0.0313298
0.593211	0.0305971
0.597927	0.00148162
0.602932	0.0298666
0.619845	0.0291293
0.645095	0.028394
0.651807	0.00161491
0.654073	0.0276544
0.656034	0.0269173
0.671991	0.0261741
0.69237	0.025434
0.704354	0.0246907
0.714705	0.0239499
0.735295	0.00196225
0.735811	0.0232065
0.762993	0.0224653
0.777645	0.0217252
0.789541	0.0209874
0.806434	0.0202499
0.826157	0.0195158
0.838241	0.00233484
0.84461	0.0187837
0.864601	0.0180555
0.88252	0.0173306
0.901262	0.0166104
0.917713	0.0027378
0.91967	0.0158947
0.941177	0.0151843
0.959758	0.0144803
0.979786	0.0137824
0.987876	0.00316129
0.997581	0.0130921
1.01647	0.012409
1.03154	0.011735
1.03535	0.00361403
1.04048	0.0110691
1.0636	0.0104136
1.07059	0.00408281
1.09683	0.00976589
1.10169	0.0045785
1.11234	0.00913456
1.11781	0.00508729
1.12543	0.00851326
1.12798	0.00616997
1.12844	0.0079052
1.13217	0.00562091
1.13217	0.00562091
1.14197	0.00731205
1.14266	0.00673192
)
