(title "X-Wall Shear Stress")
(labels "X-Wall Shear Stress" "Position")

((xy/key/label "middleplane_pressureside")
-0.623378	0.142747
-0.584257	0.141966
-0.562846	0.143527
-0.453618	0.136443
-0.453132	0.144306
-0.45281	0.141182
-0.429518	0.135647
-0.384763	0.137238
-0.36531	0.128421
-0.32267	0.127613
-0.319481	0.145084
-0.318547	0.13485
-0.282829	0.140397
-0.274705	0.138029
-0.199142	0.129229
-0.187073	0.138819
-0.179456	0.126801
-0.17387	0.139608
-0.13905	0.145858
-0.116618	0.134051
-0.0816911	0.000128905
-0.0786425	0.000188002
-0.0724212	0.000262319
-0.0608785	9.16272e-05
-0.0508027	0.125988
-0.0493396	0.119447
-0.0474764	0.118626
-0.0428244	0.117803
-0.037903	0.11698
-0.0345608	0.000354999
-0.0339837	0.120268
-0.0320278	0.116155
-0.0280255	0.108689
-0.0276891	0.107855
-0.0267954	0.109523
-0.0261872	0.107021
-0.0247014	0.106186
-0.0246491	0.110355
-0.0235162	0.105352
-0.0234965	0.115328
-0.0227546	0.104516
-0.0221239	0.111185
-0.0220238	0.10368
-0.0215294	0.102843
-0.0207614	0.102004
-0.0198382	0.101164
-0.018537	0.112015
-0.018537	0.112015
-0.0183528	0.100326
-0.0165571	0.0994857
-0.0141958	0.0986468
-0.0141455	0.1145
-0.0139712	0.112843
-0.011837	0.0978067
-0.011837	0.0978067
-0.0107591	0.113672
-0.00949016	7.51027e-05
-0.00933025	0.0969657
-0.00718871	0.149283
-0.00683656	0.0961238
-0.00420665	0.0952813
-0.00132937	0.0944376
0.000943371	0.148912
0.00207026	0.0935954
0.00567369	0.0927515
0.00841998	0.121088
0.00884873	0.149496
0.0101115	0.0919092
0.0145453	0.0910655
0.0192779	0.0902219
0.0239378	0.0893774
0.0277192	0.0885319
0.0308139	0.125175
0.0314661	0.0876854
0.0331123	0.149603
0.0341554	0.146632
0.0361559	0.0868405
0.0387742	0.148541
0.0409163	0.0859941
0.0418316	0.000456317
0.0470451	0.0851494
0.053338	0.0843034
0.0589886	0.149656
0.0595848	0.121909
0.0597148	0.0834577
0.0602145	0.149703
0.0662322	0.0826112
0.0699215	0.130036
0.070392	0.0817641
0.0711364	0.12436
0.0729078	8.24209e-05
0.0741539	0.0809161
0.0793162	0.0800698
0.081944	0.149683
0.0827475	0.14817
0.0844618	0.0792222
0.0918383	0.0783763
0.0964959	0.122728
0.0996322	0.123544
0.0999064	0.0775295
0.0999573	0.147401
0.1024	0.149696
0.10624	0.0766826
0.112687	0.0758352
0.116385	0.0749879
0.119386	0.0741398
0.119386	0.0741398
0.124623	0.0732934
0.129736	0.0724461
0.131214	0.000572092
0.137913	0.133252
0.13837	0.0716004
0.148533	0.0707541
0.155622	0.0699078
0.162913	0.0690614
0.169197	0.0682153
0.175866	0.0673691
0.182187	0.0665235
0.189022	0.0656779
0.195497	0.0648328
0.202449	0.0639878
0.209123	0.0631434
0.21328	0.000690801
0.216198	0.0622991
0.223089	0.0614555
0.230331	0.060612
0.237503	0.0597694
0.245081	0.0589267
0.252835	0.0580851
0.25996	0.0572435
0.26631	0.0564031
0.269258	0.130842
0.274817	0.0555626
0.279629	0.000821378
0.283436	0.0547234
0.291674	0.0538842
0.299662	0.0530463
0.307569	0.132452
0.308054	0.0522086
0.316498	0.0513722
0.325112	0.0505361
0.333963	0.0497014
0.333963	0.0497014
0.342923	0.0488669
0.345086	0.131647
0.35165	0.000948577
0.352527	0.048034
0.362141	0.0472014
0.373544	0.0463705
0.383665	0.0455399
0.397706	0.0447112
0.409673	0.0438826
0.410316	0.0432186
0.412775	0.0425547
0.415852	0.00108578
0.426083	0.0418814
0.442605	0.0412082
0.447256	0.0398444
0.449706	0.0405259
0.461112	0.039153
0.461112	0.039153
0.479348	0.00121571
0.481722	0.0384625
0.483156	0.0370652
0.485442	0.0377634
0.498886	0.0363576
0.526104	0.0356509
0.529108	0.0342241
0.531121	0.0349369
0.53803	0.00135359
0.543949	0.0335023
0.564765	0.0327822
0.573972	0.0320552
0.581735	0.0313298
0.593276	0.0305971
0.600831	0.00148162
0.602981	0.0298666
0.619834	0.0291293
0.645043	0.028394
0.654235	0.00161491
0.654264	0.0276544
0.656086	0.0269173
0.671997	0.0261741
0.692422	0.025434
0.704354	0.0246907
0.71475	0.0239499
0.735854	0.0232065
0.737393	0.00196225
0.763068	0.0224653
0.777676	0.0217252
0.789569	0.0209874
0.806519	0.0202499
0.826204	0.0195158
0.840249	0.00233484
0.844696	0.0187837
0.864685	0.0180555
0.882618	0.0173306
0.901393	0.0166104
0.919353	0.0027378
0.9198	0.0158947
0.941336	0.0151843
0.959931	0.0144803
0.979989	0.0137824
0.989298	0.00316129
0.997817	0.0130921
1.01673	0.012409
1.03186	0.011735
1.03666	0.00361403
1.04086	0.0110691
1.06402	0.0104136
1.0718	0.00408281
1.09731	0.00976589
1.10288	0.0045785
1.1129	0.00913456
1.11892	0.00508729
1.12608	0.00851326
1.12884	0.00616997
1.12915	0.0079052
1.13316	0.00562091
1.13316	0.00562091
1.1427	0.00731205
1.14344	0.00673192
)
