(title "X-Wall Shear Stress")
(labels "X-Wall Shear Stress" "Position")

((xy/key/label "middleplane_pressureside")
-0.738236	0.149696
-0.49641	0.149683
-0.460923	0.149703
-0.410758	0.141182
-0.387727	0.13485
-0.356828	0.135647
-0.347012	0.140397
-0.328275	0.141966
-0.284109	0.130842
-0.272582	0.131647
-0.230545	0.149656
-0.197391	0.142747
-0.188672	0.136443
-0.153942	0.130036
-0.152333	0.139608
-0.132554	0.134051
-0.127778	0.121088
-0.113553	0.120268
-0.102646	0.121909
-0.0961414	0.137238
-0.0807483	0.000128905
-0.0776321	0.143527
-0.0773444	0.000188002
-0.0773213	0.132452
-0.0714584	0.000262319
-0.0626086	0.122728
-0.0616342	0.119447
-0.0604082	9.16272e-05
-0.0473596	0.112015
-0.0473596	0.112015
-0.0464446	0.149603
-0.0448762	0.111185
-0.0380242	0.110355
-0.0370291	0.112843
-0.0344813	0.000354999
-0.031063	0.109523
-0.0275375	0.138029
-0.0262412	0.102843
-0.025816	0.102004
-0.0249657	0.10368
-0.0245478	0.108689
-0.0241392	0.101164
-0.023428	0.138819
-0.0228051	0.104516
-0.0212187	0.100326
-0.0189617	0.105352
-0.0185138	0.107855
-0.0178716	0.0994857
-0.0150971	0.106186
-0.0147353	0.0986468
-0.0145914	0.107021
-0.0140234	0.113672
-0.0121204	0.0978067
-0.0121204	0.0978067
-0.00985619	0.0969657
-0.00943075	7.51027e-05
-0.00799654	0.0961238
-0.00758935	0.118626
-0.00619902	0.0952813
-0.00411423	0.0944376
-0.00177278	0.123544
-0.00126634	0.0935954
-0.000453118	0.149283
0.00203242	0.0927515
0.00652432	0.0919092
0.00662772	0.1145
0.010095	0.149496
0.0111316	0.0910655
0.0161721	0.0902219
0.0192306	0.115328
0.0199109	0.148912
0.0204847	0.117803
0.0210897	0.0893774
0.0251064	0.0885319
0.026582	0.116155
0.0272869	0.11698
0.0289661	0.0876854
0.0312108	0.144306
0.0336721	0.0868405
0.0382981	0.0859941
0.041137	0.000456317
0.0416456	0.129229
0.0442715	0.0851494
0.0487631	0.133252
0.0503952	0.0843034
0.0566832	0.0834577
0.0632038	0.0826112
0.0674832	0.0817641
0.0714815	0.0809161
0.0727469	8.24209e-05
0.0768451	0.0800698
0.0822215	0.0792222
0.0897582	0.0783763
0.0916645	0.12436
0.0978399	0.0775295
0.104172	0.0766826
0.110635	0.0758352
0.114302	0.0749879
0.115261	0.148541
0.117406	0.0741398
0.117406	0.0741398
0.122714	0.0732934
0.127975	0.0724461
0.130645	0.000572092
0.132226	0.145084
0.136784	0.0716004
0.147009	0.0707541
0.154297	0.0699078
0.161584	0.0690614
0.168007	0.0682153
0.174657	0.0673691
0.180979	0.0665235
0.187838	0.0656779
0.193832	0.125175
0.194281	0.0648328
0.195255	0.128421
0.201355	0.0639878
0.208043	0.0631434
0.209304	0.14817
0.209613	0.145858
0.213245	0.000690801
0.215293	0.0622991
0.222209	0.0614555
0.229595	0.060612
0.236778	0.0597694
0.244431	0.0589267
0.252273	0.0580851
0.25941	0.0572435
0.265771	0.0564031
0.27189	0.127613
0.274146	0.0555626
0.275374	0.125988
0.279677	0.146632
0.279822	0.000821378
0.28192	0.147401
0.282899	0.0547234
0.291034	0.0538842
0.29917	0.0530463
0.303787	0.126801
0.307525	0.0522086
0.316085	0.0513722
0.324852	0.0505361
0.333602	0.0497014
0.333602	0.0497014
0.342834	0.0488669
0.352162	0.000948577
0.352213	0.048034
0.361932	0.0472014
0.373161	0.0463705
0.383269	0.0455399
0.397097	0.0447112
0.408918	0.0438826
0.410723	0.0432186
0.41291	0.0425547
0.416559	0.00108578
0.42558	0.0418814
0.442392	0.0412082
0.44705	0.0398444
0.449547	0.0405259
0.460849	0.039153
0.460849	0.039153
0.480219	0.00121571
0.481484	0.0384625
0.483006	0.0370652
0.485231	0.0377634
0.498596	0.0363576
0.525825	0.0356509
0.528834	0.0342241
0.530874	0.0349369
0.539049	0.00135359
0.543655	0.0335023
0.564487	0.0327822
0.573841	0.0320552
0.581518	0.0313298
0.593203	0.0305971
0.60197	0.00148162
0.60282	0.0298666
0.619732	0.0291293
0.644834	0.028394
0.653927	0.0276544
0.655423	0.00161491
0.656049	0.0269173
0.671833	0.0261741
0.692266	0.025434
0.704197	0.0246907
0.71453	0.0239499
0.735673	0.0232065
0.738668	0.00196225
0.762862	0.0224653
0.77763	0.0217252
0.789443	0.0209874
0.806357	0.0202499
0.826128	0.0195158
0.841605	0.00233484
0.844537	0.0187837
0.864626	0.0180555
0.882498	0.0173306
0.901292	0.0166104
0.919772	0.0158947
0.920638	0.0027378
0.941259	0.0151843
0.959905	0.0144803
0.97998	0.0137824
0.990503	0.00316129
0.997804	0.0130921
1.01676	0.012409
1.03192	0.011735
1.03774	0.00361403
1.04095	0.0110691
1.06412	0.0104136
1.07275	0.00408281
1.09745	0.00976589
1.10375	0.0045785
1.1131	0.00913456
1.11969	0.00508729
1.12635	0.00851326
1.12934	0.00616997
1.12947	0.0079052
1.1338	0.00562091
1.1338	0.00562091
1.14306	0.00731205
1.14383	0.00673192
)
