(title "X-Wall Shear Stress")
(labels "X-Wall Shear Stress" "Position")

((xy/key/label "middleplane_pressureside")
-0.629309	0.132452
-0.627775	0.133252
-0.541971	0.131647
-0.524688	0.134051
-0.38139	0.130842
-0.338505	0.13485
-0.273826	0.12436
-0.271927	0.141182
-0.265127	0.140397
-0.246067	0.123544
-0.211496	0.139608
-0.203353	0.141966
-0.17855	0.122728
-0.168343	0.125175
-0.142883	0.135647
-0.13996	0.138819
-0.112431	0.145858
-0.109215	0.121909
-0.104533	0.130036
-0.0858053	0.000128905
-0.0842987	0.000188002
-0.0780706	0.138029
-0.0769449	0.000262319
-0.0743244	0.142747
-0.0705877	0.145084
-0.0699884	0.146632
-0.0630483	9.16272e-05
-0.0516896	0.113672
-0.0507806	0.112843
-0.0418376	0.1145
-0.0408612	0.112015
-0.0408612	0.112015
-0.0361428	0.000354999
-0.0342168	0.137238
-0.0334952	0.136443
-0.0310478	0.111185
-0.028545	0.115328
-0.0279172	0.10368
-0.0278162	0.104516
-0.027348	0.102843
-0.0266665	0.105352
-0.0259165	0.102004
-0.0250905	0.110355
-0.0242631	0.106186
-0.0240671	0.101164
-0.0217744	0.100326
-0.0217404	0.109523
-0.0209784	0.107021
-0.0198718	0.108689
-0.0196365	0.0994857
-0.0193358	0.107855
-0.0181714	0.121088
-0.0173916	0.0986468
-0.0154238	0.0978067
-0.0154238	0.0978067
-0.0132739	0.0969657
-0.012876	0.116155
-0.0111576	0.0961238
-0.00978536	7.51027e-05
-0.00877826	0.0952813
-0.00611552	0.0944376
-0.00293836	0.0935954
0.000641783	0.0927515
0.00285699	0.147401
0.00503113	0.0919092
0.00707936	0.11698
0.00946211	0.0910655
0.0142447	0.0902219
0.017709	0.144306
0.0189322	0.0893774
0.022833	0.0885319
0.0266936	0.0876854
0.0314344	0.0868405
0.0317099	0.143527
0.0317103	0.117803
0.0361946	0.0859941
0.0407318	0.000456317
0.042314	0.0851494
0.0485638	0.0843034
0.052156	0.14817
0.0549794	0.0834577
0.061532	0.0826112
0.0627832	0.118626
0.0632849	0.125988
0.0649673	0.120268
0.0658998	0.0817641
0.0699426	0.0809161
0.0737462	8.24209e-05
0.0738792	0.148541
0.0753273	0.0800698
0.0778497	0.148912
0.0806753	0.0792222
0.0838419	0.149283
0.0843711	0.149703
0.0864916	0.119447
0.0881735	0.0783763
0.0962655	0.0775295
0.102644	0.0766826
0.106484	0.149496
0.109145	0.0758352
0.112936	0.0749879
0.116177	0.0741398
0.116177	0.0741398
0.121551	0.0732934
0.126893	0.0724461
0.128842	0.000572092
0.129721	0.149603
0.135705	0.0716004
0.145918	0.0707541
0.148327	0.149656
0.153179	0.0699078
0.157853	0.149683
0.16048	0.0690614
0.163458	0.149696
0.166898	0.0682153
0.173601	0.0673691
0.179998	0.0665235
0.186921	0.0656779
0.193441	0.0648328
0.200524	0.0639878
0.207239	0.0631434
0.209437	0.000690801
0.214493	0.0622991
0.217798	0.129229
0.221445	0.0614555
0.228853	0.060612
0.23606	0.0597694
0.243669	0.0589267
0.251481	0.0580851
0.258635	0.0572435
0.265079	0.0564031
0.273518	0.0555626
0.274386	0.000821378
0.281373	0.126801
0.282258	0.0547234
0.290453	0.0538842
0.298536	0.0530463
0.306977	0.0522086
0.315492	0.0513722
0.324233	0.0505361
0.333071	0.0497014
0.333071	0.0497014
0.342171	0.0488669
0.345529	0.000948577
0.351679	0.048034
0.361396	0.0472014
0.372652	0.0463705
0.382787	0.0455399
0.396568	0.0447112
0.3991	0.128421
0.402187	0.127613
0.408301	0.0438826
0.409514	0.00108578
0.410107	0.0432186
0.412472	0.0425547
0.42513	0.0418814
0.441924	0.0412082
0.446555	0.0398444
0.448986	0.0405259
0.460337	0.039153
0.460337	0.039153
0.473013	0.00121571
0.480983	0.0384625
0.482486	0.0370652
0.484729	0.0377634
0.498144	0.0363576
0.525332	0.0356509
0.528384	0.0342241
0.530404	0.0349369
0.531834	0.00135359
0.543199	0.0335023
0.564017	0.0327822
0.573356	0.0320552
0.58105	0.0313298
0.59269	0.0305971
0.594813	0.00148162
0.602303	0.0298666
0.619182	0.0291293
0.644275	0.028394
0.648768	0.00161491
0.653429	0.0276544
0.655495	0.0269173
0.671264	0.0261741
0.691677	0.025434
0.703585	0.0246907
0.713939	0.0239499
0.732162	0.00196225
0.735042	0.0232065
0.762176	0.0224653
0.776886	0.0217252
0.788667	0.0209874
0.805568	0.0202499
0.825268	0.0195158
0.834942	0.00233484
0.843657	0.0187837
0.86366	0.0180555
0.881463	0.0173306
0.900209	0.0166104
0.914458	0.0027378
0.918586	0.0158947
0.940016	0.0151843
0.958602	0.0144803
0.978534	0.0137824
0.984632	0.00316129
0.996281	0.0130921
1.01512	0.012409
1.03011	0.011735
1.03219	0.00361403
1.03898	0.0110691
1.06203	0.0104136
1.06757	0.00408281
1.09513	0.00976589
1.09877	0.0045785
1.11052	0.00913456
1.11505	0.00508729
1.12347	0.00851326
1.12559	0.00616997
1.12639	0.0079052
1.12955	0.00562091
1.12955	0.00562091
1.13982	0.00731205
1.14042	0.00673192
)
