(title "X-Wall Shear Stress")
(labels "X-Wall Shear Stress" "Position")

((xy/key/label "middleplane_pressureside")
-0.617074	0.133252
-0.573167	0.132452
-0.564359	0.134051
-0.535395	0.142747
-0.531968	0.135647
-0.520764	0.13485
-0.502444	0.141966
-0.453698	0.143527
-0.445027	0.131647
-0.426432	0.136443
-0.380166	0.141182
-0.295647	0.144306
-0.237293	0.140397
-0.228421	0.130842
-0.223795	0.137238
-0.142655	0.145084
-0.139728	0.139608
-0.12099	0.138029
-0.107709	0.138819
-0.0979546	0.125175
-0.0829359	0.000128905
-0.0803778	0.000188002
-0.0770399	0.12436
-0.0741261	0.000262319
-0.0615255	9.16272e-05
-0.054097	0.125988
-0.0355777	0.123544
-0.0354219	0.000354999
-0.0314168	0.117803
-0.0300843	0.11698
-0.0286705	0.116155
-0.0264538	0.107855
-0.0264302	0.107021
-0.0261551	0.115328
-0.026135	0.108689
-0.0259233	0.106186
-0.0254105	0.109523
-0.0252445	0.105352
-0.0249874	0.104516
-0.0246608	0.110355
-0.0244924	0.10368
-0.0238155	0.102843
-0.0230063	0.118626
-0.0229642	0.1145
-0.0227337	0.111185
-0.0226981	0.102004
-0.0215352	0.101164
-0.0199741	0.100326
-0.0188186	0.112015
-0.0188186	0.112015
-0.0187545	0.113672
-0.018389	0.0994857
-0.0177063	0.145858
-0.0164445	0.112843
-0.0164287	0.0986468
-0.014617	0.0978067
-0.014617	0.0978067
-0.0125512	0.0969657
-0.0104399	0.0961238
-0.00958172	7.51027e-05
-0.00801557	0.0952813
-0.00528657	0.0944376
-0.00202576	0.0935954
0.0017491	0.0927515
0.00546335	0.122728
0.00620805	0.0919092
0.00772835	0.119447
0.0106695	0.0910655
0.0154065	0.0902219
0.0199956	0.0893774
0.0237427	0.0885319
0.0274074	0.0876854
0.0319886	0.0868405
0.0366511	0.0859941
0.0410541	0.000456317
0.0410995	0.121909
0.0427386	0.0851494
0.0451869	0.120268
0.0455656	0.130036
0.0490082	0.0843034
0.0554594	0.0834577
0.0594633	0.121088
0.0620364	0.0826112
0.0664219	0.0817641
0.0704086	0.0809161
0.0707153	0.126801
0.073211	8.24209e-05
0.0757213	0.0800698
0.0809532	0.0792222
0.0883614	0.0783763
0.0906308	0.146632
0.096418	0.0775295
0.10276	0.0766826
0.109185	0.0758352
0.113044	0.0749879
0.116247	0.0741398
0.116247	0.0741398
0.12156	0.0732934
0.126928	0.0724461
0.129799	0.000572092
0.135619	0.0716004
0.145866	0.0707541
0.151285	0.147401
0.153022	0.0699078
0.160342	0.148912
0.160357	0.0690614
0.16671	0.0682153
0.167423	0.149283
0.17335	0.0673691
0.174008	0.148541
0.174279	0.14817
0.17978	0.0665235
0.186604	0.0656779
0.193239	0.0648328
0.19475	0.149496
0.200227	0.0639878
0.207006	0.0631434
0.208288	0.127613
0.21139	0.000690801
0.214184	0.0622991
0.221129	0.0614555
0.228569	0.060612
0.230767	0.149603
0.235712	0.0597694
0.241781	0.129229
0.243364	0.0589267
0.251021	0.0580851
0.254954	0.149703
0.258274	0.0572435
0.264655	0.0564031
0.27314	0.0555626
0.277215	0.000821378
0.281803	0.0547234
0.285569	0.128421
0.290006	0.0538842
0.294072	0.149656
0.298217	0.0530463
0.306607	0.0522086
0.315161	0.0513722
0.32376	0.0505361
0.332761	0.0497014
0.332761	0.0497014
0.341675	0.0488669
0.348948	0.000948577
0.351147	0.048034
0.360932	0.0472014
0.370158	0.149683
0.372116	0.0463705
0.382309	0.0455399
0.396475	0.0447112
0.408858	0.0438826
0.40927	0.0432186
0.411458	0.0425547
0.41305	0.00108578
0.424981	0.0418814
0.436963	0.149696
0.441447	0.0412082
0.446175	0.0398444
0.448684	0.0405259
0.460085	0.039153
0.460085	0.039153
0.476556	0.00121571
0.480598	0.0384625
0.482179	0.0370652
0.484357	0.0377634
0.497766	0.0363576
0.525051	0.0356509
0.528154	0.0342241
0.530065	0.0349369
0.535306	0.00135359
0.542944	0.0335023
0.563788	0.0327822
0.573104	0.0320552
0.580856	0.0313298
0.592469	0.0305971
0.598193	0.00148162
0.602087	0.0298666
0.618936	0.0291293
0.643966	0.028394
0.651858	0.00161491
0.653359	0.0276544
0.655361	0.0269173
0.671093	0.0261741
0.691548	0.025434
0.703434	0.0246907
0.713893	0.0239499
0.734995	0.0232065
0.735156	0.00196225
0.762194	0.0224653
0.776873	0.0217252
0.788692	0.0209874
0.805682	0.0202499
0.825361	0.0195158
0.838007	0.00233484
0.843824	0.0187837
0.863836	0.0180555
0.881695	0.0173306
0.900498	0.0166104
0.917306	0.0027378
0.918887	0.0158947
0.940392	0.0151843
0.959018	0.0144803
0.979003	0.0137824
0.987354	0.00316129
0.996816	0.0130921
1.01571	0.012409
1.03079	0.011735
1.03479	0.00361403
1.03976	0.0110691
1.06287	0.0104136
1.07	0.00408281
1.09609	0.00976589
1.1011	0.0045785
1.11162	0.00913456
1.11721	0.00508729
1.12473	0.00851326
1.12732	0.00616997
1.12776	0.0079052
1.13152	0.00562091
1.13152	0.00562091
1.14127	0.00731205
1.14197	0.00673192
)
