(title "X-Wall Shear Stress")
(labels "X-Wall Shear Stress" "Position")

((xy/key/label "middleplane_pressureside")
-1.06378	0.149696
-0.855107	0.149683
-0.622041	0.149656
-0.614753	0.149703
-0.496397	0.149496
-0.494659	0.149603
-0.483489	0.149283
-0.455383	0.131647
-0.425466	0.132452
-0.399942	0.148912
-0.397952	0.130842
-0.381286	0.133252
-0.325918	0.134051
-0.310836	0.148541
-0.245368	0.130036
-0.22858	0.13485
-0.222836	0.14817
-0.165435	0.122728
-0.159617	0.121909
-0.149306	0.123544
-0.142377	0.121088
-0.10962	0.141182
-0.104959	0.120268
-0.100655	0.141966
-0.098034	0.147401
-0.0956613	0.140397
-0.0837336	0.000128905
-0.0823294	0.135647
-0.0815444	0.000188002
-0.075203	0.000262319
-0.0619343	9.16272e-05
-0.0572185	0.12436
-0.0522869	0.139608
-0.0498626	0.112015
-0.0498626	0.112015
-0.0462776	0.111185
-0.0410562	0.112843
-0.0372342	0.110355
-0.0358272	0.000354999
-0.0343044	0.119447
-0.0337894	0.142747
-0.0315599	0.109523
-0.0288138	0.102004
-0.0285332	0.102843
-0.0284237	0.101164
-0.0283822	0.108689
-0.0275711	0.10368
-0.0272125	0.100326
-0.0271482	0.113672
-0.0261879	0.104516
-0.0255073	0.0994857
-0.0255052	0.107855
-0.0238038	0.105352
-0.0232411	0.0986468
-0.0229274	0.107021
-0.0221424	0.106186
-0.0209554	0.0978067
-0.0209554	0.0978067
-0.0183437	0.0969657
-0.0158231	0.0961238
-0.0136357	0.1145
-0.0131165	0.0952813
-0.011598	0.129229
-0.0104219	0.0944376
-0.00963464	7.51027e-05
-0.00726273	0.0935954
-0.00401012	0.0927515
-0.00306447	0.146632
-0.00016732	0.0919092
0.00259625	0.115328
0.00389872	0.0910655
0.00838213	0.0902219
0.0129092	0.0893774
0.0141172	0.145858
0.0168873	0.0885319
0.0209975	0.0876854
0.0230693	0.138819
0.0255377	0.116155
0.0259219	0.0868405
0.0264379	0.145084
0.0309535	0.0859941
0.0372251	0.0851494
0.0402046	0.136443
0.0409623	0.000456317
0.0429342	0.143527
0.0435647	0.0843034
0.0474728	0.118626
0.0500745	0.0834577
0.0565042	0.11698
0.0566048	0.0826112
0.0610265	0.0817641
0.0618841	0.144306
0.065107	0.0809161
0.0705604	0.0800698
0.0733975	8.24209e-05
0.0760301	0.0792222
0.0776417	0.117803
0.0788434	0.138029
0.0836402	0.0783763
0.0868584	0.137238
0.0918105	0.0775295
0.098359	0.0766826
0.0996699	0.125175
0.105021	0.0758352
0.109063	0.0749879
0.112528	0.0741398
0.112528	0.0741398
0.118063	0.0732934
0.123525	0.0724461
0.129527	0.000572092
0.132373	0.0716004
0.142587	0.0707541
0.149915	0.0699078
0.157363	0.0690614
0.163854	0.0682153
0.170737	0.0673691
0.17719	0.0665235
0.184236	0.0656779
0.190847	0.0648328
0.19801	0.0639878
0.204864	0.0631434
0.210809	0.000690801
0.212162	0.0622991
0.219227	0.0614555
0.223565	0.128421
0.226673	0.060612
0.233943	0.0597694
0.241598	0.0589267
0.249455	0.0580851
0.251269	0.125988
0.25676	0.0572435
0.26329	0.0564031
0.271744	0.0555626
0.27623	0.000821378
0.280501	0.0547234
0.288712	0.0538842
0.296928	0.0530463
0.305422	0.0522086
0.313895	0.0513722
0.322831	0.0505361
0.331643	0.0497014
0.331643	0.0497014
0.33808	0.127613
0.34008	0.126801
0.340901	0.0488669
0.347595	0.000948577
0.350416	0.048034
0.360101	0.0472014
0.371415	0.0463705
0.381515	0.0455399
0.395363	0.0447112
0.407203	0.0438826
0.409134	0.0432186
0.411405	0.0425547
0.411504	0.00108578
0.424062	0.0418814
0.440877	0.0412082
0.445631	0.0398444
0.448037	0.0405259
0.459413	0.039153
0.459413	0.039153
0.474922	0.00121571
0.480047	0.0384625
0.481678	0.0370652
0.483839	0.0377634
0.497263	0.0363576
0.524495	0.0356509
0.527647	0.0342241
0.529631	0.0349369
0.53362	0.00135359
0.542524	0.0335023
0.563345	0.0327822
0.572756	0.0320552
0.58045	0.0313298
0.592129	0.0305971
0.596502	0.00148162
0.601715	0.0298666
0.618564	0.0291293
0.643605	0.028394
0.650282	0.00161491
0.652925	0.0276544
0.655075	0.0269173
0.670747	0.0261741
0.691237	0.025434
0.703104	0.0246907
0.713564	0.0239499
0.73361	0.00196225
0.7347	0.0232065
0.761873	0.0224653
0.77658	0.0217252
0.788389	0.0209874
0.805384	0.0202499
0.825071	0.0195158
0.836418	0.00233484
0.843523	0.0187837
0.863543	0.0180555
0.88139	0.0173306
0.900187	0.0166104
0.915845	0.0027378
0.918577	0.0158947
0.940067	0.0151843
0.958693	0.0144803
0.978661	0.0137824
0.985982	0.00316129
0.996457	0.0130921
1.01534	0.012409
1.03039	0.011735
1.0335	0.00361403
1.03932	0.0110691
1.06241	0.0104136
1.06881	0.00408281
1.09558	0.00976589
1.09996	0.0045785
1.11105	0.00913456
1.11615	0.00508729
1.12409	0.00851326
1.12648	0.00616997
1.12708	0.0079052
1.13056	0.00562091
1.13056	0.00562091
1.14055	0.00731205
1.14121	0.00673192
)
