(title "X-Wall Shear Stress")
(labels "X-Wall Shear Stress" "Position")

((xy/key/label "middleplane_pressureside")
-0.517222	0.128421
-0.481992	0.129229
-0.408523	0.138819
-0.402431	0.140397
-0.40136	0.141182
-0.397696	0.139608
-0.397513	0.138029
-0.388769	0.141966
-0.355258	0.142747
-0.323368	0.130036
-0.320956	0.137238
-0.304303	0.127613
-0.266906	0.143527
-0.204747	0.136443
-0.187115	0.121088
-0.181777	0.120268
-0.163907	0.130842
-0.153172	0.144306
-0.129732	0.121909
-0.114607	0.119447
-0.0819928	0.000128905
-0.0788467	0.000188002
-0.0722014	0.000262319
-0.0610587	9.16272e-05
-0.0571283	0.135647
-0.0513855	0.131647
-0.0509158	0.112015
-0.0509158	0.112015
-0.0485283	0.111185
-0.0466223	0.145084
-0.0435519	0.110355
-0.0396146	0.112843
-0.0384429	0.109523
-0.0343219	0.000354999
-0.0331158	0.108689
-0.0304606	0.122728
-0.0291552	0.102843
-0.0287538	0.102004
-0.0285528	0.118626
-0.0283437	0.10368
-0.027525	0.107855
-0.0273328	0.101164
-0.0269238	0.104516
-0.0248086	0.105352
-0.0246619	0.100326
-0.0229841	0.107021
-0.0225394	0.106186
-0.0215341	0.0994857
-0.0183655	0.0986468
-0.015966	0.113672
-0.0155257	0.0978067
-0.0155257	0.0978067
-0.012855	0.0969657
-0.0105072	0.0961238
-0.00951466	7.51027e-05
-0.00824269	0.0952813
-0.00579533	0.0944376
-0.00268264	0.0935954
0.000762573	0.0927515
0.00226378	0.1145
0.00534381	0.0919092
0.00777848	0.132452
0.0100122	0.0910655
0.0114442	0.115328
0.015068	0.0902219
0.01542	0.116155
0.0183438	0.11698
0.0189884	0.117803
0.0200029	0.0893774
0.0240702	0.0885319
0.028046	0.0876854
0.0328321	0.0868405
0.0376045	0.0859941
0.0420722	0.000456317
0.0437139	0.0851494
0.0499928	0.0843034
0.0517557	0.145858
0.0555768	0.133252
0.0564048	0.0834577
0.063	0.0826112
0.0673504	0.0817641
0.0713767	0.0809161
0.072964	8.24209e-05
0.0767662	0.0800698
0.0772446	0.13485
0.0821045	0.0792222
0.085202	0.126801
0.0896007	0.0783763
0.0976866	0.0775295
0.100277	0.123544
0.101273	0.134051
0.104045	0.0766826
0.11052	0.0758352
0.11198	0.146632
0.11427	0.0749879
0.117437	0.0741398
0.117437	0.0741398
0.122781	0.0732934
0.12806	0.0724461
0.131408	0.000572092
0.136825	0.0716004
0.147069	0.0707541
0.154269	0.0699078
0.161598	0.0690614
0.166716	0.147401
0.167972	0.0682153
0.174608	0.0673691
0.180989	0.0665235
0.187806	0.0656779
0.194336	0.0648328
0.201361	0.0639878
0.208068	0.0631434
0.213127	0.000690801
0.215281	0.0622991
0.222165	0.0614555
0.229579	0.060612
0.231352	0.12436
0.236765	0.0597694
0.244454	0.0589267
0.244999	0.14817
0.252187	0.0580851
0.2593	0.0572435
0.265689	0.0564031
0.274143	0.0555626
0.27932	0.000821378
0.28286	0.0547234
0.289909	0.148541
0.290945	0.0538842
0.29477	0.149703
0.299077	0.0530463
0.307491	0.0522086
0.316131	0.0513722
0.324741	0.0505361
0.328299	0.125175
0.329756	0.125988
0.33361	0.0497014
0.33361	0.0497014
0.339018	0.148912
0.342763	0.0488669
0.351257	0.000948577
0.35213	0.048034
0.361895	0.0472014
0.373077	0.0463705
0.383204	0.0455399
0.397144	0.0447112
0.398501	0.149283
0.409283	0.0438826
0.410534	0.0432186
0.412622	0.0425547
0.41552	0.00108578
0.425663	0.0418814
0.442364	0.0412082
0.444024	0.149496
0.447066	0.0398444
0.4495	0.0405259
0.460849	0.039153
0.460849	0.039153
0.477442	0.149603
0.479073	0.00121571
0.481505	0.0384625
0.48303	0.0370652
0.485267	0.0377634
0.49861	0.0363576
0.508228	0.149656
0.525877	0.0356509
0.528876	0.0342241
0.53097	0.0349369
0.537229	0.149683
0.537824	0.00135359
0.543728	0.0335023
0.564563	0.0327822
0.566227	0.149696
0.573929	0.0320552
0.581617	0.0313298
0.593312	0.0305971
0.60068	0.00148162
0.602898	0.0298666
0.619801	0.0291293
0.644854	0.028394
0.654055	0.0276544
0.654149	0.00161491
0.656206	0.0269173
0.671903	0.0261741
0.692377	0.025434
0.704283	0.0246907
0.714637	0.0239499
0.735802	0.0232065
0.737351	0.00196225
0.762981	0.0224653
0.777716	0.0217252
0.789533	0.0209874
0.806469	0.0202499
0.826208	0.0195158
0.840245	0.00233484
0.844637	0.0187837
0.864703	0.0180555
0.882548	0.0173306
0.901354	0.0166104
0.919378	0.0027378
0.919802	0.0158947
0.941279	0.0151843
0.959934	0.0144803
0.979967	0.0137824
0.989323	0.00316129
0.997772	0.0130921
1.01671	0.012409
1.03183	0.011735
1.03667	0.00361403
1.04082	0.0110691
1.06397	0.0104136
1.07179	0.00408281
1.09725	0.00976589
1.10286	0.0045785
1.11283	0.00913456
1.1189	0.00508729
1.12602	0.00851326
1.12879	0.00616997
1.12909	0.0079052
1.13312	0.00562091
1.13312	0.00562091
1.14263	0.00731205
1.14336	0.00673192
)
