(title "X-Wall Shear Stress")
(labels "X-Wall Shear Stress" "Position")

((xy/key/label "middleplane_pressureside")
-0.590658	0.130036
-0.52514	0.130842
-0.510318	0.138819
-0.472556	0.139608
-0.420322	0.129229
-0.41919	0.138029
-0.371454	0.140397
-0.331246	0.131647
-0.261698	0.14817
-0.250418	0.141182
-0.224716	0.137238
-0.219372	0.148541
-0.189039	0.123544
-0.186696	0.122728
-0.169699	0.147401
-0.153726	0.132452
-0.125426	0.121909
-0.124263	0.141966
-0.0848682	0.12436
-0.0795781	0.000128905
-0.0756636	0.000188002
-0.0699055	0.000262319
-0.0598281	9.16272e-05
-0.0595362	0.1145
-0.0566959	0.113672
-0.0566394	0.115328
-0.0558599	0.148912
-0.0526039	0.116155
-0.0485388	0.128421
-0.0466571	0.121088
-0.0456171	0.112843
-0.0368125	0.105352
-0.0361017	0.106186
-0.0359496	0.11698
-0.0357404	0.104516
-0.0340385	0.000354999
-0.0336586	0.10368
-0.0329201	0.107021
-0.0311801	0.102843
-0.0311201	0.112015
-0.0311201	0.112015
-0.0284885	0.107855
-0.0280871	0.102004
-0.0251435	0.101164
-0.0250852	0.133252
-0.0249111	0.108689
-0.023102	0.109523
-0.0229883	0.111185
-0.0226397	0.100326
-0.0220489	0.110355
-0.0207995	0.0994857
-0.0191683	0.0986468
-0.0177538	0.0978067
-0.0177538	0.0978067
-0.0160352	0.0969657
-0.0140616	0.0961238
-0.0132331	0.136443
-0.0120831	0.146632
-0.0116231	0.0952813
-0.0101117	0.142747
-0.00935521	7.51027e-05
-0.008442	0.0944376
-0.0045357	0.0935954
-0.000348071	0.0927515
0.00123335	0.117803
0.00462744	0.0919092
0.00944392	0.0910655
0.0144129	0.0902219
0.0190964	0.0893774
0.0229412	0.0885319
0.0267482	0.0876854
0.0296868	0.120268
0.0315306	0.0868405
0.0364303	0.0859941
0.0409642	0.000456317
0.0427529	0.0851494
0.0485112	0.118626
0.0492428	0.0843034
0.0558459	0.0834577
0.0625042	0.0826112
0.0668776	0.0817641
0.0691986	0.119447
0.0694421	0.134051
0.0708746	0.0809161
0.0725728	0.143527
0.0725802	8.24209e-05
0.0762307	0.0800698
0.080689	0.149283
0.0815331	0.0792222
0.0883599	0.145858
0.0890062	0.0783763
0.0955036	0.145084
0.0971879	0.0775295
0.100038	0.125175
0.103677	0.0766826
0.10373	0.144306
0.109021	0.149703
0.110211	0.0758352
0.114057	0.0749879
0.117314	0.0741398
0.117314	0.0741398
0.121073	0.135647
0.122588	0.0732934
0.127876	0.0724461
0.130815	0.000572092
0.133074	0.13485
0.136577	0.0716004
0.146766	0.0707541
0.153946	0.0699078
0.155171	0.149496
0.16128	0.0690614
0.167684	0.0682153
0.174391	0.0673691
0.180833	0.0665235
0.187703	0.0656779
0.194292	0.0648328
0.195144	0.149603
0.201291	0.0639878
0.208025	0.0631434
0.209907	0.149656
0.213459	0.149683
0.213788	0.000690801
0.215197	0.0622991
0.215961	0.149696
0.22208	0.0614555
0.229436	0.060612
0.236545	0.0597694
0.244199	0.0589267
0.251949	0.0580851
0.255239	0.127613
0.259205	0.0572435
0.263899	0.125988
0.265592	0.0564031
0.274077	0.0555626
0.280639	0.000821378
0.282772	0.0547234
0.290966	0.0538842
0.299081	0.0530463
0.307401	0.0522086
0.315895	0.0513722
0.324539	0.0505361
0.32857	0.126801
0.333458	0.0497014
0.333458	0.0497014
0.342411	0.0488669
0.352012	0.048034
0.353225	0.000948577
0.361721	0.0472014
0.373049	0.0463705
0.383207	0.0455399
0.397403	0.0447112
0.409609	0.0438826
0.409795	0.0432186
0.412134	0.0425547
0.417757	0.00108578
0.42576	0.0418814
0.442225	0.0412082
0.446921	0.0398444
0.449403	0.0405259
0.460817	0.039153
0.460817	0.039153
0.481397	0.0384625
0.481498	0.00121571
0.482882	0.0370652
0.485133	0.0377634
0.498597	0.0363576
0.525801	0.0356509
0.528843	0.0342241
0.530808	0.0349369
0.540385	0.00135359
0.543661	0.0335023
0.564478	0.0327822
0.573729	0.0320552
0.58149	0.0313298
0.59306	0.0305971
0.602771	0.0298666
0.603348	0.00148162
0.619647	0.0291293
0.644865	0.028394
0.65407	0.0276544
0.655956	0.0269173
0.656755	0.00161491
0.671862	0.0261741
0.692298	0.025434
0.704238	0.0246907
0.71465	0.0239499
0.735779	0.0232065
0.739999	0.00196225
0.763013	0.0224653
0.777661	0.0217252
0.78957	0.0209874
0.806548	0.0202499
0.826265	0.0195158
0.842966	0.00233484
0.84477	0.0187837
0.864806	0.0180555
0.882749	0.0173306
0.901569	0.0166104
0.920027	0.0158947
0.921888	0.0027378
0.941575	0.0151843
0.960201	0.0144803
0.980297	0.0137824
0.991669	0.00316129
0.998166	0.0130921
1.01714	0.012409
1.03233	0.011735
1.03881	0.00361403
1.04139	0.0110691
1.06458	0.0104136
1.07373	0.00408281
1.09794	0.00976589
1.10469	0.0045785
1.11363	0.00913456
1.12055	0.00508729
1.12692	0.00851326
1.13003	0.00616997
1.13007	0.0079052
1.13458	0.00562091
1.13458	0.00562091
1.14368	0.00731205
1.14447	0.00673192
)
