(title "X-Wall Shear Stress")
(labels "X-Wall Shear Stress" "Position")

((xy/key/label "middleplane_pressureside")
-0.720726	0.130842
-0.674465	0.131647
-0.597015	0.130036
-0.501536	0.132452
-0.367646	0.141182
-0.344585	0.141966
-0.331509	0.129229
-0.292106	0.140397
-0.287647	0.133252
-0.271337	0.122728
-0.2593	0.121909
-0.241318	0.142747
-0.223839	0.123544
-0.202036	0.121088
-0.183359	0.139608
-0.138547	0.143527
-0.117809	0.134051
-0.109173	0.138819
-0.0939294	0.120268
-0.0827157	0.000128905
-0.0806588	0.000188002
-0.0757269	0.000262319
-0.0750337	0.144306
-0.0621232	0.138029
-0.061358	9.16272e-05
-0.0596499	0.112843
-0.0576868	0.112015
-0.0576868	0.112015
-0.0463431	0.111185
-0.0457441	0.113672
-0.0368608	0.000354999
-0.0365813	0.110355
-0.03201	0.145084
-0.0303947	0.109523
-0.0299593	0.10368
-0.0297021	0.104516
-0.0292051	0.102843
-0.027943	0.105352
-0.02751	0.102004
-0.0274085	0.13485
-0.0261122	0.108689
-0.0256748	0.1145
-0.0253468	0.101164
-0.0246673	0.106186
-0.0233471	0.107855
-0.0230118	0.12436
-0.0226989	0.100326
-0.0224138	0.107021
-0.020225	0.0994857
-0.018121	0.137238
-0.0179561	0.0986468
-0.0160661	0.0978067
-0.0160661	0.0978067
-0.0141052	0.0969657
-0.0121174	0.0961238
-0.00985786	0.0952813
-0.00955228	7.51027e-05
-0.0071475	0.0944376
-0.00647219	0.115328
-0.00369187	0.0935954
-1.79375e-06	0.0927515
0.00457055	0.0919092
0.00582662	0.135647
0.00647669	0.136443
0.0090613	0.0910655
0.0098611	0.145858
0.0128379	0.116155
0.0138093	0.0902219
0.0184074	0.0893774
0.0222365	0.0885319
0.0260085	0.119447
0.0260314	0.0876854
0.0307535	0.0868405
0.0355657	0.0859941
0.036869	0.11698
0.0386578	0.128421
0.0395368	0.000456317
0.0417112	0.0851494
0.048037	0.0843034
0.0545019	0.0834577
0.0611045	0.0826112
0.0612196	0.146632
0.0654678	0.0817641
0.0656266	0.117803
0.0694866	0.0809161
0.0731844	8.24209e-05
0.0748663	0.0800698
0.0801974	0.0792222
0.0809496	0.118626
0.0876968	0.0783763
0.09581	0.0775295
0.102244	0.0766826
0.10879	0.0758352
0.109867	0.147401
0.112633	0.0749879
0.115893	0.0741398
0.115893	0.0741398
0.121332	0.0732934
0.126639	0.0724461
0.12805	0.000572092
0.135491	0.0716004
0.144316	0.14817
0.145721	0.0707541
0.152984	0.0699078
0.160361	0.0690614
0.163198	0.148541
0.166733	0.0682153
0.173491	0.0673691
0.179865	0.0665235
0.181937	0.148912
0.186824	0.0656779
0.193381	0.0648328
0.200479	0.0639878
0.20724	0.0631434
0.210175	0.000690801
0.214442	0.0622991
0.221427	0.0614555
0.227234	0.149283
0.228783	0.060612
0.23607	0.0597694
0.243521	0.125175
0.243696	0.0589267
0.25151	0.0580851
0.258681	0.0572435
0.265119	0.0564031
0.273592	0.0555626
0.275863	0.000821378
0.282242	0.0547234
0.290507	0.0538842
0.298577	0.0530463
0.302611	0.149496
0.307034	0.0522086
0.315496	0.0513722
0.324191	0.0505361
0.333073	0.0497014
0.333073	0.0497014
0.336714	0.127613
0.342103	0.0488669
0.347722	0.000948577
0.351683	0.048034
0.361428	0.0472014
0.372786	0.0463705
0.382937	0.0455399
0.396686	0.0447112
0.408254	0.0438826
0.409991	0.0432186
0.411862	0.00108578
0.41211	0.149603
0.412512	0.0425547
0.424198	0.125988
0.425167	0.0418814
0.441968	0.0412082
0.446607	0.0398444
0.449016	0.0405259
0.459706	0.126801
0.460397	0.039153
0.460397	0.039153
0.4755	0.00121571
0.481068	0.0384625
0.482486	0.0370652
0.484787	0.0377634
0.498238	0.0363576
0.506485	0.149703
0.525322	0.0356509
0.528392	0.0342241
0.530369	0.0349369
0.534397	0.00135359
0.543208	0.0335023
0.564001	0.0327822
0.571203	0.149656
0.573327	0.0320552
0.58106	0.0313298
0.592688	0.0305971
0.597454	0.00148162
0.602382	0.0298666
0.619305	0.0291293
0.644456	0.028394
0.651352	0.00161491
0.653441	0.0276544
0.655494	0.0269173
0.671376	0.0261741
0.691757	0.025434
0.703706	0.0246907
0.714029	0.0239499
0.727212	0.149683
0.734831	0.00196225
0.735144	0.0232065
0.762311	0.0224653
0.777085	0.0217252
0.788869	0.0209874
0.805765	0.0202499
0.825519	0.0195158
0.837749	0.00233484
0.843899	0.0187837
0.863964	0.0180555
0.868835	0.149696
0.881789	0.0173306
0.900566	0.0166104
0.91719	0.0027378
0.918987	0.0158947
0.940448	0.0151843
0.959087	0.0144803
0.979084	0.0137824
0.987313	0.00316129
0.99686	0.0130921
1.01576	0.012409
1.03083	0.011735
1.03475	0.00361403
1.03978	0.0110691
1.0629	0.0104136
1.06996	0.00408281
1.09611	0.00976589
1.10106	0.0045785
1.11163	0.00913456
1.11716	0.00508729
1.12472	0.00851326
1.12729	0.00616997
1.12775	0.0079052
1.13149	0.00562091
1.13149	0.00562091
1.14125	0.00731205
1.14195	0.00673192
)
