(title "X-Wall Shear Stress")
(labels "X-Wall Shear Stress" "Position")

((xy/key/label "middleplane_pressureside")
-0.70767	0.131647
-0.663751	0.139608
-0.655252	0.130842
-0.601409	0.140397
-0.554951	0.149696
-0.550382	0.138819
-0.540599	0.132452
-0.441958	0.141182
-0.38281	0.149703
-0.380333	0.130036
-0.284908	0.138029
-0.280352	0.141966
-0.277761	0.133252
-0.277705	0.149683
-0.218496	0.123544
-0.195818	0.122728
-0.19102	0.12436
-0.174175	0.142747
-0.141673	0.121909
-0.100635	0.143527
-0.0845607	0.000128905
-0.0827788	0.000188002
-0.0763531	0.000262319
-0.0623103	9.16272e-05
-0.0576199	0.113672
-0.0524742	0.1145
-0.050003	0.121088
-0.0492628	0.112843
-0.0409607	0.115328
-0.0382463	0.144306
-0.0362036	0.000354999
-0.035143	0.112015
-0.035143	0.112015
-0.0347386	0.125175
-0.0311774	0.104516
-0.0305465	0.10368
-0.0303764	0.105352
-0.0289482	0.102843
-0.0286232	0.116155
-0.0279517	0.106186
-0.0262994	0.134051
-0.0262908	0.102004
-0.0259731	0.111185
-0.0232263	0.107021
-0.0231886	0.101164
-0.0214037	0.110355
-0.020119	0.100326
-0.0190795	0.109523
-0.018896	0.107855
-0.0178437	0.108689
-0.017726	0.0994857
-0.0156555	0.0986468
-0.014098	0.0978067
-0.014098	0.0978067
-0.0125497	0.0969657
-0.0112134	0.11698
-0.0109924	0.0961238
-0.00968229	7.51027e-05
-0.00898097	0.0952813
-0.0064428	0.0944376
-0.00308715	0.0935954
0.000810427	0.0927515
0.0055865	0.0919092
0.00942181	0.145084
0.0103468	0.0910655
0.0142251	0.117803
0.0144244	0.149656
0.0153158	0.0902219
0.020024	0.0893774
0.0230057	0.129229
0.0238029	0.0885319
0.0274432	0.0876854
0.0319598	0.0868405
0.0359452	0.137238
0.0365802	0.0859941
0.0411749	0.000456317
0.0426411	0.0851494
0.0432556	0.120268
0.0489215	0.0843034
0.0495211	0.118626
0.0535903	0.145858
0.0554084	0.0834577
0.0620481	0.0826112
0.0664866	0.0817641
0.0705242	0.0809161
0.0734758	8.24209e-05
0.0758675	0.0800698
0.0758788	0.119447
0.0811061	0.0792222
0.0885016	0.0783763
0.0965578	0.0775295
0.102925	0.0766826
0.109365	0.0758352
0.113208	0.0749879
0.116443	0.0741398
0.116443	0.0741398
0.121558	0.146632
0.121767	0.0732934
0.127133	0.0724461
0.129846	0.000572092
0.135862	0.0716004
0.146107	0.0707541
0.153282	0.0699078
0.15521	0.13485
0.158676	0.147401
0.160611	0.0690614
0.16143	0.14817
0.166965	0.0682153
0.173605	0.0673691
0.178925	0.125988
0.180035	0.0665235
0.186868	0.0656779
0.193514	0.0648328
0.200529	0.0639878
0.203954	0.148541
0.207303	0.0631434
0.207967	0.149603
0.211171	0.000690801
0.214487	0.0622991
0.221418	0.0614555
0.22886	0.060612
0.236011	0.0597694
0.243663	0.0589267
0.251301	0.0580851
0.252529	0.136443
0.258537	0.0572435
0.264941	0.0564031
0.266459	0.135647
0.273438	0.0555626
0.276648	0.000821378
0.280688	0.148912
0.28211	0.0547234
0.290293	0.0538842
0.298509	0.0530463
0.300103	0.149496
0.30691	0.0522086
0.315479	0.0513722
0.324042	0.0505361
0.32577	0.126801
0.326018	0.128421
0.329802	0.149283
0.333032	0.0497014
0.333032	0.0497014
0.34196	0.0488669
0.348017	0.000948577
0.351386	0.048034
0.361206	0.0472014
0.37238	0.0463705
0.382585	0.0455399
0.391574	0.127613
0.396715	0.0447112
0.409056	0.0438826
0.409622	0.0432186
0.411768	0.0425547
0.411889	0.00108578
0.425186	0.0418814
0.441689	0.0412082
0.446437	0.0398444
0.448927	0.0405259
0.460318	0.039153
0.460318	0.039153
0.475245	0.00121571
0.480838	0.0384625
0.48243	0.0370652
0.484596	0.0377634
0.49797	0.0363576
0.52533	0.0356509
0.528359	0.0342241
0.530364	0.0349369
0.533855	0.00135359
0.543187	0.0335023
0.564036	0.0327822
0.573349	0.0320552
0.581103	0.0313298
0.592723	0.0305971
0.596631	0.00148162
0.602307	0.0298666
0.619184	0.0291293
0.644176	0.028394
0.65023	0.00161491
0.653567	0.0276544
0.655581	0.0269173
0.671281	0.0261741
0.691739	0.025434
0.703587	0.0246907
0.714037	0.0239499
0.733359	0.00196225
0.735133	0.0232065
0.762299	0.0224653
0.776989	0.0217252
0.788761	0.0209874
0.80573	0.0202499
0.825397	0.0195158
0.835999	0.00233484
0.843828	0.0187837
0.863828	0.0180555
0.881638	0.0173306
0.900423	0.0166104
0.915265	0.0027378
0.918787	0.0158947
0.940253	0.0151843
0.958865	0.0144803
0.978805	0.0137824
0.985333	0.00316129
0.996585	0.0130921
1.01544	0.012409
1.03046	0.011735
1.03286	0.00361403
1.03936	0.0110691
1.06243	0.0104136
1.06822	0.00408281
1.09558	0.00976589
1.09941	0.0045785
1.111	0.00913456
1.11567	0.00508729
1.12397	0.00851326
1.12616	0.00616997
1.12692	0.0079052
1.13015	0.00562091
1.13015	0.00562091
1.14038	0.00731205
1.14099	0.00673192
)
