(title "X-Wall Shear Stress")
(labels "X-Wall Shear Stress" "Position")

((xy/key/label "middleplane_suctionside")
-0.375786	0.113105
-0.339157	0.113944
-0.337033	0.101576
-0.324667	0.0991534
-0.321958	0.0983506
-0.301502	0.112266
-0.290412	0.100766
-0.289086	0.108114
-0.285658	0.0999597
-0.250214	0.102385
-0.232024	0.0927671
-0.229509	0.108939
-0.226086	0.107288
-0.21218	0.114787
-0.208379	0.0975476
-0.208379	0.0975476
-0.193857	0.091976
-0.148543	0.111432
-0.144892	0.106467
-0.113605	0.105646
-0.0927436	0.0856856
-0.0909696	0.109768
-0.0873508	0.0864673
-0.0822056	0.093561
-0.0716717	0.0911848
-0.0642547	0.0849037
-0.0586685	0.103199
-0.0565055	0.104829
-0.0474651	0.0786865
-0.0471077	0.0794612
-0.0445444	0.115631
-0.0430148	0.0779134
-0.0407439	0.110598
-0.0385202	0.0802358
-0.0375154	0.0771402
-0.0373936	0.084124
-0.0331849	0.0763685
-0.0312519	0.0732861
-0.0308663	0.0725166
-0.0306545	0.0755966
-0.0306379	0.0740555
-0.0299864	0.0748261
-0.0285526	0.0717483
-0.0276647	0.0872513
-0.0268062	0.0810121
-0.0253204	0.0709798
-0.0249164	0.123353
-0.0214404	0.0833441
-0.0212565	0.0702124
-0.019317	0.0817882
-0.0180281	0.124224
-0.0171165	0.0825663
-0.0170725	0.0694448
-0.0129006	0.0686782
-0.00894785	0.0679114
-0.0050675	0.0671456
-0.000715379	0.0663795
0.000482711	0
0.00388631	0.104012
0.00399542	0.0656143
0.00962455	0.0648488
0.0156382	0.0640841
0.0181299	0.096748
0.0198681	8.50808e-06
0.0222921	0.0633192
0.0277968	0.0903962
0.0290624	0.062555
0.0335847	0.0880352
0.036231	0.0617906
0.0379734	0.122483
0.0435489	0.0610267
0.0436516	0.1251
0.0510358	0.0602626
0.0566828	3.39528e-05
0.0589355	0.059499
0.0603817	0.15
0.0669583	0.0587353
0.0685877	0.0888214
0.074206	0.0896076
0.0756337	0.057972
0.0843794	0.0572085
0.0891302	0.149586
0.0933994	0.149165
0.0934446	0.0564453
0.0963161	0.149796
0.102742	0.055682
0.1047	0.149901
0.106246	0.125976
0.110674	0.136761
0.110765	0.149954
0.112245	0.0549189
0.112393	0.140467
0.112452	7.6057e-05
0.113031	0.116479
0.114874	0.14998
0.116325	0.137684
0.118859	0.149993
0.121696	0.148613
0.121928	0.0541558
0.129812	0.0943548
0.131788	0.0533928
0.136359	0.141405
0.138425	0.139537
0.141909	0.0526297
0.143586	0.138607
0.148822	0.135846
0.150218	0.121618
0.151365	0.126859
0.152097	0.0518668
0.153121	0.148061
0.154562	0.132211
0.160419	0.131309
0.160419	0.131309
0.162625	0.0511038
0.165322	0.133113
0.173167	0.0503408
0.173785	0.130414
0.177887	0.127741
0.179998	0.13493
0.181928	0.134021
0.182245	0.000134486
0.183449	0.129518
0.183973	0.0495779
0.184032	0.1471
0.186439	0.12863
0.193566	0.142342
0.19499	0.0488149
0.19499	0.0488149
0.196866	0.145186
0.198691	0.146139
0.204024	0.144233
0.206029	0.0480519
0.210547	0.143288
0.217674	0.047289
0.222884	0.0959482
0.228931	0.046526
0.235018	0.117328
0.241377	0.045763
0.247513	0.0951516
0.252456	0.045
0.261971	0.0443673
0.264784	0.000208618
0.272039	0.0437347
0.281563	0.0431014
0.291617	0.0424681
0.298267	0.120753
0.301528	0.0418335
0.311775	0.041199
0.322025	0.0405625
0.332561	0.0399261
0.333985	0.118182
0.343254	0.0392872
0.35397	0.0386484
0.35397	0.0386484
0.359935	0.000298023
0.364843	0.0380065
0.376167	0.0373646
0.387919	0.0367191
0.399695	0.0360737
0.410851	0.119894
0.411841	0.035424
0.413038	0.119035
0.42419	0.0347745
0.436898	0.0341202
0.449866	0.0334661
0.460904	0.000401793
0.460904	0.000401793
0.463163	0.0328067
0.476763	0.0321476
0.490684	0.0314826
0.504916	0.030818
0.504916	0.030818
0.519534	0.0301471
0.534316	0.0294766
0.54949	0.0287994
0.564973	0.0281226
0.568257	0.00051954
0.580911	0.0274389
0.597277	0.0267556
0.614169	0.026065
0.63171	0.025375
0.64992	0.0246774
0.66886	0.0239806
0.676436	0.000650161
0.689579	0.0232761
0.709678	0.0225725
0.729953	0.0218613
0.753278	0.021151
0.778672	0.0204333
0.783783	0.000793382
0.803553	0.0197169
0.829848	0.0189934
0.857128	0.0182716
0.885148	0.0175432
0.88565	0.000948021
0.91385	0.0168169
0.942469	0.0160848
0.972048	0.0153552
0.978861	0.00111391
1.00229	0.0146208
1.03219	0.0138895
1.06306	0.0131548
1.06407	0.00128994
1.09547	0.0124237
1.13095	0.011691
1.14302	0.00147596
1.16973	0.0109629
1.21218	0.010236
1.21431	0.00167106
1.23577	0.001875
1.25746	0.00951516
1.30148	0.00879905
1.30852	0.0023775
1.34578	0.00809123
1.38619	0.00739213
1.4171	0.00670364
1.41787	0.00291779
1.4392	0.00602788
1.45718	0.00349305
1.45729	0.00536561
1.47449	0.004721
1.48062	0.00409447
)
