(title "X-Wall Shear Stress")
(labels "X-Wall Shear Stress" "Position")

((xy/key/label "middleplane_suctionside")
-0.577592	0.104829
-0.541404	0.105646
-0.469399	0.104012
-0.423139	0.112266
-0.39802	0.113105
-0.390325	0.106467
-0.362427	0.0975476
-0.362427	0.0975476
-0.325915	0.096748
-0.309676	0.0983506
-0.303249	0.111432
-0.28919	0.103199
-0.245321	0.113944
-0.232514	0.107288
-0.205067	0.0911848
-0.194219	0.0959482
-0.18232	0.0991534
-0.155941	0.091976
-0.112906	0.0903962
-0.106492	0.144233
-0.100895	0.102385
-0.0897936	0.108114
-0.0893933	0.110598
-0.0884986	0.145186
-0.0687684	0.0849037
-0.0554721	0.0856856
-0.0542919	0.084124
-0.0482646	0.0786865
-0.0467782	0.0794612
-0.0451112	0.0779134
-0.0430806	0.114787
-0.0412474	0.0802358
-0.0396905	0.0771402
-0.0368127	0.0732861
-0.0365679	0.0763685
-0.0362574	0.0740555
-0.0361364	0.0725166
-0.0354714	0.0748261
-0.0350681	0.0755966
-0.0340282	0.0810121
-0.0339735	0.0833441
-0.0335909	0.0717483
-0.0323408	0.0999597
-0.0302655	0.0709798
-0.0292004	0.0817882
-0.0265846	0.0825663
-0.0263007	0.0702124
-0.0254482	0.0896076
-0.0251756	0.0864673
-0.0226146	0.0694448
-0.0187836	0.0686782
-0.0155792	0.0679114
-0.0119986	0.0671456
-0.00799888	0.0663795
-0.00315206	0.0656143
-0.00218441	0.0872513
0.000493084	0
0.00258469	0.0648488
0.00610311	0.136761
0.00859508	0.0640841
0.0113846	0.0880352
0.013531	0.0888214
0.0138445	0.135846
0.0151967	0.0633192
0.0191567	0.101576
0.0199009	8.50808e-06
0.0218586	0.062555
0.0234116	0.108939
0.029196	0.0617906
0.0296001	0.137684
0.034392	0.0951516
0.0357834	0.0927671
0.0362868	0.0610267
0.0437639	0.100766
0.043926	0.0602626
0.0472891	0.109768
0.051723	0.059499
0.0551827	0.123353
0.0564689	0.122483
0.0569629	3.39528e-05
0.0583028	0.13493
0.0598652	0.0587353
0.0636994	0.138607
0.0687373	0.057972
0.0775792	0.0572085
0.0841162	0.139537
0.086904	0.0564453
0.0885968	0.121618
0.0961871	0.124224
0.0964296	0.055682
0.0967135	0.140467
0.106155	0.0549189
0.1073	0.143288
0.113177	7.6057e-05
0.114929	0.115631
0.115964	0.0541558
0.12359	0.120753
0.126117	0.0533928
0.126242	0.134021
0.128973	0.146139
0.136263	0.0526297
0.146715	0.0518668
0.147779	0.119894
0.157347	0.0511038
0.164918	0.1251
0.165318	0.119035
0.168106	0.0503408
0.177834	0.118182
0.179199	0.0495779
0.182068	0.116479
0.182509	0.129518
0.183356	0.000134486
0.184992	0.117328
0.187334	0.141405
0.188355	0.149165
0.190376	0.0488149
0.190376	0.0488149
0.192625	0.148613
0.198293	0.12863
0.20179	0.0480519
0.201987	0.093561
0.213521	0.047289
0.218518	0.133113
0.220755	0.149586
0.221861	0.0943548
0.225065	0.046526
0.229921	0.148061
0.23753	0.045763
0.238434	0.125976
0.243813	0.130414
0.248708	0.045
0.253158	0.142342
0.254979	0.1471
0.257041	0.127741
0.258494	0.0443673
0.26608	0.000208618
0.26862	0.0437347
0.278325	0.0431014
0.278513	0.149796
0.280373	0.126859
0.288445	0.0424681
0.298531	0.0418335
0.300257	0.132211
0.308837	0.041199
0.311007	0.131309
0.311007	0.131309
0.319227	0.0405625
0.329851	0.0399261
0.340621	0.0392872
0.351483	0.0386484
0.351483	0.0386484
0.359568	0.149901
0.361402	0.000298023
0.362362	0.0380065
0.373867	0.0373646
0.385603	0.0367191
0.397556	0.0360737
0.399046	0.15
0.409705	0.035424
0.422159	0.0347745
0.434941	0.0341202
0.447933	0.0334661
0.461385	0.0328067
0.462461	0.000401793
0.462461	0.000401793
0.474936	0.0321476
0.480875	0.149954
0.48901	0.0314826
0.5032	0.030818
0.5032	0.030818
0.517941	0.0301471
0.532759	0.0294766
0.547975	0.0287994
0.563561	0.0281226
0.569778	0.00051954
0.579462	0.0274389
0.595971	0.0267556
0.612821	0.026065
0.613628	0.14998
0.630454	0.025375
0.648694	0.0246774
0.667674	0.0239806
0.67801	0.000650161
0.688389	0.0232761
0.708472	0.0225725
0.728967	0.0218613
0.735731	0.149993
0.752182	0.021151
0.777655	0.0204333
0.785362	0.000793382
0.802655	0.0197169
0.828838	0.0189934
0.856266	0.0182716
0.884228	0.0175432
0.887168	0.000948021
0.91306	0.0168169
0.941713	0.0160848
0.971257	0.0153552
0.980298	0.00111391
1.00164	0.0146208
1.03143	0.0138895
1.06248	0.0131548
1.06546	0.00128994
1.09479	0.0124237
1.13043	0.011691
1.14435	0.00147596
1.16925	0.0109629
1.21175	0.010236
1.2156	0.00167106
1.23694	0.001875
1.2571	0.00951516
1.30118	0.00879905
1.30947	0.0023775
1.34565	0.00809123
1.386	0.00739213
1.41718	0.00670364
1.41877	0.00291779
1.43936	0.00602788
1.45749	0.00536561
1.45791	0.00349305
1.47484	0.004721
1.4811	0.00409447
)
