(title "X-Wall Shear Stress")
(labels "X-Wall Shear Stress" "Position")

((xy/key/label "middleplane_suctionside")
-0.474028	0.102385
-0.418521	0.106467
-0.393423	0.107288
-0.372075	0.103199
-0.359248	0.0991534
-0.328831	0.093561
-0.268544	0.0927671
-0.26249	0.0999597
-0.25833	0.105646
-0.229793	0.101576
-0.17548	0.0943548
-0.165782	0.104012
-0.163517	0.115631
-0.146077	0.116479
-0.134007	0.148613
-0.131081	0.104829
-0.126462	0.108114
-0.11967	0.0983506
-0.113399	0.114787
-0.11114	0.0872513
-0.104832	0.0864673
-0.10371	0.148061
-0.0900718	0.149165
-0.0897335	0.131309
-0.0897335	0.131309
-0.088843	0.0880352
-0.0751847	0.0856856
-0.0727103	0.132211
-0.0568527	0.117328
-0.0557555	0.0802358
-0.0538137	0.0794612
-0.0515055	0.0810121
-0.0510929	0.100766
-0.049867	0.130414
-0.0458172	0.0786865
-0.0394229	0.0817882
-0.0393067	0.0732861
-0.039261	0.0740555
-0.0373771	0.0748261
-0.0367421	0.0725166
-0.0356345	0.0779134
-0.0355349	0.091976
-0.0344092	0.0755966
-0.0327515	0.0717483
-0.0314657	0.149586
-0.0309818	0.0763685
-0.0304137	0.0771402
-0.0291394	0.126859
-0.0286727	0.125976
-0.0284983	0.0709798
-0.0252153	0.0702124
-0.0248657	0.0888214
-0.0243782	0.0849037
-0.022296	0.0694448
-0.02095	0.0825663
-0.0197321	0.0686782
-0.0169826	0.0679114
-0.0149951	0.149993
-0.0136078	0.0671456
-0.0125364	0.1471
-0.0115183	0.15
-0.00940881	0.0663795
-0.0058482	0.113944
-0.00406081	0.0656143
0.000480386	0
0.00122734	0.14998
0.00180263	0.0648488
0.00314644	0.0833441
0.00663591	0.133113
0.00744555	0.149796
0.00837183	0.0640841
0.00967569	0.129518
0.0121969	0.084124
0.0126623	0.144233
0.0138083	0.149954
0.0143378	0.145186
0.0147256	0.0633192
0.0177624	0.149901
0.019813	8.50808e-06
0.0213569	0.062555
0.0228256	0.127741
0.0280048	0.0617906
0.0290147	0.146139
0.0306094	0.143288
0.0314765	0.142342
0.0349982	0.0610267
0.0404242	0.141405
0.0425115	0.0602626
0.0446793	0.12863
0.0456919	0.0951516
0.0503211	0.059499
0.0562315	3.39528e-05
0.0589028	0.0587353
0.0662445	0.118182
0.0677005	0.057972
0.0707445	0.0896076
0.0725029	0.1251
0.0737563	0.140467
0.0769807	0.0572085
0.086325	0.0564453
0.0958055	0.055682
0.098083	0.134021
0.105375	0.0549189
0.111306	7.6057e-05
0.115201	0.0541558
0.125143	0.0533928
0.135406	0.0526297
0.137845	0.139537
0.140884	0.113105
0.145996	0.0518668
0.149798	0.0975476
0.149798	0.0975476
0.152729	0.13493
0.153567	0.136761
0.156686	0.0511038
0.159383	0.135846
0.16781	0.0503408
0.170139	0.137684
0.170932	0.0911848
0.176942	0.0903962
0.178782	0.0495779
0.180334	0.138607
0.180522	0.000134486
0.181097	0.119035
0.182787	0.108939
0.188899	0.124224
0.190192	0.0488149
0.190192	0.0488149
0.190345	0.0959482
0.201398	0.0480519
0.213093	0.047289
0.222153	0.112266
0.224592	0.046526
0.2255	0.111432
0.236929	0.045763
0.248541	0.045
0.251329	0.096748
0.258247	0.0443673
0.258594	0.110598
0.260061	0.123353
0.262729	0.000208618
0.268418	0.0437347
0.277865	0.119894
0.278098	0.0431014
0.288266	0.0424681
0.298353	0.0418335
0.304451	0.109768
0.308668	0.041199
0.319111	0.0405625
0.326065	0.122483
0.329681	0.0399261
0.340563	0.0392872
0.348444	0.120753
0.35132	0.0386484
0.35132	0.0386484
0.357556	0.000298023
0.362335	0.0380065
0.368061	0.121618
0.373765	0.0373646
0.385562	0.0367191
0.397509	0.0360737
0.409631	0.035424
0.422195	0.0347745
0.434834	0.0341202
0.44799	0.0334661
0.458294	0.000401793
0.458294	0.000401793
0.461262	0.0328067
0.474959	0.0321476
0.488974	0.0314826
0.503159	0.030818
0.503159	0.030818
0.518012	0.0301471
0.53267	0.0294766
0.54808	0.0287994
0.56348	0.0281226
0.565588	0.00051954
0.579552	0.0274389
0.595954	0.0267556
0.612819	0.026065
0.630507	0.025375
0.64861	0.0246774
0.667767	0.0239806
0.673591	0.000650161
0.68835	0.0232761
0.708598	0.0225725
0.728712	0.0218613
0.752192	0.021151
0.777761	0.0204333
0.780826	0.000793382
0.802369	0.0197169
0.828975	0.0189934
0.856068	0.0182716
0.882688	0.000948021
0.884162	0.0175432
0.912897	0.0168169
0.941383	0.0160848
0.971142	0.0153552
0.975938	0.00111391
1.00122	0.0146208
1.03116	0.0138895
1.06114	0.00128994
1.06203	0.0131548
1.09435	0.0124237
1.13	0.011691
1.14011	0.00147596
1.16855	0.0109629
1.21106	0.010236
1.21142	0.00167106
1.23304	0.001875
1.25617	0.00951516
1.30008	0.00879905
1.306	0.0023775
1.34446	0.00809123
1.38457	0.00739213
1.41531	0.00291779
1.41548	0.00670364
1.43746	0.00602788
1.45483	0.00349305
1.45539	0.00536561
1.47251	0.004721
1.4785	0.00409447
)
