(title "X-Wall Shear Stress")
(labels "X-Wall Shear Stress" "Position")

((xy/key/label "middleplane_suctionside")
-0.406285	0.0951516
-0.362181	0.103199
-0.357326	0.0943548
-0.314455	0.104012
-0.307939	0.102385
-0.298012	0.0959482
-0.196661	0.104829
-0.180604	0.101576
-0.18013	0.109768
-0.176649	0.0896076
-0.159689	0.0888214
-0.149129	0.108939
-0.142644	0.113944
-0.132125	0.096748
-0.129887	0.110598
-0.120425	0.113105
-0.111315	0.105646
-0.108887	0.0880352
-0.100547	0.093561
-0.0981807	0.114787
-0.0847255	0.112266
-0.0760437	0.111432
-0.0719341	0.0903962
-0.0660465	0.0825663
-0.0633829	0.108114
-0.0632552	0.0817882
-0.055945	0.0872513
-0.0550767	0.0810121
-0.055026	0.0833441
-0.0531633	0.106467
-0.0448693	0.0802358
-0.0431628	0.0755966
-0.0427121	0.0748261
-0.0411995	0.0763685
-0.0402192	0.0740555
-0.0362908	0.0732861
-0.0362419	0.0771402
-0.0354114	0.0794612
-0.0323008	0.0725166
-0.0299507	0.0779134
-0.0289939	0.0717483
-0.0285483	0.0786865
-0.0271683	0.0709798
-0.0255036	0.0702124
-0.0236128	0.0694448
-0.0210408	0.0686782
-0.0202784	0.084124
-0.0174653	0.0679114
-0.0161951	0.107288
-0.0155952	0.100766
-0.012919	0.0671456
-0.00760174	0.0663795
-0.00313845	0.0864673
-0.00215807	0.0656143
0.00047815	0
0.00370951	0.0648488
0.00938316	0.0640841
0.0119681	0.0975476
0.0119681	0.0975476
0.0154484	0.0633192
0.0196928	8.50808e-06
0.0207995	0.0849037
0.0214957	0.062555
0.0281702	0.0617906
0.0301575	0.0856856
0.0318653	0.115631
0.0354742	0.0610267
0.0432756	0.0602626
0.0516721	0.059499
0.0555041	3.39528e-05
0.0600799	0.0587353
0.0683017	0.12863
0.0689315	0.057972
0.0777743	0.0572085
0.0801151	0.127741
0.0868349	0.0564453
0.0870419	0.129518
0.0960757	0.055682
0.105686	0.0549189
0.109718	0.0983506
0.109736	7.6057e-05
0.114096	0.126859
0.115551	0.0541558
0.123172	0.0999597
0.12573	0.0533928
0.127173	0.0911848
0.136232	0.0526297
0.141564	0.130414
0.14672	0.0518668
0.151979	0.116479
0.154871	0.125976
0.157549	0.0511038
0.162156	0.0991534
0.165163	0.123353
0.168265	0.0503408
0.169217	0.124224
0.171703	0.122483
0.173898	0.1251
0.17825	0.000134486
0.179245	0.0495779
0.184232	0.121618
0.1904	0.0488149
0.1904	0.0488149
0.196908	0.120753
0.199543	0.117328
0.201595	0.0480519
0.204975	0.119894
0.206035	0.118182
0.207959	0.119035
0.213497	0.047289
0.214929	0.0927671
0.223294	0.131309
0.223294	0.131309
0.224953	0.046526
0.237731	0.045763
0.24894	0.045
0.258598	0.0443673
0.259318	0.144233
0.260071	0.000208618
0.268839	0.0437347
0.278504	0.0431014
0.279666	0.143288
0.282633	0.145186
0.288002	0.148613
0.288713	0.0424681
0.290725	0.149165
0.291444	0.091976
0.291451	0.15
0.29736	0.148061
0.298731	0.0418335
0.309141	0.041199
0.310834	0.142342
0.313962	0.132211
0.319466	0.0405625
0.323244	0.1471
0.325639	0.146139
0.327944	0.141405
0.328516	0.149586
0.330166	0.0399261
0.334295	0.140467
0.339781	0.139537
0.340928	0.0392872
0.348943	0.138607
0.351779	0.0386484
0.351779	0.0386484
0.354537	0.000298023
0.362755	0.0380065
0.373014	0.137684
0.374163	0.0373646
0.376486	0.149796
0.386052	0.0367191
0.392316	0.133113
0.39786	0.0360737
0.408005	0.136761
0.410158	0.035424
0.414972	0.149901
0.422522	0.0347745
0.435345	0.0341202
0.440129	0.135846
0.440916	0.134021
0.448378	0.0334661
0.455024	0.000401793
0.455024	0.000401793
0.455071	0.13493
0.461713	0.0328067
0.463625	0.149954
0.475448	0.0321476
0.489314	0.0314826
0.503745	0.030818
0.503745	0.030818
0.5149	0.14998
0.518267	0.0301471
0.533195	0.0294766
0.548403	0.0287994
0.560383	0.149993
0.562317	0.00051954
0.563874	0.0281226
0.580014	0.0274389
0.596208	0.0267556
0.613346	0.026065
0.63075	0.025375
0.649038	0.0246774
0.668187	0.0239806
0.670136	0.000650161
0.688508	0.0232761
0.708886	0.0225725
0.729016	0.0218613
0.752653	0.021151
0.777274	0.000793382
0.777793	0.0204333
0.80269	0.0197169
0.82922	0.0189934
0.85604	0.0182716
0.879183	0.000948021
0.884467	0.0175432
0.91272	0.0168169
0.941538	0.0160848
0.971062	0.0153552
0.972522	0.00111391
1.00104	0.0146208
1.03117	0.0138895
1.05774	0.00128994
1.06171	0.0131548
1.09422	0.0124237
1.12963	0.011691
1.13677	0.00147596
1.16805	0.0109629
1.20811	0.00167106
1.21059	0.010236
1.22996	0.001875
1.25538	0.00951516
1.29936	0.00879905
1.30325	0.0023775
1.34351	0.00809123
1.38331	0.00739213
1.41257	0.00291779
1.41424	0.00670364
1.43596	0.00602788
1.45239	0.00349305
1.45368	0.00536561
1.47068	0.004721
1.47641	0.00409447
)
