(title "X-Wall Shear Stress")
(labels "X-Wall Shear Stress" "Position")

((xy/key/label "middleplane_suctionside")
-0.579945	0.105646
-0.555098	0.106467
-0.460296	0.107288
-0.422358	0.0983506
-0.389206	0.104829
-0.378599	0.108114
-0.357366	0.0991534
-0.332337	0.0975476
-0.332337	0.0975476
-0.262828	0.091976
-0.2472	0.0927671
-0.224792	0.0999597
-0.207939	0.108939
-0.157882	0.0911848
-0.0922608	0.100766
-0.0911905	0.0856856
-0.0909888	0.0849037
-0.0802071	0.096748
-0.0670286	0.084124
-0.0499012	0.0903962
-0.0484212	0.0779134
-0.0476593	0.0786865
-0.0462479	0.0833441
-0.0451725	0.0771402
-0.0415506	0.0864673
-0.0404182	0.0763685
-0.0393775	0.0794612
-0.0357977	0.0755966
-0.034222	0.093561
-0.0321691	0.0748261
-0.0318704	0.0825663
-0.0304792	0.0725166
-0.0303518	0.0740555
-0.029962	0.0732861
-0.0298405	0.0717483
-0.0282038	0.0802358
-0.027944	0.0709798
-0.0247353	0.0702124
-0.0243509	0.0817882
-0.0232638	0.0810121
-0.0206253	0.0694448
-0.016013	0.0686782
-0.0126128	0.149901
-0.0115831	0.149796
-0.0111469	0.0679114
-0.0085351	0.149954
-0.00656266	0.0671456
-0.00576089	0.14998
-0.00483994	0.149993
-0.0023542	0.15
-0.0018479	0.0663795
0.000494167	0
0.0026051	0.0656143
0.00479743	0.149586
0.00511678	0.104012
0.00765537	0.0648488
0.0131842	0.0640841
0.0188993	0.0872513
0.0195952	0.0633192
0.0199045	8.50808e-06
0.0229193	0.0896076
0.0263735	0.062555
0.0326479	0.149165
0.0335506	0.0617906
0.0412003	0.0610267
0.0461193	0.101576
0.0481517	0.109768
0.0488908	0.0602626
0.0515798	0.0880352
0.0535404	0.0888214
0.0569454	3.39528e-05
0.0570292	0.059499
0.0617012	0.148613
0.0649858	0.0587353
0.0734952	0.057972
0.0822434	0.0572085
0.086215	0.148061
0.0911851	0.0564453
0.094841	0.145186
0.0994016	0.146139
0.100526	0.055682
0.101653	0.1471
0.110133	0.0549189
0.113095	7.6057e-05
0.115953	0.144233
0.119948	0.0541558
0.129908	0.0533928
0.131666	0.143288
0.132365	0.142342
0.140162	0.0526297
0.150369	0.0518668
0.16092	0.0511038
0.171504	0.0503408
0.172147	0.113105
0.17702	0.113944
0.181928	0.141405
0.182294	0.0495779
0.183208	0.000134486
0.193394	0.0488149
0.193394	0.0488149
0.203397	0.132211
0.203975	0.133113
0.204445	0.0480519
0.205605	0.102385
0.205684	0.0943548
0.208356	0.131309
0.208356	0.131309
0.209255	0.0959482
0.215936	0.130414
0.216193	0.047289
0.219312	0.134021
0.223248	0.112266
0.227518	0.046526
0.227938	0.114787
0.2294	0.110598
0.232046	0.129518
0.240039	0.045763
0.25112	0.045
0.254371	0.13493
0.260672	0.0443673
0.265153	0.12863
0.265225	0.103199
0.265897	0.000208618
0.268655	0.140467
0.270089	0.111432
0.270797	0.0437347
0.280356	0.0431014
0.290444	0.0424681
0.296326	0.135846
0.300384	0.0418335
0.302736	0.127741
0.310562	0.115631
0.310671	0.041199
0.316341	0.0951516
0.320932	0.0405625
0.325128	0.139537
0.325191	0.126859
0.326064	0.136761
0.331522	0.0399261
0.333128	0.137684
0.335018	0.138607
0.336864	0.125976
0.342213	0.0392872
0.352999	0.0386484
0.352999	0.0386484
0.361196	0.000298023
0.363866	0.0380065
0.375253	0.0373646
0.387006	0.0367191
0.398393	0.1251
0.398807	0.0360737
0.410986	0.035424
0.42332	0.0347745
0.436099	0.0341202
0.443713	0.116479
0.449042	0.0334661
0.462254	0.000401793
0.462254	0.000401793
0.462404	0.0328067
0.475989	0.0321476
0.489928	0.0314826
0.504242	0.030818
0.504242	0.030818
0.512198	0.124224
0.518791	0.0301471
0.533701	0.0294766
0.548766	0.0287994
0.564371	0.0281226
0.56959	0.00051954
0.58028	0.0274389
0.596624	0.0267556
0.607154	0.117328
0.613619	0.026065
0.631044	0.025375
0.640379	0.123353
0.649446	0.0246774
0.668412	0.0239806
0.677827	0.000650161
0.688871	0.0232761
0.708928	0.0225725
0.729837	0.0218613
0.75293	0.021151
0.759415	0.118182
0.772917	0.122483
0.777893	0.0204333
0.785193	0.000793382
0.803409	0.0197169
0.829338	0.0189934
0.856692	0.0182716
0.87572	0.119035
0.879646	0.121618
0.884792	0.0175432
0.887022	0.000948021
0.913357	0.0168169
0.942384	0.0160848
0.944107	0.120753
0.944155	0.119894
0.971554	0.0153552
0.980177	0.00111391
1.0021	0.0146208
1.03198	0.0138895
1.0628	0.0131548
1.06536	0.00128994
1.09542	0.0124237
1.13063	0.011691
1.14427	0.00147596
1.16963	0.0109629
1.21209	0.010236
1.21554	0.00167106
1.23689	0.001875
1.2574	0.00951516
1.30174	0.00879905
1.30948	0.0023775
1.34577	0.00809123
1.38634	0.00739213
1.41751	0.00670364
1.41881	0.00291779
1.4395	0.00602788
1.45774	0.00536561
1.45799	0.00349305
1.47502	0.004721
1.48123	0.00409447
)
