(title "X-Wall Shear Stress")
(labels "X-Wall Shear Stress" "Position")

((xy/key/label "middleplane_suctionside")
-0.40167	0.103199
-0.352633	0.104012
-0.343765	0.102385
-0.309086	0.0959482
-0.294834	0.0903962
-0.293011	0.096748
-0.256417	0.104829
-0.247183	0.115631
-0.23936	0.0975476
-0.23936	0.0975476
-0.221031	0.101576
-0.216521	0.0911848
-0.213131	0.114787
-0.208953	0.132211
-0.208711	0.0951516
-0.207156	0.0983506
-0.203641	0.133113
-0.19735	0.116479
-0.184002	0.0991534
-0.178517	0.0896076
-0.176269	0.105646
-0.158354	0.0999597
-0.150745	0.144233
-0.150182	0.100766
-0.139554	0.143288
-0.132305	0.134021
-0.13006	0.145186
-0.124381	0.113944
-0.11474	0.142342
-0.11044	0.106467
-0.105443	0.135846
-0.0961946	0.117328
-0.0927445	0.13493
-0.0923735	0.131309
-0.0923735	0.131309
-0.0878208	0.084124
-0.0869074	0.146139
-0.0811975	0.0833441
-0.0717898	0.141405
-0.0666201	0.136761
-0.063351	0.113105
-0.0581572	0.0825663
-0.057404	0.112266
-0.0502555	0.0771402
-0.0484238	0.0888214
-0.0479725	0.0763685
-0.047736	0.0849037
-0.0469874	0.0779134
-0.0443263	0.107288
-0.0439637	0.0755966
-0.0426133	0.0817882
-0.0397394	0.0748261
-0.0374984	0.0786865
-0.0364045	0.0740555
-0.0342346	0.0732861
-0.0338161	0.0725166
-0.033662	0.0717483
-0.0328594	0.0709798
-0.0328463	0.0810121
-0.0305567	0.0794612
-0.0304166	0.111432
-0.0304055	0.0702124
-0.029249	0.0802358
-0.0269258	0.0694448
-0.0225397	0.0686782
-0.0176645	0.0679114
-0.0157102	0.12863
-0.0128391	0.0671456
-0.0116113	0.118182
-0.0081693	0.0663795
-0.00593155	0.1471
-0.00493618	0.120753
-0.00375615	0.0656143
0.000477831	0
0.00139242	0.0648488
0.00237072	0.0856856
0.00311824	0.119894
0.00693628	0.0640841
0.0133717	0.0633192
0.0135268	0.119035
0.0136663	0.127741
0.0161772	0.108114
0.0171321	0.129518
0.0179842	0.121618
0.0198473	8.50808e-06
0.0200396	0.062555
0.0217984	0.130414
0.0222307	0.0880352
0.0242472	0.140467
0.0275642	0.0617906
0.0303275	0.0864673
0.0353634	0.0610267
0.0356601	0.15
0.0358655	0.0872513
0.0385701	0.0943548
0.0428208	0.091976
0.0433169	0.0602626
0.0439778	0.110598
0.0515535	0.059499
0.0563396	3.39528e-05
0.0590551	0.126859
0.0595942	0.0587353
0.0627856	0.108939
0.0664036	0.137684
0.068313	0.057972
0.0721576	0.149993
0.0732967	0.122483
0.0750346	0.14998
0.0771856	0.0572085
0.0801328	0.149954
0.0837704	0.109768
0.0864236	0.0564453
0.0872273	0.148061
0.0888484	0.149901
0.094115	0.125976
0.0960525	0.055682
0.104056	0.149796
0.105995	0.0549189
0.111517	7.6057e-05
0.116005	0.0541558
0.126294	0.0533928
0.128106	0.149586
0.131894	0.1251
0.132056	0.123353
0.13361	0.148613
0.13653	0.139537
0.136659	0.0526297
0.14648	0.149165
0.147076	0.0518668
0.155198	0.124224
0.157797	0.0511038
0.162801	0.138607
0.168529	0.0503408
0.179621	0.0495779
0.180827	0.000134486
0.190859	0.0488149
0.190859	0.0488149
0.20226	0.0480519
0.214133	0.047289
0.225694	0.046526
0.238305	0.045763
0.249268	0.0927671
0.249418	0.045
0.259195	0.0443673
0.262227	0.093561
0.263096	0.000208618
0.269382	0.0437347
0.279083	0.0431014
0.289233	0.0424681
0.299304	0.0418335
0.309649	0.041199
0.32001	0.0405625
0.330682	0.0399261
0.341422	0.0392872
0.352322	0.0386484
0.352322	0.0386484
0.357978	0.000298023
0.363189	0.0380065
0.374698	0.0373646
0.386443	0.0367191
0.398364	0.0360737
0.410558	0.035424
0.422955	0.0347745
0.435798	0.0341202
0.448715	0.0334661
0.458756	0.000401793
0.458756	0.000401793
0.462183	0.0328067
0.475728	0.0321476
0.489811	0.0314826
0.504058	0.030818
0.504058	0.030818
0.518699	0.0301471
0.533593	0.0294766
0.548669	0.0287994
0.564372	0.0281226
0.566062	0.00051954
0.580201	0.0274389
0.596658	0.0267556
0.613575	0.026065
0.631075	0.025375
0.649463	0.0246774
0.66843	0.0239806
0.674097	0.000650161
0.688898	0.0232761
0.708888	0.0225725
0.72987	0.0218613
0.752952	0.021151
0.777848	0.0204333
0.781354	0.000793382
0.803417	0.0197169
0.829271	0.0189934
0.856601	0.0182716
0.883218	0.000948021
0.884691	0.0175432
0.91319	0.0168169
0.942232	0.0160848
0.971285	0.0153552
0.976462	0.00111391
1.00185	0.0146208
1.03164	0.0138895
1.06166	0.00128994
1.06243	0.0131548
1.09495	0.0124237
1.13012	0.011691
1.14063	0.00147596
1.16904	0.0109629
1.21139	0.010236
1.21193	0.00167106
1.23353	0.001875
1.25652	0.00951516
1.30066	0.00879905
1.30647	0.0023775
1.34468	0.00809123
1.38494	0.00739213
1.41579	0.00291779
1.41597	0.00670364
1.4378	0.00602788
1.45529	0.00349305
1.4558	0.00536561
1.47293	0.004721
1.47891	0.00409447
)
