(title "X-Wall Shear Stress")
(labels "X-Wall Shear Stress" "Position")

((xy/key/label "middleplane_suctionside")
-0.621588	0.108114
-0.594381	0.107288
-0.490258	0.108939
-0.435085	0.106467
-0.340066	0.114787
-0.308661	0.101576
-0.306391	0.115631
-0.300248	0.113944
-0.264192	0.102385
-0.259594	0.109768
-0.250191	0.100766
-0.214393	0.0951516
-0.213299	0.116479
-0.210561	0.113105
-0.188429	0.105646
-0.15751	0.0959482
-0.137706	0.0943548
-0.13684	0.0896076
-0.129648	0.103199
-0.126654	0.0999597
-0.125044	0.0888214
-0.100483	0.112266
-0.0981773	0.0903962
-0.0926832	0.0880352
-0.0916346	0.117328
-0.0765239	0.110598
-0.075878	0.144233
-0.0694889	0.143288
-0.0625892	0.0825663
-0.0612472	0.0817882
-0.056937	0.0833441
-0.0548101	0.0810121
-0.0466773	0.0872513
-0.044941	0.0802358
-0.0403573	0.0755966
-0.0402882	0.0748261
-0.0386972	0.0740555
-0.0386001	0.0763685
-0.0358546	0.0771402
-0.0355737	0.0732861
-0.035263	0.0794612
-0.0330867	0.145186
-0.0328433	0.111432
-0.0321097	0.0725166
-0.0312194	0.0779134
-0.0305913	0.084124
-0.0292783	0.0786865
-0.0287683	0.0717483
-0.026159	0.0709798
-0.0252649	0.096748
-0.0236859	0.0702124
-0.0211225	0.0694448
-0.0183385	0.0686782
-0.0148221	0.0679114
-0.0107607	0.0671456
-0.00799537	0.142342
-0.00572047	0.0663795
-0.000507656	0.0656143
-0.000186846	0.0911848
0.000210263	0.0991534
0.000485829	0
0.00224492	0.146139
0.00338628	0.0864673
0.00429805	0.1251
0.00447671	0.0849037
0.00531359	0.0648488
0.00601779	0.104012
0.00603487	0.104829
0.0113657	0.0640841
0.0175933	0.0633192
0.0186732	0.1471
0.0198102	8.50808e-06
0.0222899	0.0856856
0.0242518	0.062555
0.0297557	0.093561
0.0309228	0.0617906
0.0318212	0.124224
0.0346948	0.118182
0.0382508	0.0610267
0.040432	0.148061
0.0455402	0.0602626
0.0535279	0.059499
0.0565128	3.39528e-05
0.0601653	0.0975476
0.0601653	0.0975476
0.0619752	0.0587353
0.063218	0.148613
0.0640365	0.141405
0.0701099	0.0983506
0.0705871	0.057972
0.0797318	0.0572085
0.0848712	0.125976
0.0886119	0.149165
0.0889162	0.0564453
0.0919711	0.138607
0.0933872	0.139537
0.0984306	0.055682
0.101096	0.140467
0.10786	0.0549189
0.112128	7.6057e-05
0.112841	0.091976
0.117329	0.149586
0.11769	0.0541558
0.121692	0.137684
0.127152	0.123353
0.127513	0.0533928
0.131776	0.119035
0.135946	0.136761
0.137628	0.0526297
0.144856	0.135846
0.147502	0.149796
0.148103	0.0518668
0.149242	0.0927671
0.15859	0.0511038
0.16968	0.0503408
0.174973	0.13493
0.180521	0.0495779
0.181785	0.000134486
0.18339	0.149901
0.187396	0.119894
0.191931	0.0488149
0.191931	0.0488149
0.200266	0.15
0.20308	0.0480519
0.213191	0.122483
0.214667	0.047289
0.21507	0.134021
0.218274	0.120753
0.226136	0.046526
0.235468	0.121618
0.238239	0.045763
0.239457	0.149954
0.240588	0.126859
0.24986	0.045
0.259525	0.0443673
0.264237	0.000208618
0.269618	0.0437347
0.270601	0.133113
0.279262	0.0431014
0.289347	0.0424681
0.299427	0.0418335
0.30663	0.14998
0.309653	0.041199
0.320094	0.0405625
0.330592	0.0399261
0.341453	0.0392872
0.350761	0.132211
0.352179	0.0386484
0.352179	0.0386484
0.359288	0.000298023
0.363131	0.0380065
0.369817	0.149993
0.374568	0.0373646
0.386287	0.0367191
0.390992	0.127741
0.398247	0.0360737
0.410298	0.035424
0.422845	0.0347745
0.435475	0.0341202
0.448572	0.0334661
0.449518	0.131309
0.449518	0.131309
0.460176	0.000401793
0.460176	0.000401793
0.461891	0.0328067
0.475498	0.0321476
0.489545	0.0314826
0.496647	0.12863
0.503659	0.030818
0.503659	0.030818
0.518507	0.0301471
0.525748	0.130414
0.533164	0.0294766
0.543465	0.129518
0.548522	0.0287994
0.563955	0.0281226
0.567481	0.00051954
0.579937	0.0274389
0.596391	0.0267556
0.613196	0.026065
0.630872	0.025375
0.648981	0.0246774
0.668048	0.0239806
0.67559	0.000650161
0.68869	0.0232761
0.708926	0.0225725
0.729003	0.0218613
0.752506	0.021151
0.777978	0.0204333
0.78288	0.000793382
0.802724	0.0197169
0.829243	0.0189934
0.856318	0.0182716
0.884471	0.0175432
0.884715	0.000948021
0.913123	0.0168169
0.941703	0.0160848
0.971414	0.0153552
0.97791	0.00111391
1.00147	0.0146208
1.03149	0.0138895
1.06227	0.0131548
1.06309	0.00128994
1.09477	0.0124237
1.1304	0.011691
1.14203	0.00147596
1.16886	0.0109629
1.21155	0.010236
1.21332	0.00167106
1.23481	0.001875
1.25657	0.00951516
1.30074	0.00879905
1.30757	0.0023775
1.34511	0.00809123
1.38517	0.00739213
1.41637	0.00670364
1.41687	0.00291779
1.43839	0.00602788
1.45622	0.00349305
1.45635	0.00536561
1.47361	0.004721
1.47971	0.00409447
)
