(title "X-Wall Shear Stress")
(labels "X-Wall Shear Stress" "Position")

((xy/key/label "middleplane_suctionside")
-0.612179	0.104829
-0.596888	0.104012
-0.544792	0.105646
-0.474999	0.103199
-0.461532	0.096748
-0.406653	0.0975476
-0.406653	0.0975476
-0.324714	0.106467
-0.289602	0.102385
-0.268585	0.0959482
-0.238522	0.111432
-0.225518	0.112266
-0.18509	0.0911848
-0.182847	0.0983506
-0.165454	0.0903962
-0.15804	0.110598
-0.138238	0.113105
-0.114376	0.0896076
-0.0990947	0.091976
-0.0708615	0.084124
-0.0674284	0.0833441
-0.0578471	0.0825663
-0.0577042	0.0888214
-0.0524431	0.0849037
-0.0463529	0.0817882
-0.0432638	0.0763685
-0.0427909	0.0771402
-0.0415077	0.0755966
-0.039248	0.0779134
-0.0378692	0.0748261
-0.0359092	0.0810121
-0.0337517	0.0740555
-0.0319423	0.0786865
-0.0298985	0.0732861
-0.0276528	0.0725166
-0.0274994	0.0802358
-0.026367	0.0717483
-0.0259069	0.0794612
-0.0251937	0.0709798
-0.023652	0.0702124
-0.0228907	0.101576
-0.0210708	0.0694448
-0.0175436	0.0686782
-0.0129178	0.0679114
-0.00781283	0.0671456
-0.00760049	0.0856856
-0.00231109	0.0880352
-0.0022937	0.0663795
0.000485472	0
0.00307002	0.0656143
0.00849552	0.0648488
0.0139176	0.0640841
0.0172457	0.113944
0.0198125	0.0633192
0.019962	8.50808e-06
0.0262063	0.062555
0.0270494	0.15
0.029096	0.149901
0.0294852	0.149796
0.0317273	0.0991534
0.032667	0.149954
0.0330347	0.0617906
0.0334643	0.0864673
0.0359644	0.0872513
0.0384291	0.149586
0.0405665	0.14998
0.040594	0.0610267
0.0428762	0.109768
0.0484501	0.0602626
0.0497963	0.149993
0.0502855	0.107288
0.056844	0.059499
0.0570617	3.39528e-05
0.0640441	0.13493
0.0641956	0.134021
0.0651604	0.0587353
0.0673661	0.149165
0.0705718	0.0951516
0.0737223	0.057972
0.074679	0.140467
0.0824587	0.0572085
0.0887336	0.0927671
0.0893015	0.141405
0.0912959	0.0564453
0.100455	0.055682
0.105774	0.148613
0.109949	0.0549189
0.113272	7.6057e-05
0.116997	0.139537
0.119764	0.0541558
0.121001	0.133113
0.121622	0.135846
0.129778	0.0533928
0.138043	0.142342
0.140151	0.0526297
0.150491	0.0518668
0.15156	0.148061
0.161102	0.0511038
0.171719	0.0503408
0.174501	0.143288
0.179596	0.138607
0.182467	0.0495779
0.183447	0.000134486
0.183462	0.144233
0.186859	0.136761
0.189026	0.0999597
0.189949	0.132211
0.193526	0.0488149
0.193526	0.0488149
0.193927	0.145186
0.194913	0.100766
0.199511	0.1471
0.204519	0.0480519
0.209386	0.146139
0.210758	0.137684
0.216257	0.047289
0.224983	0.122483
0.227571	0.046526
0.23752	0.114787
0.240158	0.045763
0.25133	0.045
0.26084	0.0443673
0.264064	0.131309
0.264064	0.131309
0.266029	0.123353
0.26618	0.000208618
0.269716	0.093561
0.270988	0.0437347
0.280535	0.0431014
0.282055	0.108939
0.290651	0.0424681
0.30057	0.0418335
0.304747	0.0943548
0.310889	0.041199
0.313847	0.130414
0.316031	0.108114
0.321139	0.0405625
0.325457	0.129518
0.331749	0.0399261
0.342448	0.0392872
0.353212	0.0386484
0.353212	0.0386484
0.361532	0.000298023
0.363476	0.12863
0.364126	0.0380065
0.369002	0.121618
0.375465	0.0373646
0.387291	0.0367191
0.399045	0.0360737
0.411281	0.035424
0.423603	0.0347745
0.436373	0.0341202
0.449357	0.0334661
0.456249	0.124224
0.457677	0.127741
0.462635	0.000401793
0.462635	0.000401793
0.462661	0.0328067
0.47635	0.0321476
0.481173	0.115631
0.490173	0.0314826
0.499722	0.120753
0.504592	0.030818
0.504592	0.030818
0.519066	0.0301471
0.534003	0.0294766
0.54501	0.119894
0.549156	0.0287994
0.56462	0.0281226
0.568868	0.126859
0.569999	0.00051954
0.580736	0.0274389
0.596901	0.0267556
0.608243	0.1251
0.612993	0.119035
0.614042	0.026065
0.631385	0.025375
0.638049	0.125976
0.649717	0.0246774
0.666734	0.116479
0.668958	0.0239806
0.678273	0.000650161
0.689169	0.0232761
0.709432	0.0225725
0.712044	0.118182
0.72984	0.0218613
0.744621	0.117328
0.753458	0.021151
0.778438	0.0204333
0.785668	0.000793382
0.803605	0.0197169
0.829972	0.0189934
0.856902	0.0182716
0.885383	0.0175432
0.887513	0.000948021
0.913603	0.0168169
0.942757	0.0160848
0.972062	0.0153552
0.980676	0.00111391
1.0023	0.0146208
1.03249	0.0138895
1.06308	0.0131548
1.06587	0.00128994
1.09588	0.0124237
1.13115	0.011691
1.14478	0.00147596
1.1699	0.0109629
1.21259	0.010236
1.21605	0.00167106
1.23739	0.001875
1.25766	0.00951516
1.30218	0.00879905
1.30997	0.0023775
1.3463	0.00809123
1.38655	0.00739213
1.41804	0.00670364
1.41931	0.00291779
1.43999	0.00602788
1.45811	0.00536561
1.45846	0.00349305
1.47551	0.004721
1.48169	0.00409447
)
