(title "X-Wall Shear Stress")
(labels "X-Wall Shear Stress" "Position")

((xy/key/label "middleplane_suctionside")
-0.735798	0.104829
-0.629112	0.105646
-0.570566	0.104012
-0.395114	0.0975476
-0.395114	0.0975476
-0.36497	0.0983506
-0.33721	0.106467
-0.302377	0.096748
-0.279229	0.113105
-0.276241	0.113944
-0.252804	0.091976
-0.21451	0.0991534
-0.20945	0.114787
-0.207413	0.112266
-0.186936	0.103199
-0.175199	0.0927671
-0.156275	0.0911848
-0.115085	0.115631
-0.0971831	0.149993
-0.0894833	0.111432
-0.0842667	0.0856856
-0.083216	0.0849037
-0.0814387	0.0959482
-0.075735	0.14998
-0.0610848	0.084124
-0.0543871	0.149954
-0.0537268	0.15
-0.052533	0.0864673
-0.0501826	0.0779134
-0.0495726	0.0786865
-0.0473967	0.0771402
-0.0452467	0.149796
-0.0439852	0.0833441
-0.0435354	0.149901
-0.0434608	0.0794612
-0.0432359	0.0763685
-0.0416168	0.149586
-0.039455	0.0755966
-0.0369346	0.0903962
-0.0362154	0.0748261
-0.0361602	0.0802358
-0.0353549	0.0825663
-0.0341164	0.0740555
-0.0332944	0.0732861
-0.0330383	0.0725166
-0.0326899	0.116479
-0.0325091	0.0717483
-0.0322969	0.0810121
-0.0318771	0.0817882
-0.0304324	0.0709798
-0.0275227	0.0702124
-0.0235151	0.0694448
-0.0189948	0.0686782
-0.0168789	0.149165
-0.016438	0.107288
-0.0162713	0.0872513
-0.0140822	0.0679114
-0.00926071	0.0671456
-0.00708214	0.121618
-0.00474897	0.0663795
0.00011905	0.0656143
0.000482168	0
0.00361091	0.0999597
0.00500692	0.0648488
0.00600053	0.125976
0.00604786	0.0880352
0.0107187	0.0640841
0.0159898	0.120753
0.0168774	0.0633192
0.017443	0.1251
0.0194084	0.0888214
0.0198582	8.50808e-06
0.0214712	0.0896076
0.0226535	0.132211
0.0238976	0.062555
0.0288725	0.110598
0.0290841	0.126859
0.0310825	0.133113
0.0312746	0.0617906
0.03171	0.093561
0.0373265	0.148613
0.0389204	0.0610267
0.0401228	0.122483
0.0462115	0.131309
0.0462115	0.131309
0.0469729	0.0602626
0.0505892	0.117328
0.0541999	0.124224
0.0548058	0.059499
0.056608	3.39528e-05
0.0631532	0.0587353
0.0698656	0.127741
0.0703889	0.145186
0.0714992	0.057972
0.0738007	0.134021
0.0748141	0.123353
0.075957	0.144233
0.0802817	0.0572085
0.0833176	0.130414
0.0894118	0.0564453
0.0989086	0.055682
0.100604	0.143288
0.104308	0.12863
0.105785	0.109768
0.108732	0.0549189
0.109175	0.129518
0.111552	0.119894
0.112261	7.6057e-05
0.114016	0.148061
0.118615	0.0541558
0.128884	0.0533928
0.130679	0.0951516
0.138145	0.13493
0.138579	0.142342
0.138819	0.118182
0.138923	0.0526297
0.144201	0.108114
0.145064	0.108939
0.145539	0.146139
0.149365	0.0518668
0.159758	0.0511038
0.165867	0.0943548
0.170433	0.0503408
0.174386	0.119035
0.181416	0.0495779
0.181956	0.000134486
0.182783	0.1471
0.192499	0.0488149
0.192499	0.0488149
0.194697	0.102385
0.203899	0.100766
0.203981	0.0480519
0.205078	0.135846
0.215625	0.047289
0.219028	0.141405
0.227223	0.046526
0.239592	0.045763
0.250574	0.045
0.26037	0.0443673
0.262018	0.136761
0.264438	0.000208618
0.27044	0.0437347
0.28013	0.0431014
0.287655	0.140467
0.290177	0.0424681
0.300231	0.0418335
0.304928	0.137684
0.310488	0.041199
0.320819	0.0405625
0.322384	0.101576
0.324796	0.139537
0.32853	0.138607
0.331437	0.0399261
0.342123	0.0392872
0.353013	0.0386484
0.353013	0.0386484
0.35953	0.000298023
0.3638	0.0380065
0.375313	0.0373646
0.386987	0.0367191
0.398893	0.0360737
0.41104	0.035424
0.423397	0.0347745
0.436237	0.0341202
0.449099	0.0334661
0.460456	0.000401793
0.460456	0.000401793
0.462587	0.0328067
0.476078	0.0321476
0.490132	0.0314826
0.504382	0.030818
0.504382	0.030818
0.518975	0.0301471
0.533895	0.0294766
0.548906	0.0287994
0.564626	0.0281226
0.567791	0.00051954
0.580427	0.0274389
0.596881	0.0267556
0.613793	0.026065
0.631266	0.025375
0.649668	0.0246774
0.668589	0.0239806
0.675935	0.000650161
0.689092	0.0232761
0.709124	0.0225725
0.730004	0.0218613
0.753136	0.021151
0.77809	0.0204333
0.78326	0.000793382
0.80355	0.0197169
0.829522	0.0189934
0.856795	0.0182716
0.884952	0.0175432
0.885115	0.000948021
0.9134	0.0168169
0.942483	0.0160848
0.971579	0.0153552
0.978317	0.00111391
1.00211	0.0146208
1.03201	0.0138895
1.06276	0.0131548
1.06351	0.00128994
1.09535	0.0124237
1.13047	0.011691
1.14245	0.00147596
1.16948	0.0109629
1.21185	0.010236
1.21373	0.00167106
1.23522	0.001875
1.25708	0.00951516
1.30128	0.00879905
1.30799	0.0023775
1.34533	0.00809123
1.38574	0.00739213
1.4168	0.00670364
1.41732	0.00291779
1.43873	0.00602788
1.45667	0.00349305
1.45681	0.00536561
1.47402	0.004721
1.48011	0.00409447
)
