(title "Skin Friction Coefficient")
(labels "Skin Friction Coefficient" "Position")

((xy/key/label "middleplane_suctionside")
4.40127e-05	0.0648488
6.32499e-05	0.0656143
7.78603e-05	0.0640841
0.000126108	0.0663795
0.000145028	0.0633192
0.000149272	0.0864673
0.000190801	0.0671456
0.000194979	0.0849037
0.000206858	0.0856856
0.00022183	0.062555
0.000233825	0
0.00024555	0.0679114
0.000293695	0.0686782
0.000303121	0.0617906
0.00032798	0.0694448
0.000328194	0.0872513
0.000354562	0.0702124
0.00036925	0.0709798
0.000371669	0.0786865
0.000383382	0.0717483
0.000394692	0.0610267
0.000398985	0.0794612
0.000406901	0.0725166
0.000421073	0.0779134
0.000446897	0.0732861
0.000447288	0.084124
0.000469822	0.0802358
0.000486695	0.0602626
0.000494725	0.0740555
0.000513283	0.0771402
0.000533223	0.0748261
0.00055791	0.0763685
0.000558089	0.0755966
0.000572538	0.0810121
0.000587626	0.059499
0.000691305	0.0587353
0.000691487	0.0817882
0.000795527	0.057972
0.000808547	0.0833441
0.000822429	0.0825663
0.000887774	0.0880352
0.000903586	0.0572085
0.000909223	0.0983506
0.000984836	0.0975476
0.000984836	0.0975476
0.00101211	0.0564453
0.00112478	0.055682
0.00124007	0.0549189
0.00125851	0.1471
0.00127463	0.0911848
0.00136003	0.0541558
0.00136667	0.106467
0.00139883	0.0903962
0.00147436	0.108114
0.00148119	0.0533928
0.00151915	0.146139
0.00153897	0.143288
0.00154904	0.105646
0.00156069	0.142342
0.00158409	0.107288
0.00160761	0.0526297
0.00162989	0.0888214
0.00170039	0.148061
0.00173419	0.0518668
0.00184692	0.093561
0.0018636	0.0511038
0.00187804	0.141405
0.00190312	0.144233
0.00194603	0.148613
0.00197712	0.113105
0.00199461	0.0503408
0.00202859	0.145186
0.00207698	0.149165
0.00209233	0.149901
0.00212542	0.0495779
0.00214137	0.0991534
0.00214788	0.113944
0.00217288	0.149954
0.00221414	0.0896076
0.00221537	0.149796
0.00224311	0.149586
0.00226117	0.0488149
0.00226117	0.0488149
0.0022865	0.108939
0.00234287	0.140467
0.0023872	0.0999597
0.00239437	0.0480519
0.0023966	0.100766
0.00248562	0.14998
0.00251004	0.136761
0.00252308	0.096748
0.00253661	0.047289
0.00254082	0.135846
0.00260386	0.0927671
0.00267387	0.046526
0.0027929	0.137684
0.00280109	0.139537
0.00280562	0.0943548
0.00281699	0.091976
0.00282531	0.045763
0.00287326	0.149993
0.00293676	0.138607
0.00294579	0.15
0.00296261	0.045
0.00305972	0.104829
0.00307806	0.0443673
0.00319635	0.13493
0.00320083	0.0437347
0.00326375	8.50808e-06
0.00331667	0.0431014
0.00335508	0.112266
0.00337488	0.118182
0.00339747	0.114787
0.00343925	0.0424681
0.00347567	0.119035
0.00353429	0.117328
0.00355969	0.0418335
0.00365039	0.0959482
0.00368437	0.041199
0.00380908	0.0405625
0.00381635	0.0951516
0.00387671	0.116479
0.00389447	0.119894
0.00393705	0.0399261
0.00399497	0.115631
0.0040474	0.124224
0.00406731	0.0392872
0.00418958	0.12863
0.00419733	0.0386484
0.00419733	0.0386484
0.00420365	0.129518
0.00423752	0.1251
0.00425749	0.134021
0.00428825	0.123353
0.00433	0.0380065
0.00433057	0.127741
0.00437315	0.130414
0.00441491	0.109768
0.00446745	0.0373646
0.00456182	0.125976
0.00456765	0.126859
0.00461072	0.0367191
0.004611	0.120753
0.00474631	0.131309
0.00474631	0.131309
0.00474649	0.122483
0.0047539	0.0360737
0.00479255	0.101576
0.00490195	0.035424
0.00491813	0.111432
0.00496706	0.121618
0.00505242	0.0347745
0.00511226	0.133113
0.00518017	0.132211
0.00520728	0.0341202
0.00536609	0.0334661
0.00549938	0.110598
0.00552803	0.0328067
0.00569539	0.0321476
0.0058648	0.0314826
0.00604116	0.030818
0.00604116	0.030818
0.00621963	0.0301471
0.00635939	0.104012
0.0064027	0.0294766
0.00659041	0.0287994
0.00674746	3.39528e-05
0.00678122	0.0281226
0.00698147	0.0274389
0.00718303	0.0267556
0.00739648	0.026065
0.00761451	0.025375
0.00784453	0.0246774
0.00808624	0.0239806
0.00834269	0.0232761
0.00845554	0.102385
0.00860297	0.0225725
0.00886222	0.0218613
0.00887068	7.6057e-05
0.00916446	0.021151
0.00918673	0.103199
0.00948958	0.0204333
0.0098154	0.0197169
0.0101621	0.0189934
0.0105185	0.0182716
0.0108985	0.0175432
0.0111502	0.000134486
0.0112812	0.0168169
0.0116791	0.0160848
0.0120886	0.0153552
0.0125145	0.0146208
0.0129504	0.0138895
0.0130745	0.000208618
0.0133999	0.0131548
0.0138893	0.0124237
0.0144272	0.011691
0.0150265	0.0109629
0.0151052	0.000298023
0.0157018	0.010236
0.0164371	0.00951516
0.0168359	0.000401793
0.0168359	0.000401793
0.0172058	0.00879905
0.0180143	0.00809123
0.0185105	0.00051954
0.01882	0.00739213
0.0195648	0.00670364
0.0199514	0.000650161
0.0202456	0.00602788
0.0209544	0.00536561
0.0212319	0.000793382
0.0217642	0.004721
0.0222572	0.000948021
0.0225606	0.00409447
0.0230362	0.00111391
0.0231024	0.00349305
0.0232439	0.0023775
0.0236137	0.00128994
0.0236343	0.001875
0.0236527	0.00291779
0.0240788	0.00147596
0.0244092	0.00167106
)
