(title "Skin Friction Coefficient")
(labels "Skin Friction Coefficient" "Position")

((xy/key/label "middleplane_suctionside")
3.49495e-05	0.0648488
4.01425e-05	0.0656143
8.85504e-05	0.0663795
8.92452e-05	0.0640841
0.000135881	0.0671456
0.000162574	0.0633192
0.000178555	0.0825663
0.000186401	0.0679114
0.000230904	0
0.000231352	0.0817882
0.000239934	0.0686782
0.000245963	0.062555
0.000259748	0.0833441
0.000267116	0.0880352
0.00029397	0.0694448
0.00031822	0.0810121
0.00033413	0.0617906
0.000344906	0.0702124
0.000384293	0.0709798
0.000389892	0.0740555
0.000396565	0.0748261
0.000398826	0.0732861
0.000408829	0.0717483
0.000409884	0.0725166
0.000422862	0.0755966
0.000424705	0.0610267
0.000437348	0.0802358
0.000449319	0.1471
0.000474965	0.0763685
0.0005056	0.0872513
0.000518454	0.0602626
0.000533866	0.146139
0.000550887	0.0771402
0.000557434	0.0794612
0.000579316	0.148061
0.000608028	0.084124
0.000610405	0.059499
0.000623268	0.0779134
0.000633505	0.0786865
0.000666039	0.0888214
0.000708471	0.0587353
0.00077959	0.148613
0.000808441	0.057972
0.000851727	0.145186
0.000913559	0.0572085
0.00097802	0.149165
0.00101077	0.0864673
0.00102364	0.0564453
0.00104443	0.139537
0.00104705	0.0903962
0.00109324	0.0849037
0.00112791	0.149586
0.00113861	0.055682
0.00118041	0.140467
0.00125679	0.0549189
0.00126793	0.0896076
0.00127223	0.0856856
0.0012889	0.149796
0.00136424	0.144233
0.00137584	0.0541558
0.00149718	0.149901
0.00149869	0.0533928
0.00161971	0.0526297
0.00162311	0.0911848
0.00164328	0.0943548
0.00172208	0.138607
0.00174514	0.0518668
0.00184271	0.149954
0.00185399	0.096748
0.00185961	0.122483
0.00186685	0.0991534
0.00187066	0.0511038
0.00193649	0.121618
0.0019998	0.0503408
0.00203162	0.143288
0.00203246	0.116479
0.00208881	0.093561
0.0021078	0.137684
0.00213227	0.0495779
0.00214292	0.141405
0.00214909	0.134021
0.00218818	0.0959482
0.00219786	0.115631
0.00226656	0.0488149
0.00226656	0.0488149
0.00229438	0.117328
0.00231417	0.14998
0.00232989	0.0983506
0.00238037	0.13493
0.00240466	0.0480519
0.00246614	0.142342
0.00250987	0.123353
0.00251295	0.133113
0.00254504	0.047289
0.0026273	0.136761
0.00263294	0.114787
0.0026719	0.120753
0.0026846	0.046526
0.00277041	0.149993
0.00280171	0.118182
0.00283315	0.045763
0.00283436	0.0975476
0.00283436	0.0975476
0.00284469	0.15
0.00284948	0.135846
0.00292673	0.0951516
0.00296662	0.045
0.00308485	0.0443673
0.00309202	0.132211
0.00312156	0.104829
0.00318316	0.103199
0.00320602	0.0437347
0.00323584	0.113944
0.00326158	8.50808e-06
0.00330235	0.119035
0.00332301	0.0431014
0.00332835	0.119894
0.00334743	0.124224
0.00344415	0.0424681
0.00356575	0.0418335
0.0036894	0.041199
0.00370117	0.0999597
0.00371855	0.131309
0.00371855	0.131309
0.00373044	0.104012
0.00378364	0.102385
0.00379185	0.091976
0.00381448	0.0405625
0.00394248	0.0399261
0.00395303	0.1251
0.00403895	0.113105
0.00407187	0.0392872
0.00417101	0.0927671
0.00420334	0.0386484
0.00420334	0.0386484
0.00426248	0.125976
0.004334	0.0380065
0.00439817	0.130414
0.00446512	0.126859
0.00447325	0.0373646
0.00461453	0.0367191
0.00471643	0.127741
0.00474527	0.108939
0.00475908	0.0360737
0.00484847	0.112266
0.00489421	0.129518
0.00490623	0.035424
0.00495687	0.12863
0.00504217	0.108114
0.00505662	0.0347745
0.00511436	0.109768
0.00521245	0.0341202
0.00527849	0.105646
0.00533922	0.111432
0.00536926	0.0334661
0.00539148	0.110598
0.00553361	0.0328067
0.00569825	0.0321476
0.00587028	0.0314826
0.00604447	0.030818
0.00604447	0.030818
0.00622392	0.0301471
0.00635169	0.101576
0.00640743	0.0294766
0.00656635	0.100766
0.00659268	0.0287994
0.00672206	3.39528e-05
0.0067872	0.0281226
0.00698296	0.0274389
0.00718801	0.0267556
0.00731287	0.107288
0.00739879	0.026065
0.00761801	0.025375
0.00784905	0.0246774
0.00808746	0.0239806
0.00834718	0.0232761
0.00860255	0.0225725
0.00861396	0.106467
0.0088148	7.6057e-05
0.0088706	0.0218613
0.00916631	0.021151
0.00948881	0.0204333
0.00982092	0.0197169
0.0101605	0.0189934
0.0105224	0.0182716
0.0108975	0.0175432
0.0110832	0.000134486
0.0112838	0.0168169
0.0116817	0.0160848
0.0120868	0.0153552
0.0125185	0.0146208
0.012949	0.0138895
0.0130101	0.000208618
0.0134018	0.0131548
0.0138882	0.0124237
0.0144236	0.011691
0.0150275	0.0109629
0.0150432	0.000298023
0.0156978	0.010236
0.0164364	0.00951516
0.0167773	0.000401793
0.0167773	0.000401793
0.0172013	0.00879905
0.0180076	0.00809123
0.0184585	0.00051954
0.0188172	0.00739213
0.0195561	0.00670364
0.0199019	0.000650161
0.0202359	0.00602788
0.020945	0.00536561
0.0211854	0.000793382
0.021752	0.004721
0.0222148	0.000948021
0.0225465	0.00409447
0.0229977	0.00111391
0.023085	0.00349305
0.0232214	0.0023775
0.0235778	0.00128994
0.0236066	0.001875
0.0236319	0.00291779
0.0240455	0.00147596
0.0243778	0.00167106
)
