(title "Skin Friction Coefficient")
(labels "Skin Friction Coefficient" "Position")

((xy/key/label "middleplane_suctionside")
4.12556e-05	0.0648488
5.17323e-05	0.0656143
0.000105719	0.0640841
0.000113948	0.0663795
0.000131947	0.0856856
0.000155797	0.0864673
0.000167156	0.0849037
0.000171066	0.0671456
0.000184344	0.0633192
0.000217453	0.0679114
0.000230466	0
0.000251371	0.0686782
0.000260146	0.062555
0.000280974	0.0694448
0.000285102	0.0872513
0.000307858	0.0702124
0.000340633	0.0617906
0.00034181	0.0709798
0.000379688	0.0717483
0.00039584	0.0779134
0.000396964	0.0786865
0.000424362	0.0610267
0.000429897	0.0725166
0.000434825	0.0771402
0.000447297	0.084124
0.000471165	0.0794612
0.00047695	0.0732861
0.000477821	0.0763685
0.000509449	0.0755966
0.000510397	0.0740555
0.000513649	0.0602626
0.000522347	0.0748261
0.000568821	0.0802358
0.000612593	0.059499
0.000658384	0.0810121
0.000668644	0.0833441
0.000676832	0.0880352
0.000714252	0.0587353
0.000720217	0.0817882
0.000721395	0.0825663
0.000823097	0.057972
0.000932232	0.0572085
0.00104348	0.0564453
0.00110581	0.135846
0.0011069	0.0888214
0.00115521	0.055682
0.00121264	0.133113
0.00122211	0.091976
0.00126881	0.0549189
0.00127062	0.136761
0.00129676	0.13493
0.0013504	0.149165
0.00138614	0.0541558
0.00138927	0.149586
0.0013901	0.107288
0.00140903	0.134021
0.00142165	0.140467
0.00143806	0.106467
0.00150461	0.0533928
0.001564	0.1471
0.00157147	0.0911848
0.00161712	0.139537
0.00163009	0.0526297
0.00163154	0.0896076
0.00166765	0.132211
0.00167019	0.137684
0.0017122	0.0991534
0.00175543	0.0518668
0.00177425	0.148061
0.00179824	0.148613
0.00182027	0.141405
0.00184631	0.146139
0.0018602	0.138607
0.00188557	0.0511038
0.00195704	0.0943548
0.00199892	0.0983506
0.00201213	0.149796
0.00201653	0.0503408
0.0021402	0.0903962
0.00214713	0.0495779
0.0021773	0.110598
0.00220068	0.129518
0.00224238	0.119035
0.00228263	0.0488149
0.00228263	0.0488149
0.0024047	0.130414
0.00241397	0.0480519
0.00243058	0.142342
0.00245018	0.131309
0.00245018	0.131309
0.0024675	0.145186
0.00250418	0.100766
0.00253814	0.12863
0.00255557	0.047289
0.00256958	0.0927671
0.00260697	0.111432
0.00264745	0.0951516
0.002652	0.109768
0.00269114	0.046526
0.00275196	0.149901
0.00284187	0.045763
0.00285325	0.108114
0.00290953	0.143288
0.00293119	0.118182
0.00297954	0.045
0.0029991	0.144233
0.00300136	0.101576
0.00300296	0.0999597
0.00308762	0.114787
0.00309405	0.0443673
0.00313428	0.113944
0.00314042	0.112266
0.00321662	0.0437347
0.00325957	8.50808e-06
0.00333165	0.0431014
0.00333624	0.093561
0.00335013	0.105646
0.00335692	0.113105
0.00338169	0.108939
0.00341725	0.127741
0.0034541	0.0424681
0.00357393	0.0418335
0.00357959	0.119894
0.0036334	0.149954
0.00369827	0.041199
0.00376191	0.117328
0.00382267	0.0405625
0.00388087	0.115631
0.00394983	0.0399261
0.00408019	0.0392872
0.00420916	0.0386484
0.00420916	0.0386484
0.00434204	0.0380065
0.00434481	0.116479
0.00442772	0.126859
0.00447873	0.0373646
0.00451205	0.0975476
0.00451205	0.0975476
0.00456752	0.14998
0.00462176	0.0367191
0.00476484	0.0360737
0.0049121	0.035424
0.00506329	0.0347745
0.00521661	0.0341202
0.00529659	0.125976
0.00537628	0.0334661
0.00549256	0.149993
0.0055369	0.0328067
0.00566234	0.0959482
0.00570446	0.0321476
0.005752	0.104829
0.00587389	0.0314826
0.00592497	0.102385
0.0060487	0.030818
0.0060487	0.030818
0.00620446	0.1251
0.00622907	0.0301471
0.00630122	0.15
0.00631421	0.096748
0.00640959	0.0294766
0.00659909	0.0287994
0.0066107	0.120753
0.00670725	3.39528e-05
0.00678848	0.0281226
0.00698869	0.0274389
0.00719099	0.0267556
0.00722378	0.124224
0.0074024	0.026065
0.00762262	0.025375
0.00784997	0.0246774
0.00795208	0.104012
0.00809144	0.0239806
0.00814331	0.103199
0.00821228	0.123353
0.00835027	0.0232761
0.00844783	0.121618
0.00860967	0.0225725
0.00878403	7.6057e-05
0.00878514	0.122483
0.0088662	0.0218613
0.00916811	0.021151
0.00949679	0.0204333
0.00981768	0.0197169
0.0101667	0.0189934
0.0105238	0.0182716
0.0109003	0.0175432
0.0110469	0.000134486
0.0112875	0.0168169
0.0116791	0.0160848
0.0120924	0.0153552
0.0125168	0.0146208
0.01295	0.0138895
0.0129747	0.000208618
0.0134021	0.0131548
0.0138868	0.0124237
0.0144286	0.011691
0.015009	0.000298023
0.0150252	0.0109629
0.0156994	0.010236
0.0164342	0.00951516
0.0167448	0.000401793
0.0167448	0.000401793
0.0171976	0.00879905
0.018009	0.00809123
0.0184295	0.00051954
0.0188119	0.00739213
0.0195524	0.00670364
0.0198744	0.000650161
0.0202329	0.00602788
0.0209388	0.00536561
0.0211595	0.000793382
0.021746	0.004721
0.0221912	0.000948021
0.0225395	0.00409447
0.0229763	0.00111391
0.0230754	0.00349305
0.023209	0.0023775
0.0235579	0.00128994
0.0235914	0.001875
0.0236203	0.00291779
0.0240271	0.00147596
0.0243607	0.00167106
)
