(title "Skin Friction Coefficient")
(labels "Skin Friction Coefficient" "Position")

((xy/key/label "middleplane_suctionside")
4.57429e-05	0.0656143
4.89754e-05	0.0648488
0.000105205	0.0663795
0.000107107	0.0640841
0.000162518	0.0671456
0.000179425	0.0633192
0.000187157	0.0833441
0.000204741	0.0679114
0.000221947	0.084124
0.000225582	0
0.000241296	0.0686782
0.000257921	0.062555
0.00027052	0.0694448
0.000300135	0.0825663
0.000304117	0.0702124
0.000337053	0.0617906
0.00033916	0.0709798
0.000380991	0.0771402
0.000385173	0.0717483
0.000390479	0.0763685
0.000409065	0.0849037
0.000424145	0.0610267
0.000430827	0.0755966
0.000432494	0.0725166
0.000434674	0.0779134
0.000458001	0.0748261
0.000464609	0.0732861
0.000472944	0.0740555
0.000512486	0.0602626
0.000514513	0.0817882
0.000554657	0.0786865
0.00061136	0.059499
0.000645287	0.0810121
0.000654657	0.0794612
0.000682661	0.0802358
0.00071423	0.0587353
0.000715477	0.0896076
0.000819632	0.057972
0.000825279	0.0888214
0.000867523	0.0856856
0.000929043	0.0572085
0.00103797	0.0564453
0.00105587	0.12863
0.00115023	0.055682
0.00126375	0.0549189
0.00128027	0.129518
0.00133565	0.127741
0.00134685	0.0864673
0.00138235	0.0541558
0.00141432	0.0880352
0.00150181	0.0533928
0.0015358	0.0872513
0.00162739	0.0526297
0.00170905	0.130414
0.00175368	0.0518668
0.00182761	0.148061
0.00187982	0.148613
0.00188259	0.0511038
0.0018924	0.1471
0.0019075	0.145186
0.00192923	0.146139
0.00194418	0.0903962
0.00199614	0.144233
0.00199903	0.091976
0.00200468	0.117328
0.0020141	0.0503408
0.00209569	0.149165
0.00214416	0.0495779
0.00218709	0.112266
0.00224027	0.126859
0.0022587	0.0959482
0.00225906	0.131309
0.00225906	0.131309
0.00227702	0.122483
0.00228002	0.0488149
0.00228002	0.0488149
0.00229297	0.116479
0.00240379	0.0927671
0.00240508	0.143288
0.00241218	0.0480519
0.00241436	0.103199
0.00241788	0.106467
0.00251589	0.121618
0.00253517	0.124224
0.00255367	0.047289
0.00255706	0.123353
0.00256244	0.113105
0.00257886	0.104012
0.00260523	0.111432
0.00261766	0.149586
0.00266156	0.1251
0.00269035	0.046526
0.00271091	0.0951516
0.0027768	0.0991534
0.00281941	0.125976
0.00284047	0.045763
0.00287822	0.107288
0.00289045	0.132211
0.00291707	0.105646
0.0029554	0.142342
0.00297919	0.045
0.00305206	0.118182
0.003094	0.0443673
0.00311683	0.104829
0.00313085	0.0911848
0.00321628	0.0437347
0.00328175	8.50808e-06
0.00330825	0.120753
0.00333172	0.0431014
0.00334726	0.141405
0.0033488	0.115631
0.00337725	0.0983506
0.00342123	0.113944
0.0034541	0.0424681
0.00352506	0.133113
0.00353025	0.149796
0.00355351	0.140467
0.00357431	0.0418335
0.00369862	0.041199
0.00371999	0.110598
0.00374105	0.139537
0.0038234	0.0405625
0.00391022	0.114787
0.0039322	0.138607
0.00393933	0.119894
0.00395071	0.0399261
0.00402489	0.102385
0.00403183	0.096748
0.00407126	0.119035
0.00407663	0.134021
0.00408133	0.0392872
0.0040999	0.137684
0.00421049	0.0386484
0.00421049	0.0386484
0.0042552	0.108114
0.00428152	0.136761
0.00434357	0.0380065
0.00439977	0.13493
0.00442803	0.135846
0.00448043	0.0373646
0.00462012	0.149901
0.00462365	0.0367191
0.0047239	0.0975476
0.0047239	0.0975476
0.00476676	0.0360737
0.00478002	0.109768
0.00491428	0.035424
0.00506532	0.0347745
0.00508949	0.108939
0.00519342	0.0943548
0.0052189	0.0341202
0.00524227	0.093561
0.0052666	0.0999597
0.0053788	0.0334661
0.00553946	0.0328067
0.00570759	0.0321476
0.00587651	0.149954
0.00587652	0.0314826
0.00605216	0.030818
0.00605216	0.030818
0.00623199	0.0301471
0.006413	0.0294766
0.00660258	0.0287994
0.00676453	3.39528e-05
0.00679168	0.0281226
0.00689721	0.101576
0.00699267	0.0274389
0.00719436	0.0267556
0.00720236	0.14998
0.00740676	0.026065
0.0076262	0.025375
0.00775709	0.100766
0.00785405	0.0246774
0.00809593	0.0239806
0.0083545	0.0232761
0.00849209	0.149993
0.00861484	0.0225725
0.00887079	0.0218613
0.00888331	7.6057e-05
0.00907531	0.15
0.00917333	0.021151
0.00950175	0.0204333
0.00982288	0.0197169
0.0101728	0.0189934
0.0105292	0.0182716
0.0109069	0.0175432
0.0111614	0.000134486
0.0112939	0.0168169
0.0116862	0.0160848
0.0121	0.0153552
0.0125246	0.0146208
0.0129584	0.0138895
0.0130852	0.000208618
0.0134111	0.0131548
0.013896	0.0124237
0.0144382	0.011691
0.0150364	0.0109629
0.0151161	0.000298023
0.015711	0.010236
0.0164482	0.00951516
0.0168473	0.000401793
0.0168473	0.000401793
0.0172124	0.00879905
0.018025	0.00809123
0.0185222	0.00051954
0.018831	0.00739213
0.0195727	0.00670364
0.0199633	0.000650161
0.0202557	0.00602788
0.0209645	0.00536561
0.021244	0.000793382
0.021774	0.004721
0.0222693	0.000948021
0.0225708	0.00409447
0.0230482	0.00111391
0.0231125	0.00349305
0.0232545	0.0023775
0.0236255	0.00128994
0.0236451	0.001875
0.0236633	0.00291779
0.0240905	0.00147596
0.0244207	0.00167106
)
