(title "Skin Friction Coefficient")
(labels "Skin Friction Coefficient" "Position")

((xy/key/label "middleplane_suctionside")
3.82264e-05	0.0648488
4.04601e-05	0.0656143
9.52408e-05	0.0663795
0.000109706	0.0640841
0.000144354	0.0671456
0.000165659	0.0880352
0.000189971	0.0679114
0.000190163	0.0633192
0.000226985	0
0.000228483	0.0686782
0.000247215	0.0872513
0.000270632	0.0694448
0.000272983	0.062555
0.000283671	0.0825663
0.000301776	0.0833441
0.000315029	0.0702124
0.000358652	0.0617906
0.000362513	0.0709798
0.000363458	0.0896076
0.000365499	0.0817882
0.000403008	0.0888214
0.00041012	0.0717483
0.000429097	0.0755966
0.000434772	0.0763685
0.000442415	0.0748261
0.000443584	0.0610267
0.000446197	0.0725166
0.000455784	0.0740555
0.000462806	0.0732861
0.000465994	0.0810121
0.000473015	0.0771402
0.000535752	0.0602626
0.000551476	0.0779134
0.000564342	0.084124
0.000565173	0.131309
0.000565173	0.131309
0.000576246	0.0802358
0.000622287	0.0786865
0.00062788	0.059499
0.000629799	0.0794612
0.000652259	0.0864673
0.000659289	0.132211
0.000729165	0.0587353
0.00074988	0.0903962
0.000832919	0.057972
0.000908119	0.0849037
0.000929916	0.130414
0.000940368	0.0572085
0.000958981	0.0856856
0.000989225	0.133113
0.0010159	0.141405
0.0010531	0.0564453
0.00105694	0.140467
0.00116696	0.055682
0.00126273	0.100766
0.0012673	0.0999597
0.00128337	0.0549189
0.00130965	0.136761
0.00131227	0.134021
0.00135397	0.142342
0.00136684	0.114787
0.00140077	0.0541558
0.00140268	0.135846
0.00142364	0.120753
0.0014358	0.0959482
0.00143953	0.101576
0.00145314	0.0951516
0.00146218	0.13493
0.0014627	0.139537
0.00147642	0.093561
0.00148824	0.137684
0.0015017	0.15
0.00152159	0.0533928
0.00155024	0.121618
0.00157148	0.149993
0.00159151	0.14998
0.00159417	0.0927671
0.00162734	0.143288
0.00164192	0.0526297
0.00165249	0.129518
0.00167816	0.145186
0.00167967	0.138607
0.00168686	0.149954
0.00171596	0.144233
0.00176742	0.0518668
0.00179563	0.119894
0.00180854	0.149901
0.00182921	0.146139
0.0018639	0.0991534
0.00186834	0.102385
0.00189321	0.0511038
0.00190737	0.149796
0.00199825	0.148613
0.00200039	0.149586
0.00200484	0.148061
0.00202325	0.0503408
0.00204501	0.115631
0.00205166	0.122483
0.00206244	0.1471
0.00206704	0.149165
0.00207078	0.0911848
0.00215522	0.0495779
0.00220551	0.113944
0.00228932	0.0488149
0.00228932	0.0488149
0.00232967	0.0943548
0.00242576	0.0480519
0.00243486	0.12863
0.00252425	0.119035
0.00253059	0.108114
0.00254466	0.108939
0.00255019	0.107288
0.00256484	0.047289
0.00264412	0.123353
0.00265781	0.091976
0.00267625	0.116479
0.00270321	0.046526
0.00274004	0.0983506
0.00285023	0.045763
0.00295607	0.096748
0.00298497	0.045
0.00300109	0.127741
0.00302688	0.117328
0.00302919	0.109768
0.00305009	0.118182
0.00310209	0.0443673
0.00321723	0.124224
0.00322268	0.0437347
0.00323956	8.50808e-06
0.0033064	0.126859
0.00333884	0.0431014
0.0033999	0.0975476
0.0033999	0.0975476
0.00345667	0.106467
0.00345968	0.0424681
0.00357277	0.125976
0.00358061	0.0418335
0.00358372	0.103199
0.00361763	0.1251
0.00370362	0.041199
0.00382852	0.0405625
0.00395543	0.0399261
0.00408504	0.0392872
0.00410034	0.113105
0.00421513	0.0386484
0.00421513	0.0386484
0.0043165	0.110598
0.00434598	0.0380065
0.00448434	0.0373646
0.00462535	0.0367191
0.00476963	0.0360737
0.00491566	0.035424
0.00506669	0.0347745
0.00522086	0.0341202
0.00527751	0.112266
0.00537881	0.0334661
0.00538618	0.105646
0.00541248	0.111432
0.0055416	0.0328067
0.00570641	0.0321476
0.00576558	0.104012
0.0058781	0.0314826
0.0060507	0.030818
0.0060507	0.030818
0.00623171	0.0301471
0.00641288	0.0294766
0.00657091	0.104829
0.00660037	0.0287994
0.00664257	3.39528e-05
0.00679223	0.0281226
0.00698895	0.0274389
0.00719379	0.0267556
0.0074032	0.026065
0.00762379	0.025375
0.00785204	0.0246774
0.008091	0.0239806
0.00835307	0.0232761
0.00860885	0.0225725
0.00868567	7.6057e-05
0.00886866	0.0218613
0.00916716	0.021151
0.00949591	0.0204333
0.00981873	0.0197169
0.0101633	0.0189934
0.0105245	0.0182716
0.0108976	0.0175432
0.0109389	0.000134486
0.0112863	0.0168169
0.0116774	0.0160848
0.0120885	0.0153552
0.0125154	0.0146208
0.0128711	0.000208618
0.0129456	0.0138895
0.0133991	0.0131548
0.0138814	0.0124237
0.0144215	0.011691
0.01491	0.000298023
0.0150202	0.0109629
0.0156909	0.010236
0.0164269	0.00951516
0.0166504	0.000401793
0.0166504	0.000401793
0.0171867	0.00879905
0.0179961	0.00809123
0.018345	0.00051954
0.0188005	0.00739213
0.0195356	0.00670364
0.0197935	0.000650161
0.0202144	0.00602788
0.0209192	0.00536561
0.0210829	0.000793382
0.0217231	0.004721
0.0221209	0.000948021
0.0225133	0.00409447
0.022912	0.00111391
0.0230441	0.00349305
0.0231696	0.0023775
0.0234976	0.00128994
0.023544	0.001875
0.0235834	0.00291779
0.0239708	0.00147596
0.0243074	0.00167106
)
