(title "Skin Friction Coefficient")
(labels "Skin Friction Coefficient" "Position")

((xy/key/label "middleplane_suctionside")
5.74612e-05	0.0648488
7.88277e-05	0.0640841
8.64235e-05	0.0656143
0.000127255	0.0849037
0.000136844	0.0663795
0.000144563	0.0633192
0.000179597	0.084124
0.000182737	0.0671456
0.000226215	0.0679114
0.0002271	0.062555
0.000230804	0
0.000241689	0.0856856
0.000269359	0.0686782
0.000310749	0.0617906
0.000311175	0.0694448
0.000353918	0.0702124
0.000388388	0.0833441
0.000390798	0.0709798
0.000398884	0.0610267
0.000429116	0.0717483
0.000451124	0.0864673
0.000452831	0.0725166
0.000458361	0.0771402
0.000462514	0.0763685
0.000463749	0.144233
0.000468198	0.0755966
0.000468388	0.0779134
0.000468593	0.0732861
0.000471424	0.0748261
0.000472018	0.0740555
0.000478926	0.143288
0.000489721	0.0602626
0.000497749	0.145186
0.000516138	0.0786865
0.000558412	0.0794612
0.000574158	0.0825663
0.000581819	0.059499
0.000592833	0.0802358
0.000608048	0.0817882
0.00060814	0.0810121
0.000630348	0.142342
0.000646645	0.146139
0.000682458	0.0587353
0.000695577	0.0872513
0.000705433	0.149586
0.000715225	0.149165
0.000740418	0.148613
0.000749889	0.149796
0.000778273	0.148061
0.000779715	0.1471
0.000782789	0.057972
0.000868454	0.149901
0.000892795	0.0572085
0.000897079	0.141405
0.00093402	0.114787
0.000944086	0.0903962
0.00100262	0.0880352
0.00100568	0.0564453
0.00107886	0.113944
0.00112233	0.055682
0.00115673	0.0896076
0.00116064	0.149954
0.00120108	0.140467
0.00121931	0.115631
0.00124007	0.0549189
0.00125197	0.138607
0.00132418	0.0888214
0.00134487	0.139537
0.00135493	0.120753
0.00136056	0.0541558
0.00142227	0.137684
0.00147471	0.0975476
0.00147471	0.0975476
0.0014822	0.0533928
0.00160349	0.0526297
0.00163728	0.14998
0.001688	0.096748
0.00168933	0.121618
0.00173088	0.0518668
0.00179244	0.116479
0.00181909	0.0911848
0.00185663	0.0511038
0.00186952	0.136761
0.0018981	0.0927671
0.00196493	0.113105
0.00198995	0.0503408
0.00212265	0.0495779
0.00212877	0.149993
0.00212932	0.0983506
0.00225009	0.135846
0.00225992	0.0488149
0.00225992	0.0488149
0.00226621	0.119894
0.00239824	0.0480519
0.00242413	0.0991534
0.0025095	0.0999597
0.00251302	0.117328
0.00252012	0.091976
0.00253831	0.047289
0.00259336	0.122483
0.00264281	0.110598
0.00266913	0.13493
0.00267889	0.046526
0.00272288	0.109768
0.00277731	0.093561
0.00282516	0.045763
0.00285148	0.112266
0.00288149	0.15
0.00296281	0.045
0.00296795	0.118182
0.00301678	0.119035
0.00302666	0.111432
0.00308142	0.0443673
0.00310134	0.104829
0.00320268	0.0437347
0.0032655	8.50808e-06
0.00330751	0.0959482
0.00332018	0.0431014
0.00344158	0.0424681
0.00354948	0.134021
0.00356402	0.0418335
0.00368741	0.041199
0.00381385	0.0405625
0.00382853	0.123353
0.00389485	0.105646
0.00394118	0.0399261
0.00407198	0.0392872
0.00413601	0.108939
0.00420285	0.0386484
0.00420285	0.0386484
0.00433427	0.0380065
0.00447377	0.0373646
0.00451985	0.104012
0.00461489	0.0367191
0.00476041	0.0360737
0.00479991	0.0943548
0.00485284	0.0951516
0.00490656	0.035424
0.0049384	0.133113
0.00505857	0.0347745
0.00519892	0.100766
0.00521326	0.0341202
0.00537143	0.0334661
0.00551815	0.127741
0.00553532	0.0328067
0.00553682	0.106467
0.00559819	0.124224
0.00569991	0.0321476
0.0058336	0.12863
0.00585405	0.126859
0.00585856	0.108114
0.00587283	0.0314826
0.00602802	0.132211
0.00604566	0.030818
0.00604566	0.030818
0.00616204	0.129518
0.00622691	0.0301471
0.00627755	0.130414
0.00634589	0.131309
0.00634589	0.131309
0.00636466	0.107288
0.00640876	0.0294766
0.00656031	0.125976
0.00659604	0.0287994
0.00664031	0.1251
0.0067199	3.39528e-05
0.00678924	0.0281226
0.00698531	0.0274389
0.00712654	0.103199
0.00719128	0.0267556
0.00740067	0.026065
0.00762174	0.025375
0.00785081	0.0246774
0.00808897	0.0239806
0.00835164	0.0232761
0.00860696	0.0225725
0.00880468	7.6057e-05
0.00887074	0.0218613
0.00905366	0.101576
0.00916697	0.021151
0.0093657	0.102385
0.00949406	0.0204333
0.00982144	0.0197169
0.0101628	0.0189934
0.0105258	0.0182716
0.010899	0.0175432
0.0110706	0.000134486
0.0112875	0.0168169
0.0116815	0.0160848
0.01209	0.0153552
0.0125198	0.0146208
0.0129495	0.0138895
0.0129975	0.000208618
0.0134038	0.0131548
0.0138874	0.0124237
0.0144262	0.011691
0.015028	0.0109629
0.0150311	0.000298023
0.0156985	0.010236
0.016437	0.00951516
0.0167656	0.000401793
0.0167656	0.000401793
0.017199	0.00879905
0.0180087	0.00809123
0.0184478	0.00051954
0.0188164	0.00739213
0.0195536	0.00670364
0.0198917	0.000650161
0.020235	0.00602788
0.0209429	0.00536561
0.0211756	0.000793382
0.0217494	0.004721
0.0222059	0.000948021
0.0225437	0.00409447
0.0229895	0.00111391
0.0230812	0.00349305
0.0232165	0.0023775
0.0235701	0.00128994
0.0236006	0.001875
0.0236273	0.00291779
0.0240383	0.00147596
0.0243711	0.00167106
)
