(title "Skin Friction Coefficient")
(labels "Skin Friction Coefficient" "Position")

((xy/key/label "middleplane_suctionside")
3.53703e-05	0.0648488
5.80322e-05	0.0640841
7.58129e-05	0.0656143
0.000125511	0.0663795
0.000135788	0.0633192
0.000161818	0.0872513
0.000176505	0.0671456
0.000215612	0.062555
0.000220453	0.0864673
0.000225959	0.0679114
0.000234986	0
0.000275995	0.0686782
0.000301617	0.0617906
0.000323112	0.0694448
0.000355295	0.0880352
0.000364712	0.0702124
0.000390507	0.0610267
0.000402139	0.0709798
0.00040679	0.0817882
0.00040834	0.0810121
0.000424045	0.0717483
0.000434116	0.0732861
0.000435524	0.0725166
0.000436445	0.0802358
0.000439453	0.0740555
0.000451455	0.0748261
0.000460184	0.0825663
0.00047526	0.0755966
0.000481764	0.0602626
0.000487668	0.0794612
0.000508229	0.0763685
0.000513154	0.0856856
0.000537615	0.0786865
0.000545218	0.0771402
0.000565312	0.0779134
0.000573646	0.0888214
0.00057982	0.059499
0.000596485	0.0896076
0.000623308	0.0833441
0.000675702	0.0587353
0.000708239	0.142342
0.00073883	0.148061
0.000752184	0.124224
0.000780107	0.057972
0.000793515	0.123353
0.000795516	0.0849037
0.000826904	0.084124
0.000887179	0.0572085
0.000981615	0.148613
0.000982148	0.143288
0.000997928	0.0564453
0.00104729	0.1251
0.00111251	0.055682
0.0011644	0.122483
0.00119907	0.141405
0.00120633	0.114787
0.0012308	0.0549189
0.00123665	0.1471
0.00124012	0.115631
0.00128363	0.149165
0.00130272	0.149796
0.00133096	0.149586
0.0013502	0.0541558
0.00143109	0.149901
0.00146911	0.0903962
0.00147266	0.0533928
0.0014941	0.140467
0.0015452	0.125976
0.00159711	0.0526297
0.00163475	0.0927671
0.00166118	0.116479
0.00168464	0.139537
0.00170961	0.121618
0.00172189	0.0518668
0.0018028	0.103199
0.00185075	0.0511038
0.00187285	0.144233
0.00187483	0.113944
0.00191581	0.149954
0.00196559	0.146139
0.00197964	0.0503408
0.00201157	0.117328
0.00202211	0.100766
0.00202967	0.0959482
0.0021004	0.102385
0.00211265	0.0495779
0.00212956	0.118182
0.00213596	0.126859
0.00217374	0.110598
0.00222163	0.145186
0.00223761	0.120753
0.00224117	0.093561
0.00224766	0.0488149
0.00224766	0.0488149
0.00227625	0.138607
0.00228692	0.119035
0.00230258	0.109768
0.00231874	0.0999597
0.00238421	0.0480519
0.00244066	0.119894
0.00246857	0.0951516
0.00250736	0.131309
0.00250736	0.131309
0.00252709	0.047289
0.00253994	0.101576
0.00265627	0.14998
0.00266556	0.046526
0.00269957	0.132211
0.00275226	0.127741
0.00281043	0.091976
0.00281738	0.045763
0.00290568	0.108939
0.00295086	0.045
0.00296952	0.111432
0.00299119	0.130414
0.00304423	0.113105
0.00306806	0.0443673
0.00307755	0.0911848
0.00318219	0.104012
0.00319073	0.0437347
0.00324069	0.137684
0.00327089	8.50808e-06
0.00330457	0.0943548
0.00330731	0.0431014
0.00334812	0.12863
0.00337836	0.149993
0.00342956	0.0424681
0.00349707	0.129518
0.00355065	0.0418335
0.00367531	0.041199
0.00368176	0.112266
0.00372887	0.133113
0.00380006	0.0405625
0.00385961	0.15
0.00392871	0.0399261
0.00402344	0.108114
0.00405831	0.0392872
0.00405979	0.096748
0.00418971	0.0386484
0.00418971	0.0386484
0.00430295	0.136761
0.00432121	0.0380065
0.00445997	0.0373646
0.00452208	0.0991534
0.00460231	0.0367191
0.00474632	0.0360737
0.00489239	0.134021
0.00489431	0.035424
0.00504466	0.0347745
0.00512829	0.135846
0.00520064	0.0341202
0.005319	0.104829
0.00535791	0.0334661
0.00537703	0.13493
0.00552161	0.0328067
0.00553735	0.107288
0.00568719	0.0321476
0.00585894	0.0314826
0.00603385	0.030818
0.00603385	0.030818
0.00621328	0.0301471
0.00629785	0.0975476
0.00629785	0.0975476
0.00639669	0.0294766
0.00653293	0.0983506
0.00658275	0.0287994
0.00671345	0.105646
0.00674346	0.106467
0.00676672	3.39528e-05
0.00677659	0.0281226
0.00697325	0.0274389
0.00717812	0.0267556
0.00738916	0.026065
0.00760889	0.025375
0.0078392	0.0246774
0.00807819	0.0239806
0.00833815	0.0232761
0.00859469	0.0225725
0.0088616	0.0218613
0.00890566	7.6057e-05
0.00915749	0.021151
0.00948237	0.0204333
0.00981224	0.0197169
0.0101536	0.0189934
0.0105159	0.0182716
0.0108906	0.0175432
0.0111913	0.000134486
0.0112786	0.0168169
0.011675	0.0160848
0.0120825	0.0153552
0.0125136	0.0146208
0.0129444	0.0138895
0.0131128	0.000208618
0.0133986	0.0131548
0.0138848	0.0124237
0.0144225	0.011691
0.0150263	0.0109629
0.0151414	0.000298023
0.015698	0.010236
0.0164382	0.00951516
0.0168698	0.000401793
0.0168698	0.000401793
0.0172041	0.00879905
0.0180129	0.00809123
0.0185402	0.00051954
0.0188243	0.00739213
0.0195648	0.00670364
0.0199794	0.000650161
0.0202481	0.00602788
0.0209593	0.00536561
0.0212579	0.000793382
0.0217687	0.004721
0.0222807	0.000948021
0.0225669	0.00409447
0.0230574	0.00111391
0.023111	0.00349305
0.0232557	0.0023775
0.0236333	0.00128994
0.0236492	0.001875
0.0236636	0.00291779
0.0240969	0.00147596
0.0244262	0.00167106
)
