(title "Skin Friction Coefficient")
(labels "Skin Friction Coefficient" "Position")

((xy/key/label "middleplane_suctionside")
2.79993e-05	0.0663795
3.47269e-05	0.0656143
8.75063e-05	0.0671456
9.65341e-05	0.0648488
0.000145642	0.0679114
0.00016216	0.0640841
0.000200442	0.0686782
0.000234274	0
0.000238303	0.0633192
0.000240651	0.0888214
0.000251008	0.0694448
0.000292156	0.0702124
0.000315355	0.062555
0.00032756	0.0709798
0.000351466	0.0717483
0.000373236	0.0725166
0.00038766	0.0732861
0.000388916	0.0833441
0.000394778	0.084124
0.000395378	0.0825663
0.000400752	0.0617906
0.000406581	0.0740555
0.0004256	0.0817882
0.000429166	0.0748261
0.000443634	0.0880352
0.000455164	0.0755966
0.000465928	0.0810121
0.000479622	0.0763685
0.000491774	0.0610267
0.000497996	0.0771402
0.000508772	0.0802358
0.000519396	0.0779134
0.00053365	0.0786865
0.000539672	0.0794612
0.000566828	0.0849037
0.000574142	0.0896076
0.000585729	0.0602626
0.000685477	0.059499
0.000781883	0.0587353
0.000790841	0.0911848
0.000867678	0.1471
0.000885369	0.057972
0.000923497	0.0903962
0.000946512	0.0856856
0.000976275	0.0872513
0.000988885	0.0572085
0.00100065	0.149586
0.00100392	0.149165
0.00102523	0.13493
0.00103259	0.135846
0.00103396	0.148061
0.00103858	0.134021
0.00106394	0.148613
0.00106435	0.149796
0.00109268	0.146139
0.00109532	0.0564453
0.0011226	0.136761
0.00116104	0.133113
0.00116186	0.091976
0.00117603	0.138607
0.00117952	0.149901
0.00118454	0.0864673
0.00120456	0.137684
0.0012049	0.055682
0.00126003	0.0951516
0.00128624	0.0975476
0.00128624	0.0975476
0.0012994	0.139537
0.0013191	0.0549189
0.00139992	0.149954
0.00143626	0.0541558
0.00151453	0.132211
0.0015555	0.0533928
0.00158225	0.114787
0.00167556	0.126859
0.00167991	0.0526297
0.00170594	0.145186
0.00171554	0.14998
0.00173108	0.113944
0.00175266	0.127741
0.00175477	0.140467
0.00176541	0.12863
0.00180204	0.0518668
0.00183947	0.119035
0.00186919	0.125976
0.00188477	0.104012
0.00192729	0.102385
0.00192944	0.0511038
0.00192976	0.121618
0.00197503	0.119894
0.00198362	0.120753
0.00198849	0.118182
0.00199535	0.129518
0.0020013	0.131309
0.0020013	0.131309
0.00201246	0.109768
0.00201428	0.103199
0.00203761	0.149993
0.00204544	0.0983506
0.00205509	0.0503408
0.00208677	0.122483
0.00209289	0.0959482
0.00210094	0.15
0.0021218	0.096748
0.00218357	0.0495779
0.00220043	0.144233
0.00224342	0.130414
0.0022449	0.101576
0.00231553	0.0488149
0.00231553	0.0488149
0.00231588	0.110598
0.00235346	0.141405
0.00238719	0.1251
0.00240087	0.115631
0.0024461	0.0480519
0.00246082	0.0943548
0.00246618	0.123353
0.00253887	0.117328
0.00257448	0.143288
0.00258718	0.047289
0.00267056	0.124224
0.00269022	0.104829
0.00270398	0.142342
0.00272154	0.046526
0.00274114	0.113105
0.00282487	0.0927671
0.00284979	0.116479
0.00287307	0.045763
0.00300609	0.045
0.00309316	0.111432
0.0031192	0.0443673
0.0032408	0.0437347
0.00327342	8.50808e-06
0.00329502	0.112266
0.00335478	0.0431014
0.00337143	0.108939
0.0034388	0.100766
0.00347599	0.0424681
0.00359456	0.0418335
0.00371831	0.041199
0.00384103	0.0405625
0.0038917	0.0991534
0.00396832	0.0399261
0.0039714	0.093561
0.00409674	0.0392872
0.00422592	0.0386484
0.00422592	0.0386484
0.0043492	0.0999597
0.00435739	0.0380065
0.00449362	0.0373646
0.0046363	0.0367191
0.00469163	0.105646
0.0047778	0.0360737
0.00492562	0.035424
0.00507203	0.108114
0.00507446	0.0347745
0.00522905	0.0341202
0.00538659	0.0334661
0.00554804	0.0328067
0.00571466	0.0321476
0.00583416	0.107288
0.005883	0.0314826
0.00593879	0.106467
0.00605921	0.030818
0.00605921	0.030818
0.00623619	0.0301471
0.00641975	0.0294766
0.00660579	0.0287994
0.00677028	3.39528e-05
0.00679714	0.0281226
0.00699593	0.0274389
0.00719713	0.0267556
0.00741015	0.026065
0.00762739	0.025375
0.00785789	0.0246774
0.00809895	0.0239806
0.00835527	0.0232761
0.00861249	0.0225725
0.00887607	0.0218613
0.00890577	7.6057e-05
0.00917682	0.021151
0.00949855	0.0204333
0.00982718	0.0197169
0.0101712	0.0189934
0.0105292	0.0182716
0.0109075	0.0175432
0.0111903	0.000134486
0.0112915	0.0168169
0.0116903	0.0160848
0.0120968	0.0153552
0.0125262	0.0146208
0.0129594	0.0138895
0.0131128	0.000208618
0.0134108	0.0131548
0.0138985	0.0124237
0.0144353	0.011691
0.0150381	0.0109629
0.0151425	0.000298023
0.0157108	0.010236
0.0164491	0.00951516
0.0168719	0.000401793
0.0168719	0.000401793
0.0172158	0.00879905
0.018025	0.00809123
0.0185436	0.00051954
0.0188339	0.00739213
0.0195763	0.00670364
0.0199834	0.000650161
0.0202587	0.00602788
0.0209687	0.00536561
0.0212627	0.000793382
0.0217787	0.004721
0.0222862	0.000948021
0.0225763	0.00409447
0.0230634	0.00111391
0.0231198	0.00349305
0.0232634	0.0023775
0.0236397	0.00128994
0.0236561	0.001875
0.0236718	0.00291779
0.0241037	0.00147596
0.024433	0.00167106
)
