(title "Skin Friction Coefficient")
(labels "Skin Friction Coefficient" "Position")

((xy/key/label "middleplane_suctionside")
2.58359e-05	0.0663795
5.51962e-05	0.0656143
6.67031e-05	0.0671456
0.000121838	0.0648488
0.000123966	0.0679114
0.000175601	0.0686782
0.000189802	0.0640841
0.00022575	0.0694448
0.000228672	0
0.000266153	0.0633192
0.000267269	0.0880352
0.000267442	0.0702124
0.000305187	0.0709798
0.000332824	0.0717483
0.000336717	0.0903962
0.000343623	0.062555
0.000350503	0.0825663
0.000354196	0.0817882
0.00035808	0.0725166
0.000376721	0.0732861
0.000392431	0.0740555
0.000397134	0.0810121
0.000400714	0.0833441
0.000411739	0.0748261
0.000429507	0.0617906
0.000433559	0.0755966
0.000461711	0.0763685
0.000478251	0.0802358
0.000488416	0.0771402
0.000509518	0.0872513
0.000517615	0.084124
0.000517957	0.0779134
0.000518908	0.0610267
0.000534877	0.0794612
0.000537773	0.143288
0.000538563	0.0786865
0.000541927	0.0888214
0.000599957	0.0896076
0.000612199	0.0602626
0.000699402	0.0911848
0.000703763	0.142342
0.000710722	0.059499
0.000722751	0.0849037
0.000760614	0.144233
0.000807982	0.0587353
0.000826482	0.148613
0.000842223	0.149165
0.000885165	0.149796
0.000911751	0.057972
0.000926133	0.149586
0.000962893	0.148061
0.000989917	0.0856856
0.000997835	0.145186
0.00100566	0.149901
0.00100859	0.0864673
0.00101522	0.0572085
0.00106344	0.1471
0.00112227	0.146139
0.00112228	0.0564453
0.00123119	0.055682
0.00123878	0.103199
0.00129166	0.104012
0.0012917	0.138607
0.00130261	0.109768
0.00133927	0.141405
0.00134453	0.0549189
0.00146085	0.0541558
0.00148454	0.149954
0.00155087	0.114787
0.00156524	0.137684
0.00157886	0.0533928
0.00161298	0.139537
0.00165476	0.0943548
0.00165873	0.115631
0.0016841	0.110598
0.00170229	0.0526297
0.00171036	0.118182
0.00177005	0.140467
0.0018165	0.117328
0.0018241	0.0518668
0.00185521	0.116479
0.0018719	0.091976
0.00191188	0.108939
0.00191222	0.119035
0.00194759	0.102385
0.00195069	0.0511038
0.00200616	0.113944
0.00207637	0.0503408
0.00208717	0.104829
0.00211016	0.0975476
0.00211016	0.0975476
0.00217309	0.14998
0.00220423	0.0495779
0.00228758	0.136761
0.00231647	0.108114
0.00232287	0.119894
0.00233572	0.0488149
0.00233572	0.0488149
0.0024657	0.0480519
0.0025745	0.0951516
0.00257577	0.107288
0.00259337	0.093561
0.00260569	0.047289
0.00273964	0.046526
0.00275358	0.120753
0.0028296	0.149993
0.00288996	0.045763
0.00291908	0.105646
0.00292871	0.135846
0.00294765	0.106467
0.00295763	0.0927671
0.00298678	0.113105
0.00301936	0.111432
0.0030229	0.045
0.00306738	0.0983506
0.0031357	0.0443673
0.00323941	0.132211
0.0032507	0.096748
0.0032568	0.0437347
0.00326623	0.15
0.00327674	8.50808e-06
0.00328212	0.121618
0.0033379	0.131309
0.0033379	0.131309
0.00337038	0.0431014
0.00346499	0.133113
0.00348207	0.101576
0.00349113	0.0424681
0.00354537	0.13493
0.00360068	0.112266
0.00360934	0.0418335
0.00373259	0.041199
0.00376554	0.134021
0.00385507	0.0405625
0.00396734	0.130414
0.00397277	0.0959482
0.00398184	0.0399261
0.00411006	0.0392872
0.00411302	0.122483
0.00423886	0.0386484
0.00423886	0.0386484
0.00436994	0.0380065
0.00450594	0.0373646
0.00464817	0.0367191
0.0047734	0.0991534
0.00478956	0.0360737
0.00485542	0.129518
0.00493697	0.035424
0.00498901	0.100766
0.00508579	0.0347745
0.00514959	0.123353
0.00524013	0.0341202
0.00539743	0.0334661
0.00549881	0.0999597
0.00554804	0.12863
0.00555881	0.0328067
0.00572493	0.0321476
0.00589344	0.0314826
0.00602517	0.124224
0.00606799	0.127741
0.00606893	0.030818
0.00606893	0.030818
0.00624624	0.0301471
0.00642313	0.126859
0.00642922	0.0294766
0.00651572	0.1251
0.0066033	0.125976
0.0066153	0.0287994
0.00675956	3.39528e-05
0.00680632	0.0281226
0.00700489	0.0274389
0.0072062	0.0267556
0.00741876	0.026065
0.00763612	0.025375
0.00786597	0.0246774
0.00810691	0.0239806
0.00836325	0.0232761
0.00862045	0.0225725
0.00887896	7.6057e-05
0.00888356	0.0218613
0.0091841	0.021151
0.00950573	0.0204333
0.00983383	0.0197169
0.0101781	0.0189934
0.0105358	0.0182716
0.010914	0.0175432
0.0111573	0.000134486
0.0112975	0.0168169
0.0116954	0.0160848
0.0121027	0.0153552
0.0125308	0.0146208
0.0129644	0.0138895
0.0130815	0.000208618
0.0134151	0.0131548
0.013903	0.0124237
0.0144396	0.011691
0.0150414	0.0109629
0.015113	0.000298023
0.0157142	0.010236
0.0164519	0.00951516
0.0168448	0.000401793
0.0168448	0.000401793
0.0172182	0.00879905
0.0180263	0.00809123
0.0185206	0.00051954
0.0188355	0.00739213
0.0195762	0.00670364
0.0199623	0.000650161
0.0202578	0.00602788
0.0209678	0.00536561
0.0212434	0.000793382
0.0217766	0.004721
0.0222693	0.000948021
0.0225731	0.00409447
0.0230486	0.00111391
0.0231148	0.00349305
0.0232561	0.0023775
0.0236262	0.00128994
0.0236463	0.001875
0.0236653	0.00291779
0.0240915	0.00147596
0.0244218	0.00167106
)
