(title "Skin Friction Coefficient")
(labels "Skin Friction Coefficient" "Position")

((xy/key/label "middleplane_suctionside")
4.99571e-05	0.0656143
6.26995e-05	0.0648488
8.14931e-05	0.0663795
0.000118694	0.0640841
0.000138935	0.0671456
0.000188314	0.0633192
0.000198272	0.0679114
0.000212199	0.0856856
0.000226791	0
0.000250623	0.0686782
0.000255642	0.0880352
0.000260501	0.062555
0.000294252	0.0694448
0.000314619	0.0794612
0.000323736	0.0802358
0.000323801	0.0702124
0.000336428	0.0864673
0.000344361	0.0709798
0.000344909	0.0617906
0.00035048	0.0717483
0.000351721	0.0872513
0.000360013	0.0725166
0.000379824	0.0786865
0.000380683	0.0732861
0.000387734	0.0810121
0.000419318	0.0740555
0.000434896	0.0610267
0.000466164	0.0748261
0.000490335	0.0779134
0.000505266	0.0817882
0.000509129	0.0755966
0.000528708	0.0849037
0.000530207	0.0602626
0.000539818	0.0763685
0.000542953	0.0771402
0.000629912	0.059499
0.000661376	0.0825663
0.000662252	0.0888214
0.000727824	0.0587353
0.000831703	0.057972
0.000864593	0.0833441
0.000927422	0.084124
0.000935354	0.0572085
0.000960562	0.137684
0.000970221	0.136761
0.00101973	0.134021
0.0010319	0.138607
0.00104322	0.0564453
0.00105661	0.135846
0.00106638	0.141405
0.00110165	0.13493
0.00111825	0.140467
0.00113079	0.139537
0.00115398	0.055682
0.00122483	0.12863
0.00122516	0.127741
0.0012669	0.142342
0.00127034	0.0549189
0.00130789	0.133113
0.00135064	0.148613
0.00138892	0.0541558
0.00139843	0.121618
0.00143791	0.108114
0.00143853	0.149165
0.00144394	0.091976
0.00148856	0.108939
0.00150162	0.122483
0.00151118	0.0533928
0.00151881	0.0896076
0.00156382	0.148061
0.00157021	0.143288
0.00160737	0.149901
0.00163638	0.0526297
0.00163759	0.109768
0.00164486	0.149954
0.00164833	0.149586
0.00168451	0.149796
0.00172357	0.107288
0.0017291	0.126859
0.00176063	0.0518668
0.0018042	0.144233
0.00184314	0.14998
0.00185868	0.129518
0.00188499	0.0943548
0.00188926	0.0511038
0.0019208	0.123353
0.00197364	0.1471
0.00201605	0.0503408
0.0020293	0.145186
0.00207977	0.132211
0.00209521	0.125976
0.00210298	0.0951516
0.00211494	0.149993
0.00212735	0.0911848
0.00214716	0.0495779
0.00215192	0.146139
0.00215483	0.124224
0.00216785	0.117328
0.00220831	0.0975476
0.00220831	0.0975476
0.00222106	0.1251
0.00228009	0.0488149
0.00228009	0.0488149
0.00231573	0.120753
0.00241424	0.0480519
0.00241752	0.15
0.00242956	0.130414
0.00244813	0.0903962
0.00249707	0.0927671
0.00255388	0.131309
0.00255388	0.131309
0.00255661	0.047289
0.00268346	0.096748
0.00269354	0.046526
0.00273661	0.110598
0.00277418	0.116479
0.00284636	0.045763
0.00297905	0.045
0.00301511	0.106467
0.00302839	0.093561
0.00303932	0.118182
0.00309453	0.0443673
0.003217	0.0437347
0.00325134	8.50808e-06
0.00325216	0.0983506
0.00326292	0.0959482
0.00332464	0.102385
0.00333256	0.0431014
0.00335999	0.113944
0.00345454	0.0424681
0.00346323	0.114787
0.00357441	0.0418335
0.00360837	0.119894
0.00366223	0.115631
0.00369902	0.041199
0.00382261	0.0405625
0.00391107	0.101576
0.00394533	0.119035
0.00395107	0.0399261
0.00397453	0.103199
0.00407988	0.0392872
0.00414217	0.113105
0.00415645	0.105646
0.00421056	0.0386484
0.00421056	0.0386484
0.00423898	0.111432
0.00434207	0.0380065
0.0044054	0.104829
0.00445486	0.104012
0.00447968	0.0373646
0.00462256	0.0367191
0.00466242	0.0991534
0.00476501	0.0360737
0.00479224	0.112266
0.0049135	0.035424
0.00506261	0.0347745
0.00521832	0.0341202
0.00537573	0.0334661
0.00553833	0.0328067
0.00570469	0.0321476
0.00587419	0.0314826
0.00605033	0.030818
0.00605033	0.030818
0.00606095	0.100766
0.00622787	0.0301471
0.00641208	0.0294766
0.00642068	0.0999597
0.00659778	0.0287994
0.00667043	3.39528e-05
0.00679006	0.0281226
0.00698863	0.0274389
0.00719033	0.0267556
0.00740359	0.026065
0.00762061	0.025375
0.00785128	0.0246774
0.00809295	0.0239806
0.00834941	0.0232761
0.00860607	0.0225725
0.0087254	7.6057e-05
0.00886901	0.0218613
0.00917083	0.021151
0.00949208	0.0204333
0.00982024	0.0197169
0.0101648	0.0189934
0.0105216	0.0182716
0.0109008	0.0175432
0.0109824	0.000134486
0.0112825	0.0168169
0.0116812	0.0160848
0.012088	0.0153552
0.012515	0.0146208
0.0129127	0.000208618
0.0129496	0.0138895
0.0133981	0.0131548
0.0138868	0.0124237
0.0144221	0.011691
0.0149498	0.000298023
0.0150215	0.0109629
0.0156943	0.010236
0.0164281	0.00951516
0.0166883	0.000401793
0.0166883	0.000401793
0.0171942	0.00879905
0.0179994	0.00809123
0.018379	0.00051954
0.0188039	0.00739213
0.0195439	0.00670364
0.019826	0.000650161
0.0202209	0.00602788
0.0209266	0.00536561
0.0211135	0.000793382
0.0217323	0.004721
0.022149	0.000948021
0.0225233	0.00409447
0.0229377	0.00111391
0.0230563	0.00349305
0.0231852	0.0023775
0.0235216	0.00128994
0.0235628	0.001875
0.0235981	0.00291779
0.0239932	0.00147596
0.0243285	0.00167106
)
