(title "Pressure Coefficient")
(labels "Pressure Coefficient" "Position")

((xy/key/label "middleplane_suctionside")
-0.725298	0.0218613
-0.725287	0.0225725
-0.724984	0.0232761
-0.724861	0.021151
-0.724178	0.0239806
-0.723808	0.0204333
-0.723116	0.0246774
-0.722067	0.0197169
-0.721663	0.025375
-0.719997	0.026065
-0.719471	0.0189934
-0.718087	0.0267556
-0.716109	0.0182716
-0.715899	0.0274389
-0.71359	0.0281226
-0.711673	0.0175432
-0.710972	0.0287994
-0.708263	0.0294766
-0.706185	0.0168169
-0.705299	0.0301471
-0.702193	0.030818
-0.702193	0.030818
-0.699537	0.0160848
-0.698938	0.0314826
-0.695476	0.0321476
-0.691961	0.0328067
-0.691644	0.0153552
-0.688214	0.0334661
-0.68445	0.0341202
-0.682448	0.0146208
-0.680493	0.0347745
-0.676495	0.035424
-0.672381	0.0360737
-0.671761	0.0138895
-0.668177	0.0367191
-0.663926	0.0373646
-0.659739	0.0131548
-0.659544	0.0380065
-0.655178	0.0386484
-0.655178	0.0386484
-0.650697	0.0392872
-0.646325	0.0124237
-0.646219	0.0399261
-0.641637	0.0405625
-0.637035	0.041199
-0.63238	0.0418335
-0.631183	0.011691
-0.627665	0.0424681
-0.622943	0.0431014
-0.618133	0.0437347
-0.613971	0.0109629
-0.613349	0.0443673
-0.608408	0.045
-0.60276	0.045763
-0.596799	0.046526
-0.59404	0.010236
-0.590838	0.047289
-0.584773	0.0480519
-0.57867	0.0488149
-0.57867	0.0488149
-0.572587	0.0495779
-0.570756	0.00951516
-0.566434	0.0503408
-0.560342	0.0511038
-0.554186	0.0518668
-0.548062	0.0526297
-0.543085	0.00879905
-0.541923	0.0533928
-0.53578	0.0541558
-0.529703	0.0549189
-0.523636	0.055682
-0.517688	0.0564453
-0.511784	0.0572085
-0.510244	0.00809123
-0.506015	0.057972
-0.500273	0.0587353
-0.494655	0.059499
-0.489071	0.0602626
-0.483568	0.0610267
-0.47823	0.0617906
-0.47301	0.062555
-0.471519	0.00739213
-0.468041	0.0633192
-0.463181	0.0640841
-0.458577	0.0648488
-0.45404	0.0656143
-0.449654	0.0663795
-0.445318	0.0671456
-0.441092	0.0679114
-0.439452	0.0927671
-0.437097	0.0686782
-0.435316	0.091976
-0.433358	0.0694448
-0.430006	0.0702124
-0.426881	0.0709798
-0.426618	0.00670364
-0.42401	0.0717483
-0.421081	0.0725166
-0.418054	0.0732861
-0.414876	0.0740555
-0.411788	0.0748261
-0.409054	0.0755966
-0.406865	0.0763685
-0.405494	0.093561
-0.405462	0.0771402
-0.405389	0.0983506
-0.40463	0.0779134
-0.403741	0.0786865
-0.402262	0.0856856
-0.401743	0.0911848
-0.401739	0.0794612
-0.401291	0.0975476
-0.401291	0.0975476
-0.39924	0.0849037
-0.398672	0.0802358
-0.397292	0.0864673
-0.394967	0.0810121
-0.392728	0.084124
-0.391355	0.0817882
-0.389034	0.0833441
-0.389016	0.0825663
-0.387845	0.0991534
-0.386754	0.0872513
-0.375722	0.00602788
-0.374256	0.0880352
-0.373256	0.096748
-0.372792	0.0903962
-0.363803	0.0888214
-0.361426	0.0896076
-0.360639	0.0999597
-0.359439	0.0943548
-0.341251	0.0959482
-0.337863	0.100766
-0.332844	0.0951516
-0.328429	0.101576
-0.327949	0.102385
-0.319203	0.00536561
-0.317223	0.103199
-0.287118	0.104012
-0.255851	0.004721
-0.253582	0.104829
-0.234195	0.105646
-0.228781	0.106467
-0.224469	0.107288
-0.2149	0.108114
-0.203777	0.108939
-0.190614	0.109768
-0.182875	0.00409447
-0.168927	0.110598
-0.139666	0.111432
-0.123908	0.115631
-0.118462	0.114787
-0.118401	0.116479
-0.112417	0.112266
-0.107005	0.117328
-0.105438	0.113944
-0.100171	0.00349305
-0.0995053	0.113105
-0.0940128	0.118182
-0.0812944	0.119035
-0.0671312	0.119894
-0.0456897	0.120753
-0.0184388	0.121618
-0.00743891	0.00291779
0.00631494	0.122483
0.0228968	0.123353
0.0237321	0.125976
0.0242709	0.1251
0.0274953	0.124224
0.0302994	0.126859
0.0364132	0.127741
0.0372651	0.12863
0.0378806	0.129518
0.0404225	0.130414
0.0464394	0.131309
0.0464394	0.131309
0.0561674	0.132211
0.0659038	0.133113
0.0714442	0.134021
0.0735452	0.13493
0.0786143	0.135846
0.0869567	0.136761
0.0949318	0.137684
0.102505	0.138607
0.102636	0.144233
0.105753	0.0023775
0.106692	0.145186
0.107294	0.143288
0.110228	0.139537
0.113507	0.142342
0.115677	0.140467
0.116849	0.141405
0.125115	0.146139
0.157818	0.1471
0.192969	0.148061
0.213892	0.148613
0.217533	0.001875
0.220943	0.15
0.222122	0.149993
0.22341	0.14998
0.224926	0.149954
0.225825	0.149165
0.226602	0.149901
0.228447	0.149796
0.22941	0.149586
0.289714	0.00167106
0.354587	0.00147596
0.417368	0.00128994
0.481062	0.00111391
0.545247	0.000948021
0.60909	0.000793382
0.670962	0.000650161
0.731076	0.00051954
0.787465	0.000401793
0.787465	0.000401793
0.840583	0.000298023
0.887291	0.000208618
0.9285	0.000134486
0.963361	7.6057e-05
0.99034	3.39528e-05
1.0107	8.50808e-06
1.01643	0
)
