(title "Pressure Coefficient")
(labels "Pressure Coefficient" "Position")

((xy/key/label "middleplane_suctionside")
-0.726811	0.0225725
-0.726781	0.0218613
-0.726482	0.0232761
-0.726398	0.021151
-0.725722	0.0239806
-0.725354	0.0204333
-0.724578	0.0246774
-0.723548	0.0197169
-0.723176	0.025375
-0.721493	0.026065
-0.721061	0.0189934
-0.719552	0.0267556
-0.717616	0.0182716
-0.717416	0.0274389
-0.715026	0.0281226
-0.713256	0.0175432
-0.712476	0.0287994
-0.709704	0.0294766
-0.707741	0.0168169
-0.706766	0.0301471
-0.703661	0.030818
-0.703661	0.030818
-0.701064	0.0160848
-0.700361	0.0314826
-0.69695	0.0321476
-0.693356	0.0328067
-0.693245	0.0153552
-0.68967	0.0334661
-0.685843	0.0341202
-0.683967	0.0146208
-0.681914	0.0347745
-0.677893	0.035424
-0.673758	0.0360737
-0.67335	0.0138895
-0.66957	0.0367191
-0.665266	0.0373646
-0.661289	0.0131548
-0.660921	0.0380065
-0.656494	0.0386484
-0.656494	0.0386484
-0.652048	0.0392872
-0.647883	0.0124237
-0.647523	0.0399261
-0.642951	0.0405625
-0.638328	0.041199
-0.633654	0.0418335
-0.632785	0.011691
-0.628937	0.0424681
-0.62418	0.0431014
-0.619371	0.0437347
-0.615537	0.0109629
-0.614543	0.0443673
-0.609605	0.045
-0.603889	0.045763
-0.59794	0.046526
-0.595645	0.010236
-0.591956	0.047289
-0.585891	0.0480519
-0.579787	0.0488149
-0.579787	0.0488149
-0.573674	0.0495779
-0.572345	0.00951516
-0.567506	0.0503408
-0.561354	0.0511038
-0.555154	0.0518668
-0.548981	0.0526297
-0.544677	0.00879905
-0.542814	0.0533928
-0.536679	0.0541558
-0.530617	0.0549189
-0.524576	0.055682
-0.518627	0.0564453
-0.51269	0.0572085
-0.511859	0.00809123
-0.506874	0.057972
-0.501072	0.0587353
-0.495442	0.059499
-0.489861	0.0602626
-0.484494	0.0610267
-0.479287	0.0617906
-0.474158	0.062555
-0.473117	0.00739213
-0.469195	0.0633192
-0.464267	0.0640841
-0.459567	0.0648488
-0.458399	0.0943548
-0.45492	0.0656143
-0.450561	0.0663795
-0.446356	0.0671456
-0.442496	0.0679114
-0.43891	0.0686782
-0.435468	0.0694448
-0.435173	0.0951516
-0.433857	0.100766
-0.432128	0.0702124
-0.430791	0.093561
-0.428704	0.0709798
-0.428215	0.00670364
-0.425379	0.0717483
-0.424418	0.0999597
-0.422072	0.0725166
-0.419177	0.0732861
-0.416661	0.0740555
-0.414604	0.0748261
-0.412782	0.0755966
-0.412679	0.101576
-0.410897	0.0763685
-0.40867	0.0771402
-0.408419	0.0888214
-0.40608	0.0880352
-0.40581	0.0779134
-0.403061	0.0786865
-0.400805	0.0794612
-0.400142	0.0825663
-0.400028	0.0817882
-0.399602	0.0802358
-0.399551	0.0810121
-0.398699	0.0872513
-0.397918	0.0833441
-0.396744	0.0896076
-0.392239	0.084124
-0.391724	0.0864673
-0.386999	0.0856856
-0.386978	0.0849037
-0.386698	0.0959482
-0.385546	0.0991534
-0.37732	0.00602788
-0.376922	0.102385
-0.376593	0.0927671
-0.368906	0.0903962
-0.34522	0.0983506
-0.341935	0.096748
-0.341305	0.091976
-0.341282	0.0911848
-0.335393	0.103199
-0.326267	0.0975476
-0.326267	0.0975476
-0.320792	0.00536561
-0.294512	0.104012
-0.266194	0.107288
-0.264367	0.104829
-0.262361	0.108114
-0.25827	0.106467
-0.257432	0.004721
-0.253443	0.105646
-0.238667	0.108939
-0.197453	0.109768
-0.184446	0.00409447
-0.150252	0.110598
-0.108361	0.111432
-0.101725	0.00349305
-0.0895607	0.116479
-0.0895539	0.117328
-0.0829761	0.115631
-0.0811057	0.118182
-0.079455	0.112266
-0.0734969	0.114787
-0.0662193	0.113105
-0.0660391	0.113944
-0.06575	0.119035
-0.047644	0.119894
-0.0361357	0.12863
-0.0317266	0.129518
-0.030945	0.120753
-0.0245657	0.127741
-0.0177444	0.121618
-0.0130615	0.130414
-0.00895279	0.00291779
-0.00675026	0.122483
-0.00344449	0.126859
0.00288945	0.123353
0.0109078	0.124224
0.0122781	0.131309
0.0122781	0.131309
0.0137437	0.125976
0.0169225	0.1251
0.0355728	0.132211
0.0516956	0.133113
0.0619787	0.134021
0.0697257	0.13493
0.0794513	0.135846
0.0943424	0.136761
0.101185	0.143288
0.103274	0.142342
0.104292	0.0023775
0.107552	0.144233
0.114088	0.141405
0.115345	0.137684
0.115934	0.145186
0.116736	0.148061
0.118666	0.1471
0.120989	0.146139
0.121108	0.148613
0.124051	0.140467
0.131376	0.149165
0.13155	0.138607
0.13198	0.139537
0.140965	0.149586
0.146222	0.149796
0.148564	0.149901
0.14948	0.149954
0.149942	0.14998
0.150197	0.149993
0.150725	0.15
0.216137	0.001875
0.288372	0.00167106
0.353292	0.00147596
0.416125	0.00128994
0.479873	0.00111391
0.54413	0.000948021
0.608053	0.000793382
0.669998	0.000650161
0.730199	0.00051954
0.7867	0.000401793
0.7867	0.000401793
0.839935	0.000298023
0.886781	0.000208618
0.92815	0.000134486
0.963184	7.6057e-05
0.990312	3.39528e-05
1.01076	8.50808e-06
1.01648	0
)
