(title "Pressure Coefficient")
(labels "Pressure Coefficient" "Position")

((xy/key/label "middleplane_suctionside")
-0.729498	0.0225725
-0.729434	0.0218613
-0.729165	0.0232761
-0.729067	0.021151
-0.728456	0.0239806
-0.727933	0.0204333
-0.727352	0.0246774
-0.726169	0.0197169
-0.725932	0.025375
-0.724329	0.026065
-0.723631	0.0189934
-0.722367	0.0267556
-0.720304	0.0274389
-0.720165	0.0182716
-0.717917	0.0281226
-0.7158	0.0175432
-0.715405	0.0287994
-0.712684	0.0294766
-0.710239	0.0168169
-0.709748	0.0301471
-0.706715	0.030818
-0.706715	0.030818
-0.703595	0.0160848
-0.70341	0.0314826
-0.700075	0.0321476
-0.6965	0.0328067
-0.695712	0.0153552
-0.692864	0.0334661
-0.689082	0.0341202
-0.686452	0.0146208
-0.685178	0.0347745
-0.681226	0.035424
-0.677108	0.0360737
-0.67581	0.0138895
-0.673	0.0367191
-0.66872	0.0373646
-0.664444	0.0380065
-0.663736	0.0131548
-0.660061	0.0386484
-0.660061	0.0386484
-0.655666	0.0392872
-0.651206	0.0399261
-0.650339	0.0124237
-0.646672	0.0405625
-0.642129	0.041199
-0.63749	0.0418335
-0.635201	0.011691
-0.632858	0.0424681
-0.628142	0.0431014
-0.62342	0.0437347
-0.618647	0.0443673
-0.617959	0.0109629
-0.613796	0.045
-0.608154	0.045763
-0.602243	0.046526
-0.598053	0.010236
-0.59639	0.047289
-0.590372	0.0480519
-0.584415	0.0488149
-0.584415	0.0488149
-0.578358	0.0495779
-0.57474	0.00951516
-0.572295	0.0503408
-0.566205	0.0511038
-0.560067	0.0518668
-0.553976	0.0526297
-0.547859	0.0533928
-0.547074	0.00879905
-0.541833	0.0541558
-0.535821	0.0549189
-0.529882	0.055682
-0.523976	0.0564453
-0.518096	0.0572085
-0.51424	0.00809123
-0.512272	0.057972
-0.506477	0.0587353
-0.500796	0.059499
-0.49522	0.0602626
-0.489799	0.0610267
-0.484541	0.0617906
-0.47941	0.062555
-0.475478	0.00739213
-0.474411	0.0633192
-0.470402	0.0975476
-0.470402	0.0975476
-0.469468	0.0640841
-0.464611	0.0648488
-0.459849	0.0656143
-0.455248	0.0663795
-0.4509	0.0671456
-0.446815	0.0679114
-0.443027	0.0686782
-0.440508	0.096748
-0.439571	0.0983506
-0.439441	0.0694448
-0.436769	0.0911848
-0.435978	0.0702124
-0.434718	0.091976
-0.432523	0.0709798
-0.43057	0.00670364
-0.429002	0.0717483
-0.425485	0.0725166
-0.422079	0.0732861
-0.419093	0.0740555
-0.418094	0.0903962
-0.416677	0.0748261
-0.414821	0.0755966
-0.413315	0.0763685
-0.411755	0.0771402
-0.409683	0.0779134
-0.406684	0.0786865
-0.404787	0.084124
-0.404359	0.0849037
-0.402892	0.0794612
-0.401966	0.0833441
-0.3992	0.0802358
-0.399169	0.0927671
-0.398953	0.0825663
-0.397234	0.0856856
-0.397083	0.0817882
-0.397035	0.0810121
-0.395752	0.0896076
-0.384043	0.0864673
-0.379657	0.00602788
-0.378363	0.0888214
-0.375061	0.0991534
-0.372745	0.0959482
-0.372051	0.0872513
-0.369527	0.0880352
-0.342559	0.093561
-0.324843	0.104829
-0.323102	0.00536561
-0.320439	0.105646
-0.318228	0.0951516
-0.305783	0.0943548
-0.30414	0.0999597
-0.298205	0.104012
-0.277043	0.106467
-0.261974	0.103199
-0.259722	0.004721
-0.24733	0.100766
-0.231302	0.102385
-0.221663	0.101576
-0.210248	0.107288
-0.186708	0.00409447
-0.185671	0.114787
-0.182095	0.113944
-0.172524	0.113105
-0.17189	0.115631
-0.160707	0.112266
-0.145233	0.108114
-0.136735	0.111432
-0.136468	0.116479
-0.103956	0.00349305
-0.103901	0.110598
-0.0995509	0.108939
-0.0904076	0.117328
-0.085392	0.109768
-0.08515	0.124224
-0.0812536	0.123353
-0.0687985	0.1251
-0.0585853	0.122483
-0.0477821	0.118182
-0.044801	0.125976
-0.033799	0.121618
-0.0243664	0.126859
-0.0236446	0.129518
-0.0227836	0.130414
-0.0183493	0.12863
-0.0182238	0.119035
-0.0160853	0.120753
-0.0154926	0.127741
-0.0137352	0.131309
-0.0137352	0.131309
-0.0111268	0.00291779
-0.0084985	0.119894
0.000980715	0.132211
0.0170053	0.133113
0.0303371	0.134021
0.0408931	0.13493
0.050511	0.135846
0.0600308	0.136761
0.0705771	0.137684
0.0829445	0.138607
0.0971637	0.139537
0.102196	0.0023775
0.115467	0.140467
0.136034	0.141405
0.150525	0.146139
0.151361	0.142342
0.153618	0.145186
0.155977	0.1471
0.16057	0.144233
0.160754	0.143288
0.168633	0.148061
0.180688	0.148613
0.193794	0.149165
0.204491	0.149586
0.2105	0.149796
0.213528	0.149901
0.214139	0.001875
0.215025	0.149954
0.215846	0.14998
0.216301	0.149993
0.216818	0.15
0.286449	0.00167106
0.351434	0.00147596
0.414339	0.00128994
0.478161	0.00111391
0.542513	0.000948021
0.606543	0.000793382
0.668585	0.000650161
0.728897	0.00051954
0.785533	0.000401793
0.785533	0.000401793
0.838905	0.000298023
0.885904	0.000208618
0.927448	0.000134486
0.962671	7.6057e-05
0.989954	3.39528e-05
1.01047	8.50808e-06
1.01625	0
)
