(title "Pressure Coefficient")
(labels "Pressure Coefficient" "Position")

((xy/key/label "middleplane_suctionside")
-0.726787	0.0218613
-0.726734	0.0225725
-0.726447	0.021151
-0.726333	0.0232761
-0.725477	0.0239806
-0.725429	0.0204333
-0.724358	0.0246774
-0.723789	0.0197169
-0.722815	0.025375
-0.72126	0.0189934
-0.721128	0.026065
-0.71911	0.0267556
-0.717956	0.0182716
-0.716902	0.0274389
-0.714501	0.0281226
-0.713621	0.0175432
-0.71183	0.0287994
-0.709072	0.0294766
-0.708183	0.0168169
-0.706022	0.0301471
-0.702899	0.030818
-0.702899	0.030818
-0.701639	0.0160848
-0.699539	0.0314826
-0.696057	0.0321476
-0.693816	0.0153552
-0.692452	0.0328067
-0.688662	0.0334661
-0.684837	0.0341202
-0.684704	0.0146208
-0.680808	0.0347745
-0.676774	0.035424
-0.674112	0.0138895
-0.67257	0.0360737
-0.668338	0.0367191
-0.663996	0.0373646
-0.662171	0.0131548
-0.659576	0.0380065
-0.655132	0.0386484
-0.655132	0.0386484
-0.650596	0.0392872
-0.64886	0.0124237
-0.646054	0.0399261
-0.6414	0.0405625
-0.636747	0.041199
-0.633805	0.011691
-0.632007	0.0418335
-0.627245	0.0424681
-0.622437	0.0431014
-0.617572	0.0437347
-0.616692	0.0109629
-0.612705	0.0443673
-0.607702	0.045
-0.601952	0.045763
-0.596865	0.010236
-0.595879	0.046526
-0.58984	0.047289
-0.583665	0.0480519
-0.577497	0.0488149
-0.577497	0.0488149
-0.573682	0.00951516
-0.571315	0.0495779
-0.565077	0.0503408
-0.558882	0.0511038
-0.552597	0.0518668
-0.546358	0.0526297
-0.54612	0.00879905
-0.54007	0.0533928
-0.533825	0.0541558
-0.527627	0.0549189
-0.521479	0.055682
-0.515436	0.0564453
-0.513377	0.00809123
-0.509439	0.0572085
-0.503566	0.057972
-0.497678	0.0587353
-0.491916	0.059499
-0.486158	0.0602626
-0.480581	0.0610267
-0.475122	0.0617906
-0.47475	0.00739213
-0.469831	0.062555
-0.46479	0.0633192
-0.45988	0.0640841
-0.457628	0.0927671
-0.455207	0.0648488
-0.450543	0.0656143
-0.446037	0.0663795
-0.445674	0.093561
-0.441541	0.0671456
-0.437268	0.0679114
-0.433219	0.0686782
-0.432312	0.0991534
-0.429954	0.00670364
-0.429498	0.0694448
-0.428883	0.0983506
-0.426108	0.0702124
-0.422974	0.0709798
-0.420132	0.091976
-0.420079	0.0717483
-0.417088	0.0725166
-0.414	0.0732861
-0.410709	0.0740555
-0.407546	0.0748261
-0.40467	0.0755966
-0.402397	0.0763685
-0.400926	0.0771402
-0.400303	0.0779134
-0.399856	0.0786865
-0.398989	0.0864673
-0.398557	0.0794612
-0.398013	0.0943548
-0.396619	0.0856856
-0.396139	0.0802358
-0.394964	0.0872513
-0.392513	0.0810121
-0.389569	0.0849037
-0.388274	0.0817882
-0.38542	0.0999597
-0.384323	0.0880352
-0.383929	0.0825663
-0.382849	0.084124
-0.381094	0.0833441
-0.379148	0.00602788
-0.377874	0.0975476
-0.377874	0.0975476
-0.369491	0.0911848
-0.367196	0.0888214
-0.348868	0.0896076
-0.345016	0.0951516
-0.344854	0.0903962
-0.330991	0.100766
-0.330961	0.096748
-0.322713	0.00536561
-0.317859	0.0959482
-0.291885	0.101576
-0.280438	0.108114
-0.275877	0.107288
-0.267089	0.104829
-0.266821	0.102385
-0.266293	0.108939
-0.264055	0.104012
-0.261785	0.106467
-0.259449	0.004721
-0.258783	0.105646
-0.256662	0.103199
-0.239946	0.109768
-0.206124	0.110598
-0.186557	0.00409447
-0.168646	0.111432
-0.140863	0.112266
-0.138737	0.114787
-0.135969	0.113944
-0.134649	0.115631
-0.13231	0.113105
-0.121394	0.116479
-0.103923	0.00349305
-0.0986014	0.117328
-0.0724384	0.118182
-0.0491256	0.126859
-0.0484517	0.119035
-0.0483369	0.127741
-0.0437881	0.125976
-0.0380618	0.1251
-0.0350414	0.12863
-0.0318809	0.124224
-0.0297868	0.119894
-0.0268033	0.123353
-0.0230805	0.122483
-0.0202284	0.120753
-0.0196026	0.121618
-0.0111887	0.00291779
-0.00833404	0.129518
0.024793	0.135846
0.0269602	0.136761
0.0274273	0.130414
0.0305307	0.13493
0.0382225	0.137684
0.0413128	0.134021
0.053487	0.133113
0.0549292	0.131309
0.0549292	0.131309
0.0583437	0.138607
0.0614228	0.132211
0.0836188	0.139537
0.102033	0.0023775
0.110724	0.140467
0.137646	0.141405
0.157399	0.142342
0.169892	0.143288
0.179482	0.144233
0.183722	0.1471
0.184047	0.148061
0.184553	0.145186
0.185014	0.146139
0.185694	0.148613
0.188823	0.149165
0.193342	0.149586
0.196929	0.149796
0.199124	0.149901
0.20027	0.149954
0.200866	0.14998
0.201209	0.149993
0.20167	0.15
0.21391	0.001875
0.286194	0.00167106
0.351152	0.00147596
0.414041	0.00128994
0.477847	0.00111391
0.542202	0.000948021
0.606247	0.000793382
0.668293	0.000650161
0.728626	0.00051954
0.785316	0.000401793
0.785316	0.000401793
0.838751	0.000298023
0.885848	0.000208618
0.927522	0.000134486
0.9629	7.6057e-05
0.990294	3.39528e-05
1.0108	8.50808e-06
1.01644	0
)
