(title "Pressure Coefficient")
(labels "Pressure Coefficient" "Position")

((xy/key/label "middleplane_suctionside")
-0.726077	0.0225725
-0.726065	0.0218613
-0.725785	0.0232761
-0.725614	0.021151
-0.725003	0.0239806
-0.724534	0.0204333
-0.723951	0.0246774
-0.722778	0.0197169
-0.722519	0.025375
-0.720867	0.026065
-0.72017	0.0189934
-0.718971	0.0267556
-0.716799	0.0274389
-0.716775	0.0182716
-0.714498	0.0281226
-0.712332	0.0175432
-0.711897	0.0287994
-0.709194	0.0294766
-0.706811	0.0168169
-0.706251	0.0301471
-0.70315	0.030818
-0.70315	0.030818
-0.700143	0.0160848
-0.699912	0.0314826
-0.696457	0.0321476
-0.692951	0.0328067
-0.692232	0.0153552
-0.689219	0.0334661
-0.685456	0.0341202
-0.682999	0.0146208
-0.681516	0.0347745
-0.677517	0.035424
-0.673418	0.0360737
-0.6723	0.0138895
-0.669216	0.0367191
-0.664976	0.0373646
-0.660599	0.0380065
-0.660244	0.0131548
-0.656235	0.0386484
-0.656235	0.0386484
-0.651765	0.0392872
-0.647282	0.0399261
-0.646804	0.0124237
-0.642713	0.0405625
-0.638104	0.041199
-0.633459	0.0418335
-0.631645	0.011691
-0.62874	0.0424681
-0.624021	0.0431014
-0.619212	0.0437347
-0.614421	0.0443673
-0.614392	0.0109629
-0.609484	0.045
-0.603817	0.045763
-0.597881	0.046526
-0.594447	0.010236
-0.591903	0.047289
-0.585844	0.0480519
-0.579726	0.0488149
-0.579726	0.0488149
-0.573626	0.0495779
-0.571126	0.00951516
-0.567473	0.0503408
-0.561359	0.0511038
-0.555211	0.0518668
-0.549072	0.0526297
-0.54342	0.00879905
-0.54293	0.0533928
-0.536775	0.0541558
-0.530678	0.0549189
-0.524598	0.055682
-0.518629	0.0564453
-0.512716	0.0572085
-0.510566	0.00809123
-0.506938	0.057972
-0.501193	0.0587353
-0.495571	0.059499
-0.48997	0.0602626
-0.484476	0.0610267
-0.479134	0.0617906
-0.473931	0.062555
-0.472073	0.091976
-0.47179	0.00739213
-0.468955	0.0633192
-0.467267	0.0983506
-0.464111	0.0640841
-0.462193	0.0991534
-0.459516	0.0648488
-0.454983	0.0656143
-0.454206	0.0911848
-0.450616	0.0663795
-0.44627	0.0671456
-0.442125	0.0679114
-0.438198	0.0686782
-0.434594	0.0694448
-0.432499	0.0975476
-0.432499	0.0975476
-0.431302	0.0702124
-0.430647	0.0927671
-0.428201	0.0709798
-0.426859	0.00670364
-0.42639	0.0999597
-0.425242	0.0717483
-0.422127	0.0725166
-0.418962	0.0732861
-0.415804	0.0740555
-0.413046	0.0748261
-0.410815	0.0755966
-0.409346	0.0763685
-0.408928	0.0849037
-0.40855	0.0771402
-0.4078	0.0779134
-0.406859	0.0903962
-0.40591	0.0786865
-0.404245	0.084124
-0.403518	0.0856856
-0.402546	0.0794612
-0.398599	0.0802358
-0.396533	0.0833441
-0.394722	0.0810121
-0.392673	0.0825663
-0.392369	0.0817882
-0.390769	0.0864673
-0.378938	0.096748
-0.375938	0.00602788
-0.375742	0.0872513
-0.374251	0.100766
-0.374185	0.0896076
-0.363623	0.0880352
-0.361796	0.093561
-0.361346	0.0888214
-0.346486	0.105646
-0.336494	0.106467
-0.332369	0.0959482
-0.319377	0.00536561
-0.318082	0.104829
-0.313046	0.101576
-0.312685	0.0943548
-0.305289	0.0951516
-0.296903	0.107288
-0.27275	0.104012
-0.265166	0.102385
-0.255989	0.004721
-0.251377	0.103199
-0.229603	0.108114
-0.182975	0.00409447
-0.147767	0.108939
-0.112665	0.117328
-0.110288	0.118182
-0.108024	0.116479
-0.105384	0.119035
-0.100236	0.00349305
-0.0991239	0.119894
-0.0919484	0.120753
-0.0916461	0.115631
-0.0837304	0.121618
-0.0792319	0.109768
-0.0730285	0.122483
-0.0685047	0.114787
-0.0602887	0.123353
-0.0510739	0.113944
-0.0468215	0.124224
-0.0465376	0.113105
-0.0452181	0.112266
-0.0441957	0.110598
-0.0393369	0.111432
-0.0331724	0.1251
-0.0249283	0.13493
-0.0188565	0.125976
-0.0181981	0.134021
-0.00919755	0.135846
-0.00746885	0.00291779
-0.0018415	0.126859
0.00211595	0.133113
0.017942	0.127741
0.0230934	0.132211
0.0242019	0.136761
0.0371419	0.12863
0.0396673	0.131309
0.0396673	0.131309
0.0487207	0.129518
0.0490224	0.130414
0.0643445	0.137684
0.0996445	0.138607
0.105762	0.0023775
0.123116	0.139537
0.13029	0.143288
0.130335	0.144233
0.133568	0.142342
0.134286	0.140467
0.136231	0.145186
0.136563	0.141405
0.147823	0.146139
0.167887	0.1471
0.19211	0.148061
0.208301	0.148613
0.217573	0.001875
0.221927	0.149165
0.231013	0.149586
0.234629	0.15
0.235081	0.149796
0.235394	0.149993
0.236128	0.14998
0.236488	0.149901
0.236641	0.149954
0.289772	0.00167106
0.354663	0.00147596
0.417459	0.00128994
0.481169	0.00111391
0.545368	0.000948021
0.609225	0.000793382
0.671112	0.000650161
0.731242	0.00051954
0.787642	0.000401793
0.787642	0.000401793
0.840772	0.000298023
0.887488	0.000208618
0.928698	0.000134486
0.963561	7.6057e-05
0.990541	3.39528e-05
1.01092	8.50808e-06
1.01668	0
)
