(title "Pressure Coefficient")
(labels "Pressure Coefficient" "Position")

((xy/key/label "middleplane_suctionside")
-0.728268	0.0218613
-0.728237	0.0225725
-0.72794	0.021151
-0.727831	0.0232761
-0.72701	0.0239806
-0.726886	0.0204333
-0.725888	0.0246774
-0.725241	0.0197169
-0.724355	0.025375
-0.722719	0.0189934
-0.722695	0.026065
-0.720666	0.0267556
-0.719377	0.0182716
-0.718498	0.0274389
-0.716087	0.0281226
-0.715057	0.0175432
-0.713447	0.0287994
-0.710696	0.0294766
-0.709589	0.0168169
-0.707659	0.0301471
-0.70456	0.030818
-0.70456	0.030818
-0.703046	0.0160848
-0.701197	0.0314826
-0.697746	0.0321476
-0.695214	0.0153552
-0.69414	0.0328067
-0.690377	0.0334661
-0.686564	0.0341202
-0.686084	0.0146208
-0.682552	0.0347745
-0.678541	0.035424
-0.675494	0.0138895
-0.674347	0.0360737
-0.670138	0.0367191
-0.665811	0.0373646
-0.663532	0.0131548
-0.661412	0.0380065
-0.656988	0.0386484
-0.656988	0.0386484
-0.652468	0.0392872
-0.650225	0.0124237
-0.647953	0.0399261
-0.643315	0.0405625
-0.638688	0.041199
-0.635152	0.011691
-0.633971	0.0418335
-0.629231	0.0424681
-0.624451	0.0431014
-0.619607	0.0437347
-0.618033	0.0109629
-0.614771	0.0443673
-0.609789	0.045
-0.604085	0.045763
-0.598196	0.010236
-0.598049	0.046526
-0.592035	0.047289
-0.585906	0.0480519
-0.579758	0.0488149
-0.579758	0.0488149
-0.575001	0.00951516
-0.573627	0.0495779
-0.56743	0.0503408
-0.561274	0.0511038
-0.55505	0.0518668
-0.548829	0.0526297
-0.547435	0.00879905
-0.542609	0.0533928
-0.536383	0.0541558
-0.530249	0.0549189
-0.52415	0.055682
-0.51816	0.0564453
-0.514674	0.00809123
-0.512235	0.0572085
-0.506359	0.057972
-0.500554	0.0587353
-0.494756	0.059499
-0.489093	0.0602626
-0.483494	0.0610267
-0.478102	0.0617906
-0.476043	0.00739213
-0.473984	0.0951516
-0.472905	0.062555
-0.467893	0.0633192
-0.463105	0.0640841
-0.458361	0.0648488
-0.457821	0.0959482
-0.453767	0.0656143
-0.449151	0.0663795
-0.44469	0.0671456
-0.440389	0.0679114
-0.436604	0.0943548
-0.436372	0.0686782
-0.432705	0.0694448
-0.431231	0.00670364
-0.429328	0.0702124
-0.426262	0.0709798
-0.423277	0.0717483
-0.420399	0.0725166
-0.417366	0.0732861
-0.414319	0.0740555
-0.411232	0.0748261
-0.408336	0.0755966
-0.406752	0.0896076
-0.405778	0.0763685
-0.404995	0.0888214
-0.403687	0.0771402
-0.403459	0.096748
-0.402167	0.0779134
-0.401056	0.0786865
-0.400402	0.0794612
-0.399584	0.0802358
-0.398423	0.0810121
-0.398281	0.0880352
-0.396641	0.0817882
-0.395454	0.0903962
-0.394164	0.0825663
-0.391337	0.0833441
-0.391128	0.0872513
-0.387392	0.084124
-0.385049	0.0864673
-0.384112	0.102385
-0.382999	0.0849037
-0.381725	0.0856856
-0.380407	0.00602788
-0.378011	0.093561
-0.368275	0.0911848
-0.365921	0.103199
-0.351373	0.101576
-0.341682	0.0927671
-0.34112	0.091976
-0.336291	0.0975476
-0.336291	0.0975476
-0.330608	0.109768
-0.326389	0.108939
-0.323959	0.00536561
-0.320026	0.104012
-0.296567	0.100766
-0.290093	0.108114
-0.2793	0.0983506
-0.279	0.104829
-0.278758	0.110598
-0.260677	0.004721
-0.259213	0.0999597
-0.252825	0.105646
-0.251971	0.107288
-0.25124	0.0991534
-0.239192	0.106467
-0.188575	0.111432
-0.187766	0.00409447
-0.170947	0.118182
-0.169407	0.119035
-0.150784	0.117328
-0.145653	0.119894
-0.120124	0.116479
-0.107322	0.120753
-0.105109	0.00349305
-0.0958478	0.112266
-0.0868642	0.115631
-0.0649802	0.121618
-0.0541957	0.114787
-0.0393562	0.113105
-0.0329382	0.113944
-0.0249133	0.122483
-0.0123423	0.00291779
0.0104889	0.123353
0.0374324	0.124224
0.0525964	0.1251
0.0569372	0.125976
0.0569706	0.126859
0.0583471	0.127741
0.0633189	0.12863
0.0696382	0.129518
0.0740691	0.130414
0.0755639	0.132211
0.0756139	0.131309
0.0756139	0.131309
0.0769935	0.133113
0.0806863	0.134021
0.0835196	0.13493
0.0861787	0.135846
0.0934242	0.136761
0.100919	0.0023775
0.107255	0.137684
0.11994	0.141405
0.120414	0.138607
0.120642	0.140467
0.121873	0.142342
0.123796	0.139537
0.127055	0.143288
0.142704	0.144233
0.166394	0.145186
0.177042	0.15
0.178173	0.149993
0.179322	0.14998
0.180855	0.149954
0.182654	0.149901
0.184836	0.149796
0.187206	0.149586
0.189466	0.146139
0.190436	0.149165
0.194692	0.148613
0.198752	0.148061
0.200648	0.1471
0.212842	0.001875
0.285161	0.00167106
0.350147	0.00147596
0.413069	0.00128994
0.476906	0.00111391
0.541301	0.000948021
0.605389	0.000793382
0.667476	0.000650161
0.727855	0.00051954
0.784606	0.000401793
0.784606	0.000401793
0.838106	0.000298023
0.885279	0.000208618
0.927042	0.000134486
0.962517	7.6057e-05
0.989992	3.39528e-05
1.01054	8.50808e-06
1.01621	0
)
