(title "Pressure Coefficient")
(labels "Pressure Coefficient" "Position")

((xy/key/label "middleplane_suctionside")
-0.723245	0.0225725
-0.723232	0.0218613
-0.722981	0.0232761
-0.722761	0.021151
-0.722188	0.0239806
-0.721681	0.0204333
-0.721154	0.0246774
-0.719903	0.0197169
-0.719718	0.025375
-0.718074	0.026065
-0.717263	0.0189934
-0.716183	0.0267556
-0.714007	0.0274389
-0.713878	0.0182716
-0.71172	0.0281226
-0.709387	0.0175432
-0.709105	0.0287994
-0.706418	0.0294766
-0.703876	0.0168169
-0.703458	0.0301471
-0.700367	0.030818
-0.700367	0.030818
-0.697176	0.0160848
-0.697119	0.0314826
-0.69366	0.0321476
-0.690155	0.0328067
-0.689239	0.0153552
-0.686406	0.0334661
-0.68265	0.0341202
-0.680007	0.0146208
-0.678689	0.0347745
-0.674694	0.035424
-0.670578	0.0360737
-0.669253	0.0138895
-0.666369	0.0367191
-0.662117	0.0373646
-0.657724	0.0380065
-0.657199	0.0131548
-0.653356	0.0386484
-0.653356	0.0386484
-0.648859	0.0392872
-0.644372	0.0399261
-0.643713	0.0124237
-0.639775	0.0405625
-0.635155	0.041199
-0.630486	0.0418335
-0.628515	0.011691
-0.625747	0.0424681
-0.621012	0.0431014
-0.616174	0.0437347
-0.611372	0.0443673
-0.611251	0.0109629
-0.606398	0.045
-0.600731	0.045763
-0.594743	0.046526
-0.591243	0.010236
-0.58873	0.047289
-0.582633	0.0480519
-0.57646	0.0488149
-0.57646	0.0488149
-0.570343	0.0495779
-0.567913	0.00951516
-0.564134	0.0503408
-0.558	0.0511038
-0.551811	0.0518668
-0.545629	0.0526297
-0.540161	0.00879905
-0.53946	0.0533928
-0.533241	0.0541558
-0.527108	0.0549189
-0.520963	0.055682
-0.514956	0.0564453
-0.508992	0.0572085
-0.507253	0.00809123
-0.50318	0.057972
-0.497435	0.0587353
-0.491774	0.059499
-0.486202	0.0602626
-0.480629	0.0610267
-0.475258	0.0617906
-0.469938	0.062555
-0.468481	0.00739213
-0.464905	0.0633192
-0.459999	0.0640841
-0.455375	0.0648488
-0.450936	0.0656143
-0.446629	0.0663795
-0.442462	0.0671456
-0.439734	0.0951516
-0.438254	0.0679114
-0.43825	0.0959482
-0.434212	0.0686782
-0.430252	0.0694448
-0.426653	0.0702124
-0.423508	0.00670364
-0.423336	0.0709798
-0.420474	0.0717483
-0.417929	0.0725166
-0.415515	0.0732861
-0.412973	0.0740555
-0.41213	0.096748
-0.410221	0.0888214
-0.410129	0.0748261
-0.408953	0.0943548
-0.407085	0.0755966
-0.407067	0.0896076
-0.403861	0.0763685
-0.402796	0.0880352
-0.400906	0.0771402
-0.398523	0.0779134
-0.398112	0.0802358
-0.397908	0.0810121
-0.397807	0.0794612
-0.397598	0.0786865
-0.396434	0.0817882
-0.393167	0.0825663
-0.393165	0.103199
-0.392316	0.0872513
-0.387281	0.0833441
-0.384278	0.0903962
-0.382257	0.0864673
-0.379145	0.084124
-0.37621	0.102385
-0.375024	0.0856856
-0.373573	0.0849037
-0.372555	0.00602788
-0.370188	0.0975476
-0.370188	0.0975476
-0.364636	0.104012
-0.363024	0.093561
-0.347084	0.0911848
-0.332267	0.101576
-0.327808	0.0927671
-0.321861	0.0983506
-0.321063	0.091976
-0.315988	0.00536561
-0.296929	0.104829
-0.293356	0.100766
-0.286464	0.0991534
-0.276766	0.0999597
-0.25258	0.004721
-0.21456	0.105646
-0.214219	0.112266
-0.213314	0.113105
-0.206332	0.113944
-0.203836	0.111432
-0.199105	0.114787
-0.192034	0.115631
-0.180161	0.116479
-0.17955	0.00409447
-0.176125	0.110598
-0.167937	0.117328
-0.157916	0.118182
-0.147682	0.106467
-0.139512	0.109768
-0.139489	0.119035
-0.111403	0.108939
-0.111286	0.107288
-0.108507	0.119894
-0.101049	0.108114
-0.0968067	0.00349305
-0.0740379	0.120753
-0.0467177	0.121618
-0.0275621	0.122483
-0.0211831	0.126859
-0.0206212	0.125976
-0.0180609	0.127741
-0.0167013	0.1251
-0.0148301	0.123353
-0.0121013	0.124224
-0.00962737	0.12863
-0.0040905	0.00291779
0.000436799	0.129518
0.00108893	0.132211
0.00362355	0.131309
0.00362355	0.131309
0.00396289	0.133113
0.00541403	0.130414
0.0133942	0.134021
0.0296721	0.13493
0.0535685	0.135846
0.0829865	0.136761
0.109061	0.0023775
0.110057	0.137684
0.128336	0.138607
0.134927	0.143288
0.13556	0.144233
0.13667	0.139537
0.137114	0.142342
0.137769	0.141405
0.137941	0.140467
0.140354	0.145186
0.143345	0.146139
0.145002	0.1471
0.148245	0.148061
0.151327	0.148613
0.154855	0.149165
0.15761	0.149586
0.15863	0.149796
0.15879	0.149901
0.158835	0.149954
0.158932	0.14998
0.15899	0.149993
0.159465	0.15
0.22075	0.001875
0.292842	0.00167106
0.357643	0.00147596
0.420332	0.00128994
0.483932	0.00111391
0.547977	0.000948021
0.611655	0.000793382
0.673384	0.000650161
0.733323	0.00051954
0.789476	0.000401793
0.789476	0.000401793
0.842346	0.000298023
0.88876	0.000208618
0.929618	0.000134486
0.964101	7.6057e-05
0.990747	3.39528e-05
1.01095	8.50808e-06
1.01671	0
)
