(title "Pressure Coefficient")
(labels "Pressure Coefficient" "Position")

((xy/key/label "middleplane_suctionside")
-0.726737	0.0225725
-0.726689	0.0218613
-0.726384	0.0232761
-0.726338	0.021151
-0.725659	0.0239806
-0.725256	0.0204333
-0.724493	0.0246774
-0.723465	0.0197169
-0.723097	0.025375
-0.721428	0.026065
-0.720985	0.0189934
-0.719461	0.0267556
-0.717525	0.0182716
-0.717363	0.0274389
-0.714935	0.0281226
-0.713178	0.0175432
-0.712425	0.0287994
-0.709632	0.0294766
-0.707658	0.0168169
-0.706707	0.0301471
-0.703603	0.030818
-0.703603	0.030818
-0.700995	0.0160848
-0.700295	0.0314826
-0.696912	0.0321476
-0.693297	0.0328067
-0.693167	0.0153552
-0.68965	0.0334661
-0.685797	0.0341202
-0.683901	0.0146208
-0.681895	0.0347745
-0.677866	0.035424
-0.673742	0.0360737
-0.673278	0.0138895
-0.669568	0.0367191
-0.665257	0.0373646
-0.66123	0.0131548
-0.66094	0.0380065
-0.656498	0.0386484
-0.656498	0.0386484
-0.652084	0.0392872
-0.647819	0.0124237
-0.647546	0.0399261
-0.642999	0.0405625
-0.638375	0.041199
-0.633712	0.0418335
-0.632726	0.011691
-0.629012	0.0424681
-0.624251	0.0431014
-0.619477	0.0437347
-0.615484	0.0109629
-0.614638	0.0443673
-0.609742	0.045
-0.603996	0.045763
-0.598093	0.046526
-0.595595	0.010236
-0.592139	0.047289
-0.586089	0.0480519
-0.580043	0.0488149
-0.580043	0.0488149
-0.573891	0.0495779
-0.572307	0.00951516
-0.567775	0.0503408
-0.561567	0.0511038
-0.555413	0.0518668
-0.549237	0.0526297
-0.544631	0.00879905
-0.543104	0.0533928
-0.537033	0.0541558
-0.530976	0.0549189
-0.525	0.055682
-0.519031	0.0564453
-0.513131	0.0572085
-0.511829	0.00809123
-0.507235	0.057972
-0.501491	0.0587353
-0.495773	0.059499
-0.49026	0.0602626
-0.484887	0.0610267
-0.479672	0.0617906
-0.476351	0.0951516
-0.474639	0.062555
-0.473092	0.00739213
-0.471241	0.0959482
-0.469616	0.0633192
-0.464751	0.0640841
-0.459935	0.0648488
-0.455376	0.0656143
-0.450952	0.0663795
-0.446842	0.0671456
-0.442949	0.0679114
-0.439314	0.0686782
-0.435819	0.0694448
-0.432334	0.0702124
-0.431669	0.096748
-0.428915	0.0709798
-0.428298	0.0943548
-0.428195	0.00670364
-0.425475	0.0717483
-0.42236	0.0725166
-0.421551	0.0896076
-0.420792	0.0888214
-0.41961	0.0732861
-0.417409	0.0740555
-0.415484	0.0748261
-0.413658	0.0755966
-0.411567	0.0763685
-0.409718	0.0880352
-0.409053	0.0771402
-0.406006	0.0779134
-0.404356	0.0903962
-0.403208	0.0825663
-0.403181	0.0817882
-0.403	0.0786865
-0.402137	0.0810121
-0.401457	0.0794612
-0.40131	0.0802358
-0.400831	0.0833441
-0.396175	0.0872513
-0.394247	0.084124
-0.393651	0.102385
-0.387377	0.0975476
-0.387377	0.0975476
-0.385008	0.0864673
-0.384772	0.0849037
-0.382079	0.103199
-0.380126	0.0856856
-0.377317	0.00602788
-0.370981	0.101576
-0.369361	0.0911848
-0.366672	0.093561
-0.346417	0.0983506
-0.339424	0.100766
-0.335553	0.091976
-0.332581	0.0927671
-0.332052	0.104012
-0.320793	0.00536561
-0.317281	0.0991534
-0.316784	0.0999597
-0.266177	0.104829
-0.257445	0.004721
-0.211561	0.105646
-0.188591	0.106467
-0.188176	0.107288
-0.184472	0.00409447
-0.179614	0.108114
-0.156594	0.108939
-0.13509	0.109768
-0.128584	0.110598
-0.122327	0.111432
-0.101765	0.00349305
-0.0979403	0.112266
-0.0832731	0.127741
-0.0785947	0.126859
-0.0768797	0.12863
-0.0728196	0.113105
-0.0693515	0.125976
-0.0659786	0.118182
-0.0636825	0.119035
-0.0631491	0.117328
-0.0627936	0.1251
-0.0610172	0.123353
-0.0605058	0.124224
-0.060175	0.122483
-0.0601535	0.113944
-0.0584657	0.119894
-0.0579636	0.129518
-0.0561586	0.121618
-0.0549709	0.116479
-0.0546093	0.120753
-0.0500856	0.114787
-0.0470812	0.115631
-0.0287161	0.130414
-0.00901171	0.00291779
0.00403847	0.131309
0.00403847	0.131309
0.0334184	0.137684
0.0340727	0.132211
0.0384478	0.136761
0.0471681	0.138607
0.053305	0.135846
0.0569124	0.133113
0.0637913	0.13493
0.0665975	0.134021
0.0713843	0.139537
0.0944561	0.140467
0.104211	0.0023775
0.108486	0.141405
0.113864	0.142342
0.121678	0.143288
0.129187	0.148061
0.130426	0.148613
0.138345	0.1471
0.138597	0.144233
0.138748	0.149165
0.149259	0.149586
0.151921	0.146139
0.153535	0.145186
0.157238	0.149796
0.162026	0.149901
0.16463	0.149954
0.165967	0.14998
0.166643	0.149993
0.167185	0.15
0.216037	0.001875
0.288258	0.00167106
0.353165	0.00147596
0.415986	0.00128994
0.479721	0.00111391
0.543963	0.000948021
0.607873	0.000793382
0.669804	0.000650161
0.72999	0.00051954
0.786475	0.000401793
0.786475	0.000401793
0.839694	0.000298023
0.886523	0.000208618
0.927872	0.000134486
0.962884	7.6057e-05
0.989993	3.39528e-05
1.01042	8.50808e-06
1.01614	0
)
