(title "Pressure Coefficient")
(labels "Pressure Coefficient" "Position")

((xy/key/label "middleplane_suctionside")
-0.724429	0.0218613
-0.724406	0.0225725
-0.724129	0.0232761
-0.723981	0.021151
-0.723306	0.0239806
-0.722937	0.0204333
-0.722253	0.0246774
-0.72118	0.0197169
-0.720797	0.025375
-0.719123	0.026065
-0.718575	0.0189934
-0.717228	0.0267556
-0.715225	0.0182716
-0.715023	0.0274389
-0.712725	0.0281226
-0.710762	0.0175432
-0.710098	0.0287994
-0.707387	0.0294766
-0.705299	0.0168169
-0.704431	0.0301471
-0.70131	0.030818
-0.70131	0.030818
-0.698622	0.0160848
-0.698064	0.0314826
-0.694586	0.0321476
-0.691076	0.0328067
-0.690732	0.0153552
-0.68733	0.0334661
-0.683549	0.0341202
-0.681534	0.0146208
-0.679606	0.0347745
-0.675576	0.035424
-0.671481	0.0360737
-0.670824	0.0138895
-0.667249	0.0367191
-0.66301	0.0373646
-0.658811	0.0131548
-0.658613	0.0380065
-0.65424	0.0386484
-0.65424	0.0386484
-0.649764	0.0392872
-0.645367	0.0124237
-0.645256	0.0399261
-0.640693	0.0405625
-0.636051	0.041199
-0.631415	0.0418335
-0.630226	0.011691
-0.626667	0.0424681
-0.621952	0.0431014
-0.617123	0.0437347
-0.613003	0.0109629
-0.612327	0.0443673
-0.607375	0.045
-0.601696	0.045763
-0.59579	0.046526
-0.593057	0.010236
-0.589777	0.047289
-0.583733	0.0480519
-0.577573	0.0488149
-0.577573	0.0488149
-0.571452	0.0495779
-0.569772	0.00951516
-0.565285	0.0503408
-0.559134	0.0511038
-0.553017	0.0518668
-0.546845	0.0526297
-0.54208	0.00879905
-0.540736	0.0533928
-0.534555	0.0541558
-0.528438	0.0549189
-0.522341	0.055682
-0.516314	0.0564453
-0.510411	0.0572085
-0.509227	0.00809123
-0.50459	0.057972
-0.498896	0.0587353
-0.493235	0.059499
-0.487682	0.0602626
-0.482147	0.0610267
-0.476703	0.0617906
-0.474639	0.0951516
-0.471395	0.062555
-0.470495	0.00739213
-0.466274	0.0633192
-0.461433	0.0640841
-0.459257	0.0959482
-0.456772	0.0648488
-0.452333	0.0656143
-0.44799	0.0663795
-0.443701	0.0671456
-0.439474	0.0679114
-0.435297	0.0686782
-0.431334	0.0694448
-0.427618	0.0702124
-0.426165	0.0943548
-0.425582	0.00670364
-0.424333	0.0709798
-0.42143	0.0717483
-0.418858	0.0725166
-0.41633	0.0732861
-0.413549	0.0740555
-0.410483	0.0748261
-0.407102	0.0755966
-0.405239	0.0880352
-0.404587	0.0888214
-0.403805	0.0763685
-0.400892	0.0771402
-0.400576	0.102385
-0.399234	0.0802358
-0.398926	0.0794612
-0.398897	0.0779134
-0.398698	0.103199
-0.398338	0.0786865
-0.398221	0.0810121
-0.39808	0.0872513
-0.396019	0.096748
-0.395508	0.0817882
-0.393404	0.0896076
-0.390654	0.0825663
-0.386821	0.0864673
-0.384176	0.0833441
-0.376912	0.084124
-0.376689	0.0856856
-0.374674	0.00602788
-0.372911	0.0849037
-0.370095	0.0903962
-0.360491	0.104012
-0.359451	0.093561
-0.348667	0.101576
-0.337806	0.0911848
-0.319366	0.0927671
-0.318151	0.00536561
-0.31768	0.0975476
-0.31768	0.0975476
-0.313329	0.091976
-0.306238	0.104829
-0.283247	0.111432
-0.273878	0.100766
-0.267049	0.110598
-0.262163	0.112266
-0.254789	0.004721
-0.24919	0.0983506
-0.236902	0.105646
-0.224661	0.0999597
-0.219482	0.109768
-0.218961	0.113105
-0.214602	0.0991534
-0.181806	0.00409447
-0.172003	0.113944
-0.165006	0.108939
-0.161762	0.106467
-0.148083	0.120753
-0.143288	0.119894
-0.134297	0.121618
-0.131269	0.114787
-0.127281	0.108114
-0.125059	0.119035
-0.120955	0.107288
-0.10487	0.122483
-0.104623	0.118182
-0.103003	0.115631
-0.0991033	0.00349305
-0.0911758	0.117328
-0.0898101	0.116479
-0.0672614	0.123353
-0.0320241	0.124224
-0.00638596	0.00291779
-0.00370455	0.1251
0.0196063	0.125976
0.0351043	0.131309
0.0351043	0.131309
0.0392751	0.126859
0.0443724	0.132211
0.0447199	0.130414
0.0570704	0.127741
0.061286	0.129518
0.0650188	0.133113
0.067528	0.12863
0.0809996	0.134021
0.0850963	0.137684
0.086543	0.136761
0.0886503	0.138607
0.0891258	0.13493
0.0903203	0.135846
0.0949741	0.139537
0.104514	0.140467
0.10678	0.0023775
0.117757	0.141405
0.133079	0.142342
0.144756	0.143288
0.148706	0.144233
0.1499	0.145186
0.150504	0.15
0.150624	0.149993
0.150991	0.14998
0.151428	0.149954
0.151961	0.149901
0.152577	0.149796
0.153028	0.146139
0.153179	0.149586
0.153829	0.149165
0.155699	0.148613
0.156731	0.1471
0.157636	0.148061
0.218517	0.001875
0.29066	0.00167106
0.355502	0.00147596
0.418245	0.00128994
0.481899	0.00111391
0.54603	0.000948021
0.609809	0.000793382
0.671625	0.000650161
0.731672	0.00051954
0.787973	0.000401793
0.787973	0.000401793
0.841001	0.000298023
0.887604	0.000208618
0.92869	0.000134486
0.963426	7.6057e-05
0.990293	3.39528e-05
1.0106	8.50808e-06
1.0163	0
)
