(title "Pressure Coefficient")
(labels "Pressure Coefficient" "Position")

((xy/key/label "middleplane_suctionside")
-0.731126	0.0225725
-0.731109	0.0218613
-0.730773	0.0232761
-0.730735	0.021151
-0.730002	0.0239806
-0.729632	0.0204333
-0.728927	0.0246774
-0.727944	0.0197169
-0.727443	0.025375
-0.725834	0.026065
-0.725371	0.0189934
-0.723853	0.0267556
-0.721982	0.0182716
-0.72174	0.0274389
-0.719375	0.0281226
-0.717616	0.0175432
-0.716792	0.0287994
-0.714092	0.0294766
-0.712093	0.0168169
-0.711105	0.0301471
-0.708068	0.030818
-0.708068	0.030818
-0.705505	0.0160848
-0.704744	0.0314826
-0.701365	0.0321476
-0.697796	0.0328067
-0.697622	0.0153552
-0.694103	0.0334661
-0.690333	0.0341202
-0.688439	0.0146208
-0.686382	0.0347745
-0.682432	0.035424
-0.678283	0.0360737
-0.677806	0.0138895
-0.674156	0.0367191
-0.669864	0.0373646
-0.665787	0.0131548
-0.665555	0.0380065
-0.661167	0.0386484
-0.661167	0.0386484
-0.656733	0.0392872
-0.652437	0.0124237
-0.652267	0.0399261
-0.6477	0.0405625
-0.643145	0.041199
-0.638481	0.0418335
-0.637315	0.011691
-0.633832	0.0424681
-0.629096	0.0431014
-0.624353	0.0437347
-0.62014	0.0109629
-0.619562	0.0443673
-0.614688	0.045
-0.609023	0.045763
-0.603081	0.046526
-0.60026	0.010236
-0.597191	0.047289
-0.591138	0.0480519
-0.585153	0.0488149
-0.585153	0.0488149
-0.579076	0.0495779
-0.577004	0.00951516
-0.573006	0.0503408
-0.566909	0.0511038
-0.560761	0.0518668
-0.554651	0.0526297
-0.549392	0.00879905
-0.548488	0.0533928
-0.542419	0.0541558
-0.536349	0.0549189
-0.530381	0.055682
-0.524464	0.0564453
-0.518608	0.0572085
-0.516582	0.00809123
-0.512803	0.057972
-0.507036	0.0587353
-0.501341	0.059499
-0.495671	0.0602626
-0.490207	0.0610267
-0.48481	0.0617906
-0.479662	0.062555
-0.477881	0.00739213
-0.474654	0.0633192
-0.469835	0.0640841
-0.468092	0.093561
-0.465105	0.0648488
-0.460406	0.0656143
-0.455796	0.0663795
-0.453965	0.0927671
-0.451234	0.0671456
-0.44697	0.0679114
-0.442913	0.0686782
-0.439247	0.0694448
-0.435824	0.0702124
-0.433018	0.00670364
-0.43263	0.0709798
-0.429468	0.0717483
-0.426229	0.0725166
-0.424497	0.0999597
-0.4228	0.0732861
-0.420675	0.0943548
-0.419261	0.0740555
-0.416015	0.0748261
-0.413264	0.0755966
-0.411271	0.0763685
-0.411094	0.100766
-0.40996	0.0771402
-0.409154	0.0779134
-0.408084	0.0786865
-0.407401	0.091976
-0.406006	0.0864673
-0.405929	0.0794612
-0.405454	0.0856856
-0.404523	0.0991534
-0.402188	0.0802358
-0.398578	0.0849037
-0.397585	0.0810121
-0.39624	0.0872513
-0.393311	0.0817882
-0.392727	0.084124
-0.390339	0.0825663
-0.390043	0.0833441
-0.382135	0.00602788
-0.38065	0.0880352
-0.372649	0.0911848
-0.369684	0.101576
-0.364837	0.0888214
-0.362859	0.0983506
-0.356054	0.0903962
-0.354602	0.0896076
-0.345636	0.0951516
-0.32562	0.00536561
-0.321323	0.107288
-0.317801	0.0975476
-0.317801	0.0975476
-0.316835	0.102385
-0.305409	0.108114
-0.305042	0.106467
-0.293917	0.0959482
-0.288322	0.096748
-0.28134	0.105646
-0.278424	0.103199
-0.269094	0.104829
-0.266399	0.104012
-0.262276	0.004721
-0.260866	0.108939
-0.206967	0.109768
-0.189296	0.00409447
-0.160063	0.110598
-0.155912	0.119894
-0.154013	0.120753
-0.132499	0.119035
-0.129014	0.121618
-0.121107	0.111432
-0.10657	0.00349305
-0.0955237	0.118182
-0.0914899	0.122483
-0.0886287	0.112266
-0.0662425	0.113105
-0.0654755	0.117328
-0.0606376	0.123353
-0.054181	0.113944
-0.0496214	0.125976
-0.0491382	0.116479
-0.0489575	0.1251
-0.048259	0.124224
-0.0480145	0.114787
-0.0447037	0.115631
-0.0429767	0.126859
-0.0312507	0.127741
-0.0171672	0.12863
-0.0137237	0.00291779
-0.00161897	0.129518
0.0152685	0.130414
0.0335949	0.131309
0.0335949	0.131309
0.0513932	0.132211
0.0661714	0.133113
0.0768114	0.134021
0.08321	0.13493
0.0878012	0.135846
0.0931671	0.136761
0.099397	0.137684
0.0996326	0.0023775
0.105807	0.138607
0.11322	0.139537
0.123892	0.140467
0.137959	0.141405
0.150799	0.142342
0.160714	0.143288
0.162627	0.145186
0.164333	0.144233
0.165223	0.146139
0.174137	0.1471
0.183038	0.148061
0.187033	0.148613
0.188061	0.15
0.188258	0.149993
0.188468	0.14998
0.188688	0.149954
0.188739	0.149165
0.188839	0.149901
0.188941	0.149796
0.189047	0.149586
0.211649	0.001875
0.284029	0.00167106
0.349072	0.00147596
0.41205	0.00128994
0.475947	0.00111391
0.540407	0.000948021
0.604566	0.000793382
0.666722	0.000650161
0.727174	0.00051954
0.784001	0.000401793
0.784001	0.000401793
0.837575	0.000298023
0.884821	0.000208618
0.926656	0.000134486
0.962201	7.6057e-05
0.989743	3.39528e-05
1.01036	8.50808e-06
1.01608	0
)
