(title "Pressure Coefficient")
(labels "Pressure Coefficient" "Position")

((xy/key/label "middleplane_suctionside")
-0.721794	0.0225725
-0.721727	0.0218613
-0.72148	0.0232761
-0.721313	0.021151
-0.720758	0.0239806
-0.720253	0.0204333
-0.719599	0.0246774
-0.7184	0.0197169
-0.718267	0.025375
-0.716564	0.026065
-0.715895	0.0189934
-0.714657	0.0267556
-0.712537	0.0274389
-0.712411	0.0182716
-0.710136	0.0281226
-0.708013	0.0175432
-0.707643	0.0287994
-0.704831	0.0294766
-0.702482	0.0168169
-0.701959	0.0301471
-0.698822	0.030818
-0.698822	0.030818
-0.695746	0.0160848
-0.695565	0.0314826
-0.69215	0.0321476
-0.688559	0.0328067
-0.687898	0.0153552
-0.684906	0.0334661
-0.681044	0.0341202
-0.678578	0.0146208
-0.67717	0.0347745
-0.673107	0.035424
-0.66902	0.0360737
-0.667902	0.0138895
-0.66481	0.0367191
-0.660524	0.0373646
-0.656186	0.0380065
-0.655812	0.0131548
-0.651747	0.0386484
-0.651747	0.0386484
-0.647331	0.0392872
-0.642774	0.0399261
-0.642328	0.0124237
-0.638237	0.0405625
-0.633583	0.041199
-0.628931	0.0418335
-0.627196	0.011691
-0.624202	0.0424681
-0.619444	0.0431014
-0.614648	0.0437347
-0.609883	0.0109629
-0.6098	0.0443673
-0.604887	0.045
-0.599121	0.045763
-0.593234	0.046526
-0.589935	0.010236
-0.587247	0.047289
-0.581189	0.0480519
-0.5751	0.0488149
-0.5751	0.0488149
-0.568907	0.0495779
-0.566583	0.00951516
-0.562761	0.0503408
-0.556517	0.0511038
-0.550363	0.0518668
-0.544179	0.0526297
-0.538831	0.00879905
-0.538056	0.0533928
-0.531975	0.0541558
-0.525889	0.0549189
-0.519876	0.055682
-0.513847	0.0564453
-0.507904	0.0572085
-0.505981	0.00809123
-0.501983	0.057972
-0.496246	0.0587353
-0.490564	0.059499
-0.485075	0.0602626
-0.479752	0.0610267
-0.474502	0.0617906
-0.469433	0.062555
-0.467177	0.00739213
-0.464341	0.0633192
-0.459425	0.0640841
-0.45461	0.0648488
-0.450729	0.096748
-0.450057	0.0656143
-0.448545	0.0959482
-0.44573	0.0663795
-0.44167	0.0671456
-0.437907	0.0679114
-0.43428	0.0686782
-0.430789	0.0694448
-0.427222	0.0702124
-0.423688	0.0709798
-0.422454	0.0975476
-0.422454	0.0975476
-0.422223	0.00670364
-0.420573	0.0903962
-0.420141	0.0717483
-0.416891	0.0725166
-0.414133	0.0732861
-0.411974	0.0740555
-0.411197	0.0951516
-0.41083	0.0896076
-0.410311	0.0748261
-0.408828	0.0755966
-0.407182	0.0763685
-0.405955	0.0911848
-0.404878	0.0771402
-0.401688	0.0779134
-0.399313	0.0833441
-0.397888	0.0786865
-0.397435	0.0825663
-0.396816	0.084124
-0.394909	0.0817882
-0.394763	0.0794612
-0.394498	0.0888214
-0.393304	0.0810121
-0.393139	0.0802358
-0.388766	0.0849037
-0.381659	0.0880352
-0.380773	0.0983506
-0.378913	0.0856856
-0.374149	0.0872513
-0.373106	0.0864673
-0.371306	0.00602788
-0.368715	0.091976
-0.361576	0.0943548
-0.345046	0.0991534
-0.334053	0.0927671
-0.329857	0.093561
-0.321065	0.0999597
-0.314741	0.00536561
-0.295594	0.100766
-0.2914	0.104012
-0.289979	0.104829
-0.274497	0.103199
-0.27237	0.101576
-0.264542	0.102385
-0.260305	0.105646
-0.251354	0.004721
-0.219184	0.106467
-0.189738	0.107288
-0.178347	0.00409447
-0.177524	0.108114
-0.171423	0.108939
-0.164892	0.113105
-0.162852	0.112266
-0.160992	0.109768
-0.155531	0.111432
-0.154775	0.113944
-0.152976	0.110598
-0.132217	0.114787
-0.118106	0.121618
-0.113321	0.122483
-0.103303	0.120753
-0.103089	0.115631
-0.0956263	0.00349305
-0.0832316	0.123353
-0.082924	0.119894
-0.0753676	0.116479
-0.0633133	0.119035
-0.0567635	0.117328
-0.052422	0.118182
-0.0419285	0.124224
-0.00582311	0.1251
-0.00294608	0.00291779
0.0147399	0.125976
0.0191349	0.126859
0.0234419	0.132211
0.0237045	0.133113
0.0244827	0.127741
0.0291331	0.131309
0.0291331	0.131309
0.0297425	0.134021
0.037958	0.130414
0.0381628	0.12863
0.0407334	0.13493
0.0439784	0.129518
0.053614	0.135846
0.0655694	0.136761
0.0780994	0.137684
0.0932454	0.138607
0.11016	0.0023775
0.112808	0.139537
0.136017	0.140467
0.158904	0.141405
0.176219	0.142342
0.187703	0.143288
0.199518	0.144233
0.200403	0.149993
0.200405	0.14998
0.200599	0.149954
0.20066	0.15
0.201285	0.149901
0.202761	0.149796
0.205603	0.149586
0.210149	0.149165
0.212859	0.145186
0.215055	0.148613
0.219105	0.148061
0.221793	0.001875
0.222024	0.146139
0.223062	0.1471
0.293846	0.00167106
0.358612	0.00147596
0.421263	0.00128994
0.484824	0.00111391
0.548821	0.000948021
0.612446	0.000793382
0.674127	0.000650161
0.734011	0.00051954
0.790099	0.000401793
0.790099	0.000401793
0.842903	0.000298023
0.889243	0.000208618
0.930012	0.000134486
0.964396	7.6057e-05
0.990945	3.39528e-05
1.01107	8.50808e-06
1.01681	0
)
