(title "Pressure Coefficient")
(labels "Pressure Coefficient" "Position")

((xy/key/label "middleplane_suctionside")
-0.728605	0.0218613
-0.728565	0.0225725
-0.728266	0.021151
-0.728168	0.0232761
-0.727332	0.0239806
-0.727239	0.0204333
-0.726207	0.0246774
-0.725587	0.0197169
-0.724681	0.025375
-0.723062	0.0189934
-0.722996	0.026065
-0.720984	0.0267556
-0.719742	0.0182716
-0.718793	0.0274389
-0.716384	0.0281226
-0.715408	0.0175432
-0.71374	0.0287994
-0.710975	0.0294766
-0.709962	0.0168169
-0.707945	0.0301471
-0.704825	0.030818
-0.704825	0.030818
-0.703408	0.0160848
-0.701473	0.0314826
-0.698006	0.0321476
-0.695586	0.0153552
-0.694398	0.0328067
-0.690627	0.0334661
-0.686796	0.0341202
-0.686458	0.0146208
-0.682785	0.0347745
-0.678755	0.035424
-0.675866	0.0138895
-0.674563	0.0360737
-0.670343	0.0367191
-0.666005	0.0373646
-0.663916	0.0131548
-0.661604	0.0380065
-0.65716	0.0386484
-0.65716	0.0386484
-0.652643	0.0392872
-0.650598	0.0124237
-0.648105	0.0399261
-0.643466	0.0405625
-0.638822	0.041199
-0.635545	0.011691
-0.634093	0.0418335
-0.629346	0.0424681
-0.624544	0.0431014
-0.619703	0.0437347
-0.61842	0.0109629
-0.61484	0.0443673
-0.609863	0.045
-0.604113	0.045763
-0.598595	0.010236
-0.59807	0.046526
-0.592063	0.047289
-0.58591	0.0480519
-0.579792	0.0488149
-0.579792	0.0488149
-0.575405	0.00951516
-0.573618	0.0495779
-0.567425	0.0503408
-0.561244	0.0511038
-0.554994	0.0518668
-0.548804	0.0526297
-0.54783	0.00879905
-0.542563	0.0533928
-0.5364	0.0541558
-0.530261	0.0549189
-0.5242	0.055682
-0.518208	0.0564453
-0.51509	0.00809123
-0.5123	0.0572085
-0.50647	0.057972
-0.500661	0.0587353
-0.495004	0.059499
-0.48937	0.0602626
-0.483947	0.0610267
-0.478585	0.0617906
-0.476449	0.00739213
-0.473483	0.062555
-0.468533	0.0633192
-0.463757	0.0640841
-0.46049	0.0927671
-0.459159	0.0648488
-0.454608	0.0656143
-0.450271	0.0663795
-0.445998	0.0671456
-0.442874	0.091976
-0.442015	0.0679114
-0.438192	0.0686782
-0.434694	0.0694448
-0.431641	0.00670364
-0.431382	0.0702124
-0.428741	0.0991534
-0.428312	0.0709798
-0.425583	0.093561
-0.425356	0.0717483
-0.424496	0.0999597
-0.422386	0.0725166
-0.419434	0.0732861
-0.416505	0.0740555
-0.413906	0.0748261
-0.411595	0.0755966
-0.410718	0.0983506
-0.409827	0.0763685
-0.408553	0.0771402
-0.407598	0.0779134
-0.406126	0.0786865
-0.404359	0.0856856
-0.403782	0.0794612
-0.403118	0.0849037
-0.400881	0.0802358
-0.399747	0.0864673
-0.398159	0.100766
-0.397586	0.0810121
-0.397478	0.084124
-0.397298	0.0911848
-0.39465	0.0817882
-0.393124	0.0833441
-0.392691	0.0825663
-0.390868	0.0872513
-0.38083	0.00602788
-0.379008	0.0880352
-0.376743	0.0975476
-0.376743	0.0975476
-0.366435	0.0888214
-0.366381	0.0903962
-0.366179	0.0943548
-0.362181	0.101576
-0.358696	0.0896076
-0.338155	0.096748
-0.336759	0.102385
-0.328918	0.103199
-0.327068	0.104012
-0.324375	0.00536561
-0.321456	0.0951516
-0.315112	0.104829
-0.313581	0.0959482
-0.285069	0.105646
-0.261096	0.004721
-0.256336	0.106467
-0.251249	0.108114
-0.248433	0.107288
-0.245832	0.108939
-0.221871	0.109768
-0.188185	0.00409447
-0.179909	0.110598
-0.125648	0.111432
-0.125504	0.117328
-0.123079	0.116479
-0.113888	0.118182
-0.110845	0.115631
-0.105528	0.00349305
-0.0967974	0.114787
-0.0925548	0.119035
-0.0828299	0.112266
-0.0819284	0.113944
-0.0716196	0.113105
-0.0683722	0.119894
-0.0490964	0.120753
-0.0367884	0.121618
-0.0300146	0.122483
-0.0265989	0.123353
-0.0227985	0.124224
-0.0192144	0.1251
-0.0178394	0.125976
-0.01681	0.126859
-0.0127538	0.00291779
-0.0113975	0.127741
0.00243243	0.12863
0.0173283	0.129518
0.023252	0.130414
0.0275469	0.131309
0.0275469	0.131309
0.0398315	0.132211
0.0553508	0.133113
0.0695892	0.134021
0.0762964	0.135846
0.0766709	0.13493
0.0793541	0.136761
0.0888907	0.137684
0.0983649	0.138607
0.10052	0.0023775
0.103529	0.139537
0.104466	0.141405
0.104661	0.140467
0.105856	0.142342
0.109078	0.143288
0.112679	0.144233
0.11875	0.145186
0.129525	0.146139
0.142232	0.1471
0.151943	0.148061
0.155634	0.148613
0.15837	0.149165
0.162223	0.149586
0.166093	0.149796
0.169228	0.149901
0.171453	0.149954
0.172968	0.14998
0.173912	0.149993
0.174772	0.15
0.212458	0.001875
0.28479	0.00167106
0.349789	0.00147596
0.412725	0.00128994
0.476577	0.00111391
0.540992	0.000948021
0.605104	0.000793382
0.667212	0.000650161
0.727617	0.00051954
0.784396	0.000401793
0.784396	0.000401793
0.837925	0.000298023
0.885128	0.000208618
0.926924	0.000134486
0.962436	7.6057e-05
0.989946	3.39528e-05
1.01053	8.50808e-06
1.01623	0
)
