(title "Pressure Coefficient")
(labels "Pressure Coefficient" "Position")

((xy/key/label "middleplane_suctionside")
-0.731429	0.0225725
-0.731425	0.0218613
-0.731111	0.021151
-0.731036	0.0232761
-0.730277	0.0239806
-0.73002	0.0204333
-0.729126	0.0246774
-0.728326	0.0197169
-0.727651	0.025375
-0.725992	0.026065
-0.725831	0.0189934
-0.723982	0.0267556
-0.722429	0.0182716
-0.721861	0.0274389
-0.719428	0.0281226
-0.718118	0.0175432
-0.716857	0.0287994
-0.714078	0.0294766
-0.712609	0.0168169
-0.711098	0.0301471
-0.707997	0.030818
-0.707997	0.030818
-0.706041	0.0160848
-0.704653	0.0314826
-0.701244	0.0321476
-0.698204	0.0153552
-0.697625	0.0328067
-0.693926	0.0334661
-0.690086	0.0341202
-0.689019	0.0146208
-0.68613	0.0347745
-0.682108	0.035424
-0.678435	0.0138895
-0.677943	0.0360737
-0.673759	0.0367191
-0.669429	0.0373646
-0.666431	0.0131548
-0.66508	0.0380065
-0.660634	0.0386484
-0.660634	0.0386484
-0.656173	0.0392872
-0.653107	0.0124237
-0.651639	0.0399261
-0.647044	0.0405625
-0.642419	0.041199
-0.638026	0.011691
-0.637718	0.0418335
-0.633005	0.0424681
-0.628218	0.0431014
-0.623417	0.0437347
-0.620862	0.0109629
-0.618562	0.0443673
-0.613632	0.045
-0.607877	0.045763
-0.601897	0.046526
-0.601026	0.010236
-0.595921	0.047289
-0.589808	0.0480519
-0.583737	0.0488149
-0.583737	0.0488149
-0.577791	0.00951516
-0.577562	0.0495779
-0.571411	0.0503408
-0.565201	0.0511038
-0.558984	0.0518668
-0.552784	0.0526297
-0.550202	0.00879905
-0.546564	0.0533928
-0.540432	0.0541558
-0.534304	0.0549189
-0.528272	0.055682
-0.522269	0.0564453
-0.517436	0.00809123
-0.516337	0.0572085
-0.510437	0.057972
-0.504594	0.0587353
-0.498853	0.059499
-0.493175	0.0602626
-0.487702	0.0610267
-0.48658	0.108114
-0.482352	0.0617906
-0.480396	0.108939
-0.478747	0.00739213
-0.477224	0.062555
-0.476071	0.0927671
-0.472228	0.0633192
-0.467368	0.0640841
-0.46259	0.0648488
-0.457862	0.0656143
-0.453285	0.0663795
-0.448843	0.093561
-0.448817	0.0671456
-0.444664	0.0679114
-0.444641	0.0999597
-0.441707	0.107288
-0.440801	0.0686782
-0.43903	0.091976
-0.4373	0.0694448
-0.434031	0.0702124
-0.433913	0.00670364
-0.431037	0.0991534
-0.430881	0.0709798
-0.427694	0.0717483
-0.424289	0.0725166
-0.420776	0.0732861
-0.417291	0.0740555
-0.414677	0.109768
-0.414289	0.0748261
-0.411919	0.0755966
-0.4104	0.0856856
-0.410339	0.0763685
-0.409609	0.0771402
-0.40919	0.0779134
-0.407991	0.0786865
-0.406086	0.0864673
-0.405066	0.0794612
-0.404852	0.0849037
-0.404847	0.100766
-0.400806	0.0802358
-0.395899	0.0810121
-0.394877	0.084124
-0.394141	0.0872513
-0.391291	0.0817882
-0.388947	0.0833441
-0.388415	0.0825663
-0.385001	0.106467
-0.383064	0.00602788
-0.382043	0.0911848
-0.380701	0.0943548
-0.377041	0.0880352
-0.374088	0.0983506
-0.357711	0.0888214
-0.350464	0.0903962
-0.344805	0.0896076
-0.338844	0.105646
-0.337515	0.101576
-0.326564	0.00536561
-0.313816	0.110598
-0.31159	0.0975476
-0.31159	0.0975476
-0.309615	0.0951516
-0.298192	0.104829
-0.277177	0.102385
-0.271701	0.096748
-0.267836	0.0959482
-0.263702	0.104012
-0.263242	0.004721
-0.25129	0.103199
-0.207007	0.111432
-0.190283	0.00409447
-0.119611	0.112266
-0.107575	0.00349305
-0.106586	0.121618
-0.104046	0.120753
-0.100998	0.122483
-0.0962159	0.119894
-0.0880335	0.123353
-0.0864113	0.119035
-0.0745108	0.118182
-0.068799	0.124224
-0.0607676	0.113105
-0.0592476	0.117328
-0.0437434	0.1251
-0.0423113	0.116479
-0.0302714	0.113944
-0.0284532	0.115631
-0.0224389	0.114787
-0.0158406	0.125976
-0.0147256	0.00291779
0.0106264	0.126859
0.0318503	0.127741
0.0452983	0.12863
0.0515119	0.129518
0.0540318	0.130414
0.0596293	0.131309
0.0596293	0.131309
0.0615967	0.13493
0.0630232	0.135846
0.0640765	0.143288
0.0646996	0.134021
0.068521	0.132211
0.0698338	0.136761
0.0701133	0.133113
0.0753682	0.144233
0.0805332	0.142342
0.0856163	0.137684
0.0986419	0.0023775
0.100078	0.145186
0.108681	0.138607
0.109565	0.141405
0.120155	0.146139
0.125951	0.139537
0.126643	0.140467
0.13338	0.1471
0.145578	0.148061
0.156468	0.148613
0.170411	0.149165
0.183434	0.149586
0.191297	0.149796
0.195303	0.149901
0.197322	0.149954
0.198506	0.14998
0.199198	0.149993
0.200427	0.15
0.210684	0.001875
0.283091	0.00167106
0.348157	0.00147596
0.411166	0.00128994
0.475093	0.00111391
0.539599	0.000948021
0.603811	0.000793382
0.666015	0.000650161
0.726526	0.00051954
0.783432	0.000401793
0.783432	0.000401793
0.837088	0.000298023
0.884434	0.000208618
0.92639	0.000134486
0.962074	7.6057e-05
0.989734	3.39528e-05
1.01041	8.50808e-06
1.01621	0
)
