(title "Pressure Coefficient")
(labels "Pressure Coefficient" "Position")

((xy/key/label "middleplane_suctionside")
-0.729898	0.0218613
-0.729881	0.0225725
-0.72955	0.0232761
-0.729511	0.021151
-0.728716	0.0239806
-0.728459	0.0204333
-0.727657	0.0246774
-0.726775	0.0197169
-0.726145	0.025375
-0.724514	0.026065
-0.724188	0.0189934
-0.722545	0.0267556
-0.720865	0.0182716
-0.720376	0.0274389
-0.718039	0.0281226
-0.716464	0.0175432
-0.715404	0.0287994
-0.712708	0.0294766
-0.711001	0.0168169
-0.709701	0.0301471
-0.70663	0.030818
-0.70663	0.030818
-0.704402	0.0160848
-0.703329	0.0314826
-0.699891	0.0321476
-0.696538	0.0153552
-0.696351	0.0328067
-0.692606	0.0334661
-0.688845	0.0341202
-0.687386	0.0146208
-0.684871	0.0347745
-0.680894	0.035424
-0.676761	0.0360737
-0.676746	0.0138895
-0.672575	0.0367191
-0.668314	0.0373646
-0.664762	0.0131548
-0.663941	0.0380065
-0.659577	0.0386484
-0.659577	0.0386484
-0.655097	0.0392872
-0.651403	0.0124237
-0.65063	0.0399261
-0.646046	0.0405625
-0.641459	0.041199
-0.636806	0.0418335
-0.636313	0.011691
-0.632104	0.0424681
-0.627392	0.0431014
-0.62259	0.0437347
-0.619151	0.0109629
-0.61782	0.0443673
-0.612886	0.045
-0.607264	0.045763
-0.601307	0.046526
-0.599287	0.010236
-0.595362	0.047289
-0.589306	0.0480519
-0.583218	0.0488149
-0.583218	0.0488149
-0.577156	0.0495779
-0.576053	0.00951516
-0.571025	0.0503408
-0.564955	0.0511038
-0.558809	0.0518668
-0.552694	0.0526297
-0.548451	0.00879905
-0.546543	0.0533928
-0.540403	0.0541558
-0.534318	0.0549189
-0.528264	0.055682
-0.52233	0.0564453
-0.516452	0.0572085
-0.515663	0.00809123
-0.510676	0.057972
-0.504933	0.0587353
-0.499253	0.059499
-0.493626	0.0602626
-0.488057	0.0610267
-0.482648	0.0617906
-0.477392	0.0943548
-0.477389	0.062555
-0.476973	0.00739213
-0.472359	0.0633192
-0.471337	0.093561
-0.467508	0.0640841
-0.462835	0.0648488
-0.461729	0.0999597
-0.458254	0.0656143
-0.453739	0.0663795
-0.449282	0.0671456
-0.444941	0.0679114
-0.440804	0.0686782
-0.436966	0.0694448
-0.433478	0.0702124
-0.432729	0.100766
-0.432133	0.00670364
-0.430304	0.0709798
-0.427411	0.0951516
-0.42734	0.0717483
-0.424374	0.0725166
-0.42124	0.0732861
-0.417847	0.0740555
-0.416111	0.0927671
-0.414429	0.0748261
-0.411247	0.0755966
-0.408695	0.0763685
-0.406907	0.0771402
-0.406837	0.0864673
-0.406425	0.0872513
-0.406007	0.0779134
-0.405756	0.0786865
-0.405523	0.0991534
-0.405156	0.0794612
-0.403066	0.0802358
-0.399291	0.0810121
-0.398252	0.0856856
-0.395938	0.0880352
-0.394706	0.0817882
-0.389947	0.0825663
-0.389557	0.0849037
-0.386411	0.0833441
-0.385846	0.084124
-0.38127	0.00602788
-0.379696	0.0888214
-0.366704	0.091976
-0.362554	0.0959482
-0.360982	0.0896076
-0.346052	0.0903962
-0.344894	0.0911848
-0.343515	0.0983506
-0.340366	0.101576
-0.324775	0.00536561
-0.318677	0.096748
-0.314917	0.0975476
-0.314917	0.0975476
-0.266198	0.102385
-0.261452	0.004721
-0.255953	0.109768
-0.248028	0.110598
-0.246222	0.108939
-0.231971	0.108114
-0.231257	0.103199
-0.22047	0.107288
-0.218042	0.104012
-0.216601	0.111432
-0.211872	0.106467
-0.21147	0.104829
-0.208544	0.105646
-0.206939	0.119894
-0.188496	0.00409447
-0.188392	0.119035
-0.183854	0.120753
-0.17045	0.112266
-0.137225	0.118182
-0.135727	0.121618
-0.124923	0.113105
-0.105798	0.00349305
-0.0874508	0.113944
-0.0858922	0.117328
-0.0832427	0.122483
-0.0592238	0.114787
-0.0546735	0.116479
-0.0462767	0.115631
-0.0411721	0.123353
-0.0143789	0.124224
-0.0129842	0.00291779
0.000694452	0.1251
0.00898598	0.125976
0.0137496	0.126859
0.0167412	0.127741
0.0190864	0.12863
0.0224351	0.129518
0.0297507	0.130414
0.0428875	0.131309
0.0428875	0.131309
0.0593199	0.132211
0.0753376	0.133113
0.0889936	0.134021
0.0996117	0.13493
0.100334	0.0023775
0.107429	0.135846
0.112319	0.136761
0.116542	0.137684
0.12329	0.138607
0.132454	0.139537
0.139936	0.145186
0.140994	0.140467
0.142504	0.144233
0.144578	0.146139
0.145358	0.143288
0.146692	0.141405
0.147471	0.142342
0.1555	0.1471
0.165264	0.148061
0.171619	0.148613
0.17944	0.149165
0.187494	0.149586
0.192375	0.149796
0.194411	0.149901
0.195298	0.149954
0.195744	0.14998
0.195759	0.149993
0.197147	0.15
0.212306	0.001875
0.284654	0.00167106
0.349668	0.00147596
0.412615	0.00128994
0.476479	0.00111391
0.5409	0.000948021
0.605015	0.000793382
0.667129	0.000650161
0.727534	0.00051954
0.784303	0.000401793
0.784303	0.000401793
0.837818	0.000298023
0.884995	0.000208618
0.926756	0.000134486
0.96222	7.6057e-05
0.989695	3.39528e-05
1.01028	8.50808e-06
1.016	0
)
