(title "Pressure Coefficient")
(labels "Pressure Coefficient" "Position")

((xy/key/label "middleplane_suctionside")
-0.729869	0.0218613
-0.72985	0.0225725
-0.729499	0.0232761
-0.729482	0.021151
-0.728712	0.0239806
-0.728487	0.0204333
-0.727534	0.0246774
-0.726722	0.0197169
-0.726133	0.025375
-0.724394	0.026065
-0.724235	0.0189934
-0.722456	0.0267556
-0.720866	0.0182716
-0.720283	0.0274389
-0.717871	0.0281226
-0.716492	0.0175432
-0.71532	0.0287994
-0.712503	0.0294766
-0.711067	0.0168169
-0.709581	0.0301471
-0.706424	0.030818
-0.706424	0.030818
-0.704417	0.0160848
-0.703133	0.0314826
-0.699691	0.0321476
-0.696618	0.0153552
-0.696081	0.0328067
-0.692399	0.0334661
-0.688532	0.0341202
-0.687436	0.0146208
-0.684619	0.0347745
-0.680558	0.035424
-0.676805	0.0138895
-0.676432	0.0360737
-0.672226	0.0367191
-0.66791	0.0373646
-0.66485	0.0131548
-0.663568	0.0380065
-0.659112	0.0386484
-0.659112	0.0386484
-0.65468	0.0392872
-0.651454	0.0124237
-0.650123	0.0399261
-0.645559	0.0405625
-0.640916	0.041199
-0.63641	0.011691
-0.636235	0.0418335
-0.631519	0.0424681
-0.626739	0.0431014
-0.621951	0.0437347
-0.619239	0.0109629
-0.617094	0.0443673
-0.612185	0.045
-0.606414	0.045763
-0.600486	0.046526
-0.599382	0.010236
-0.594518	0.047289
-0.58844	0.0480519
-0.582382	0.0488149
-0.582382	0.0488149
-0.576194	0.0495779
-0.576181	0.00951516
-0.57006	0.0503408
-0.563827	0.0511038
-0.55766	0.0518668
-0.551484	0.0526297
-0.548532	0.00879905
-0.545341	0.0533928
-0.539266	0.0541558
-0.533169	0.0549189
-0.527151	0.055682
-0.521118	0.0564453
-0.515777	0.00809123
-0.515185	0.0572085
-0.509274	0.057972
-0.503563	0.0587353
-0.497905	0.059499
-0.492394	0.0602626
-0.48703	0.0610267
-0.48698	0.096748
-0.481706	0.0617906
-0.477106	0.00739213
-0.476573	0.062555
-0.47142	0.0633192
-0.470197	0.0959482
-0.466514	0.0640841
-0.461741	0.0648488
-0.457291	0.0656143
-0.453017	0.0663795
-0.449019	0.0975476
-0.449019	0.0975476
-0.448923	0.0671456
-0.444965	0.0679114
-0.441021	0.0686782
-0.43724	0.0694448
-0.433506	0.0702124
-0.432243	0.00670364
-0.430112	0.0709798
-0.426934	0.0717483
-0.424204	0.0725166
-0.421697	0.0732861
-0.419333	0.0740555
-0.4185	0.0903962
-0.416887	0.0748261
-0.414238	0.0755966
-0.411481	0.0763685
-0.411266	0.0911848
-0.409245	0.0896076
-0.408914	0.0951516
-0.408622	0.0771402
-0.406189	0.0779134
-0.40429	0.0786865
-0.40328	0.0794612
-0.402744	0.0802358
-0.402282	0.0810121
-0.401636	0.0817882
-0.400241	0.0825663
-0.398102	0.0888214
-0.398066	0.0833441
-0.394612	0.084124
-0.389717	0.0880352
-0.389426	0.0849037
-0.388946	0.0983506
-0.385826	0.102385
-0.385083	0.101576
-0.384398	0.0856856
-0.384292	0.0872513
-0.382465	0.0864673
-0.381403	0.00602788
-0.380402	0.091976
-0.351875	0.0943548
-0.342253	0.100766
-0.341432	0.0927671
-0.339331	0.0991534
-0.337813	0.103199
-0.326683	0.093561
-0.32491	0.00536561
-0.320165	0.0999597
-0.303756	0.104012
-0.300665	0.104829
-0.297328	0.105646
-0.278088	0.106467
-0.261587	0.004721
-0.24657	0.107288
-0.212827	0.108114
-0.20253	0.112266
-0.200686	0.113105
-0.190229	0.111432
-0.188637	0.00409447
-0.186589	0.108939
-0.178635	0.113944
-0.177377	0.110598
-0.174417	0.109768
-0.143355	0.114787
-0.105938	0.00349305
-0.1056	0.115631
-0.0732617	0.116479
-0.0645495	0.119894
-0.0634056	0.120753
-0.0577721	0.119035
-0.0543295	0.121618
-0.0540381	0.117328
-0.0507261	0.118182
-0.0411138	0.122483
-0.0277476	0.123353
-0.0176782	0.124224
-0.013121	0.00291779
-0.0121097	0.1251
-0.00898557	0.125976
-0.00645989	0.126859
-0.00464798	0.127741
-0.00374842	0.12863
-0.00225351	0.129518
0.00213952	0.130414
0.00711204	0.131309
0.00711204	0.131309
0.0087456	0.132211
0.00912036	0.133113
0.0147261	0.134021
0.0287256	0.13493
0.0478531	0.135846
0.0672993	0.136761
0.0847359	0.137684
0.0980751	0.138607
0.100201	0.0023775
0.108202	0.139537
0.119417	0.140467
0.134137	0.141405
0.150542	0.142342
0.159056	0.15
0.159364	0.149993
0.15961	0.14998
0.159772	0.149954
0.159943	0.149901
0.16049	0.149796
0.162006	0.149586
0.165567	0.149165
0.166853	0.143288
0.172053	0.148613
0.180243	0.148061
0.182156	0.144233
0.191691	0.1471
0.193865	0.145186
0.198194	0.146139
0.212183	0.001875
0.284541	0.00167106
0.349565	0.00147596
0.412524	0.00128994
0.476401	0.00111391
0.54084	0.000948021
0.604976	0.000793382
0.667111	0.000650161
0.727541	0.00051954
0.784347	0.000401793
0.784347	0.000401793
0.8379	0.000298023
0.885128	0.000208618
0.926944	0.000134486
0.962472	7.6057e-05
0.990002	3.39528e-05
1.01062	8.50808e-06
1.01636	0
)
