(title "Pressure Coefficient")
(labels "Pressure Coefficient" "Position")

((xy/key/label "middleplane_suctionside")
-0.730252	0.0218613
-0.730187	0.0225725
-0.729927	0.021151
-0.72978	0.0232761
-0.728922	0.0239806
-0.728913	0.0204333
-0.727797	0.0246774
-0.727288	0.0197169
-0.726256	0.025375
-0.724779	0.0189934
-0.724561	0.026065
-0.722551	0.0267556
-0.721481	0.0182716
-0.720336	0.0274389
-0.717949	0.0281226
-0.717175	0.0175432
-0.715273	0.0287994
-0.712529	0.0294766
-0.711744	0.0168169
-0.709489	0.0301471
-0.706365	0.030818
-0.706365	0.030818
-0.705231	0.0160848
-0.703029	0.0314826
-0.699542	0.0321476
-0.697422	0.0153552
-0.695965	0.0328067
-0.692177	0.0334661
-0.688379	0.0341202
-0.688337	0.0146208
-0.684366	0.0347745
-0.680347	0.035424
-0.677771	0.0138895
-0.676175	0.0360737
-0.671949	0.0367191
-0.66765	0.0373646
-0.665857	0.0131548
-0.663239	0.0380065
-0.658836	0.0386484
-0.658836	0.0386484
-0.65432	0.0392872
-0.652591	0.0124237
-0.64981	0.0399261
-0.645195	0.0405625
-0.640561	0.041199
-0.63755	0.011691
-0.635877	0.0418335
-0.631132	0.0424681
-0.626383	0.0431014
-0.621543	0.0437347
-0.620485	0.0109629
-0.616729	0.0443673
-0.611761	0.045
-0.606074	0.045763
-0.600686	0.010236
-0.600115	0.046526
-0.594088	0.047289
-0.58802	0.0480519
-0.581859	0.0488149
-0.581859	0.0488149
-0.577544	0.00951516
-0.575758	0.0495779
-0.569588	0.0503408
-0.563446	0.0511038
-0.557292	0.0518668
-0.551084	0.0526297
-0.550024	0.00879905
-0.544924	0.0533928
-0.5387	0.0541558
-0.532572	0.0549189
-0.526465	0.055682
-0.520459	0.0564453
-0.517303	0.00809123
-0.514525	0.0572085
-0.508685	0.057972
-0.50288	0.0587353
-0.497127	0.059499
-0.49146	0.0602626
-0.485822	0.0610267
-0.480354	0.0617906
-0.478721	0.00739213
-0.475041	0.062555
-0.469933	0.0633192
-0.465004	0.0640841
-0.460216	0.0648488
-0.457981	0.0943548
-0.455537	0.0656143
-0.450918	0.0663795
-0.446353	0.0671456
-0.444271	0.0951516
-0.441898	0.0679114
-0.437625	0.0686782
-0.433952	0.00670364
-0.43366	0.0694448
-0.430044	0.0702124
-0.42676	0.0709798
-0.424262	0.101576
-0.423692	0.0717483
-0.420658	0.0725166
-0.41747	0.0732861
-0.41405	0.102385
-0.414005	0.0740555
-0.413049	0.093561
-0.410422	0.0748261
-0.406958	0.0755966
-0.403984	0.0763685
-0.401733	0.0771402
-0.400343	0.0779134
-0.399835	0.0786865
-0.399472	0.0794612
-0.398472	0.0872513
-0.398072	0.0802358
-0.396625	0.100766
-0.394891	0.0810121
-0.394856	0.0880352
-0.392459	0.0864673
-0.39029	0.0817882
-0.384982	0.0825663
-0.384231	0.0959482
-0.383166	0.00602788
-0.382981	0.0888214
-0.382811	0.0856856
-0.379826	0.0833441
-0.377017	0.0849037
-0.376496	0.084124
-0.366093	0.103199
-0.365547	0.0896076
-0.358812	0.0927671
-0.3456	0.0903962
-0.343728	0.0999597
-0.34304	0.109768
-0.332205	0.091976
-0.330707	0.0911848
-0.326749	0.00536561
-0.325173	0.110598
-0.316766	0.108939
-0.316368	0.096748
-0.292644	0.0991534
-0.281343	0.104012
-0.272183	0.111432
-0.270345	0.0975476
-0.270345	0.0975476
-0.263783	0.0983506
-0.263503	0.004721
-0.261407	0.108114
-0.204788	0.112266
-0.203568	0.107288
-0.192482	0.104829
-0.19062	0.00409447
-0.161336	0.106467
-0.150156	0.105646
-0.147197	0.119035
-0.144426	0.113105
-0.143536	0.118182
-0.123351	0.119894
-0.117727	0.117328
-0.107984	0.00349305
-0.101174	0.113944
-0.088047	0.116479
-0.0799389	0.120753
-0.0755926	0.114787
-0.0711906	0.115631
-0.0316545	0.121618
-0.0151923	0.00291779
-0.0103655	0.12863
-0.006217	0.129518
-0.00224673	0.127741
0.00687566	0.130414
0.00900722	0.122483
0.0154112	0.126859
0.0252887	0.131309
0.0252887	0.131309
0.0347636	0.125976
0.0374448	0.123353
0.0470568	0.132211
0.0482733	0.1251
0.0505777	0.124224
0.0685008	0.133113
0.0867675	0.134021
0.0981173	0.0023775
0.100607	0.13493
0.106608	0.138607
0.107731	0.137684
0.108627	0.135846
0.11035	0.136761
0.110667	0.139537
0.119652	0.140467
0.134188	0.141405
0.148997	0.142342
0.159044	0.143288
0.164815	0.144233
0.168617	0.145186
0.171472	0.146139
0.174968	0.1471
0.180177	0.148061
0.185248	0.148613
0.192206	0.149165
0.198768	0.149586
0.202763	0.149796
0.20493	0.149901
0.206245	0.149954
0.207189	0.14998
0.207759	0.149993
0.208903	0.15
0.210128	0.001875
0.28253	0.00167106
0.347586	0.00147596
0.410592	0.00128994
0.474517	0.00111391
0.539036	0.000948021
0.60327	0.000793382
0.665488	0.000650161
0.726026	0.00051954
0.782986	0.000401793
0.782986	0.000401793
0.836704	0.000298023
0.884138	0.000208618
0.926203	0.000134486
0.961999	7.6057e-05
0.989713	3.39528e-05
1.01033	8.50808e-06
1.01608	0
)
