(title "Pressure Coefficient")
(labels "Pressure Coefficient" "Position")

((xy/key/label "middleplane_pressureside")
-0.705909	0.0225725
-0.705788	0.0232761
-0.705753	0.0218613
-0.705144	0.0239806
-0.705128	0.021151
-0.704213	0.0246774
-0.703893	0.0204333
-0.702925	0.025375
-0.701939	0.0197169
-0.701377	0.026065
-0.69961	0.0267556
-0.699143	0.0189934
-0.697541	0.0274389
-0.695561	0.0182716
-0.695346	0.0281226
-0.692851	0.0287994
-0.690893	0.0175432
-0.690234	0.0294766
-0.68739	0.0301471
-0.685183	0.0168169
-0.684365	0.030818
-0.681212	0.0314826
-0.678273	0.0160848
-0.677831	0.0321476
-0.674399	0.0328067
-0.67074	0.0334661
-0.670134	0.0153552
-0.667036	0.0341202
-0.663166	0.0347745
-0.660666	0.0146208
-0.660666	0.0146208
-0.659216	0.035424
-0.655176	0.0360737
-0.651019	0.0367191
-0.649691	0.0138895
-0.64683	0.0373646
-0.642493	0.0380065
-0.63817	0.0386484
-0.63738	0.0131548
-0.633738	0.0392872
-0.629285	0.0399261
-0.62475	0.0405625
-0.62364	0.0124237
-0.620161	0.041199
-0.615547	0.0418335
-0.61084	0.0424681
-0.608178	0.011691
-0.606146	0.0431014
-0.601333	0.0437347
-0.596544	0.0443673
-0.591597	0.045
-0.590615	0.0109629
-0.585959	0.045763
-0.580065	0.046526
-0.574091	0.047289
-0.57032	0.010236
-0.568066	0.0480519
-0.561931	0.0488149
-0.555849	0.0495779
-0.549693	0.0503408
-0.546678	0.00951516
-0.543573	0.0511038
-0.537444	0.0518668
-0.531274	0.0526297
-0.525155	0.0533928
-0.518964	0.0541558
-0.518641	0.00879905
-0.512861	0.0549189
-0.506751	0.055682
-0.500756	0.0564453
-0.494829	0.0572085
-0.489011	0.057972
-0.485452	0.00809123
-0.483299	0.0587353
-0.477627	0.059499
-0.472081	0.0602626
-0.466522	0.0610267
-0.461165	0.0617906
-0.455897	0.062555
-0.450872	0.0633192
-0.446393	0.00739213
-0.446046	0.0640841
-0.441421	0.0648488
-0.437004	0.0656143
-0.432629	0.0663795
-0.431132	0.0927671
-0.428396	0.0671456
-0.425808	0.093561
-0.424164	0.0679114
-0.42013	0.0686782
-0.416295	0.0694448
-0.412852	0.0702124
-0.409775	0.0709798
-0.407027	0.0717483
-0.407027	0.0717483
-0.40444	0.0725166
-0.401674	0.0732861
-0.401172	0.00670364
-0.398742	0.0740555
-0.395643	0.091976
-0.395514	0.0748261
-0.392342	0.0755966
-0.391243	0.0991534
-0.389457	0.0763685
-0.388353	0.0872513
-0.387439	0.0771402
-0.387107	0.0864673
-0.386681	0.0943548
-0.386677	0.0779134
-0.386593	0.0786865
-0.386365	0.0794612
-0.386365	0.0794612
-0.385164	0.0802358
-0.382578	0.0810121
-0.380938	0.0856856
-0.380121	0.0880352
-0.378202	0.0817882
-0.376807	0.0999597
-0.374696	0.0983506
-0.373858	0.0849037
-0.372004	0.0825663
-0.368358	0.084124
-0.367399	0.0833441
-0.359752	0.100766
-0.359401	0.0888214
-0.35116	0.0911848
-0.350011	0.00602788
-0.348256	0.101576
-0.338547	0.0951516
-0.334544	0.0896076
-0.331525	0.0975476
-0.328076	0.0903962
-0.32229	0.102385
-0.30403	0.0959482
-0.300678	0.096748
-0.293269	0.00536561
-0.277299	0.103199
-0.232288	0.104012
-0.22967	0.004721
-0.200052	0.104829
-0.187331	0.105646
-0.187331	0.105646
-0.186802	0.106467
-0.185283	0.107288
-0.178595	0.108114
-0.166849	0.108939
-0.156485	0.00409447
-0.15132	0.109768
-0.13387	0.110598
-0.116904	0.111432
-0.116544	0.117328
-0.116425	0.116479
-0.105085	0.118182
-0.1026	0.115631
-0.10078	0.112266
-0.0919104	0.119035
-0.0889689	0.114787
-0.0882332	0.113105
-0.0841735	0.113944
-0.0815464	0.119894
-0.0744581	0.120753
-0.0736807	0.00349305
-0.0670289	0.121618
-0.0517772	0.122483
-0.0406409	0.126859
-0.0406409	0.126859
-0.0398304	0.125976
-0.0303968	0.123353
-0.0267691	0.1251
-0.0228749	0.127741
-0.0194747	0.124224
0.00346882	0.12863
0.0187857	0.00291779
0.0248706	0.129518
0.0312661	0.132211
0.032737	0.131309
0.0345264	0.130414
0.0414024	0.133113
0.0638291	0.134021
0.0946883	0.13493
0.104472	0.138607
0.109782	0.139537
0.114156	0.146139
0.115067	0.137684
0.11603	0.135846
0.120146	0.136761
0.121793	0.145186
0.124128	0.1471
0.131459	0.0023775
0.141143	0.144233
0.142213	0.148061
0.144405	0.140467
0.157278	0.148613
0.157278	0.148613
0.164831	0.143288
0.171508	0.149165
0.180281	0.141405
0.180845	0.149586
0.183647	0.149993
0.183726	0.14998
0.183928	0.149954
0.184101	0.15
0.184127	0.149796
0.184361	0.149901
0.18532	0.142342
0.242409	0.001875
0.313885	0.00167106
0.378077	0.00147596
0.440153	0.00128994
0.503124	0.00111391
0.566076	0.000948021
0.628459	0.000793382
0.689163	0.000650161
0.748007	0.00051954
0.80257	0.000401793
0.853614	0.000298023
0.897805	0.000208618
0.936065	0.000134486
0.967668	7.6057e-05
0.991782	3.39528e-05
1.01076	8.50803e-06
1.01636	0
)
