(title "Pressure Coefficient")
(labels "Pressure Coefficient" "Position")

((xy/key/label "middleplane_pressureside")
-0.704818	0.0225725
-0.704686	0.0218613
-0.704673	0.0232761
-0.704076	0.021151
-0.704008	0.0239806
-0.703048	0.0246774
-0.702877	0.0204333
-0.701751	0.025375
-0.700933	0.0197169
-0.700167	0.026065
-0.698391	0.0267556
-0.698171	0.0189934
-0.696294	0.0274389
-0.694612	0.0182716
-0.694078	0.0281226
-0.691569	0.0287994
-0.689965	0.0175432
-0.688921	0.0294766
-0.686071	0.0301471
-0.684292	0.0168169
-0.683013	0.030818
-0.67985	0.0314826
-0.677394	0.0160848
-0.676444	0.0321476
-0.672994	0.0328067
-0.66932	0.0334661
-0.669291	0.0153552
-0.665592	0.0341202
-0.66171	0.0347745
-0.659847	0.0146208
-0.659847	0.0146208
-0.657734	0.035424
-0.653684	0.0360737
-0.649503	0.0367191
-0.648897	0.0138895
-0.645299	0.0373646
-0.640945	0.0380065
-0.636618	0.0131548
-0.636602	0.0386484
-0.632157	0.0392872
-0.627681	0.0399261
-0.623135	0.0405625
-0.622898	0.0124237
-0.618525	0.041199
-0.613897	0.0418335
-0.609172	0.0424681
-0.607473	0.011691
-0.604461	0.0431014
-0.599633	0.0437347
-0.594823	0.0443673
-0.589937	0.0109629
-0.589863	0.045
-0.5842	0.045763
-0.578296	0.046526
-0.572303	0.047289
-0.569672	0.010236
-0.56626	0.0480519
-0.560105	0.0488149
-0.553992	0.0495779
-0.547813	0.0503408
-0.546062	0.00951516
-0.541662	0.0511038
-0.535511	0.0518668
-0.529322	0.0526297
-0.523184	0.0533928
-0.51805	0.00879905
-0.516976	0.0541558
-0.510846	0.0549189
-0.504703	0.055682
-0.498666	0.0564453
-0.492694	0.0572085
-0.48683	0.057972
-0.484896	0.00809123
-0.481079	0.0587353
-0.475382	0.059499
-0.469816	0.0602626
-0.464228	0.0610267
-0.45883	0.0617906
-0.453499	0.062555
-0.448403	0.0633192
-0.445869	0.00739213
-0.443485	0.0640841
-0.438778	0.0648488
-0.434298	0.0656143
-0.429893	0.0663795
-0.425659	0.0671456
-0.421415	0.0679114
-0.419913	0.0927671
-0.417353	0.0686782
-0.413423	0.0694448
-0.40984	0.0702124
-0.40659	0.0709798
-0.404435	0.091976
-0.403702	0.0717483
-0.403702	0.0717483
-0.401043	0.0725166
-0.400677	0.00670364
-0.400319	0.093561
-0.398272	0.0732861
-0.3954	0.0740555
-0.394659	0.0991534
-0.392254	0.0748261
-0.390985	0.0999597
-0.389137	0.0755966
-0.386227	0.0763685
-0.38411	0.0771402
-0.38317	0.0779134
-0.382937	0.0864673
-0.382842	0.0786865
-0.382346	0.0794612
-0.382346	0.0794612
-0.380874	0.0802358
-0.380588	0.0872513
-0.378954	0.0856856
-0.378081	0.0810121
-0.374403	0.0983506
-0.373735	0.0817882
-0.372229	0.0849037
-0.369002	0.0880352
-0.367867	0.0825663
-0.366224	0.084124
-0.364654	0.0911848
-0.364156	0.0833441
-0.362586	0.0943548
-0.357418	0.100766
-0.349551	0.00602788
-0.348054	0.0975476
-0.347645	0.0888214
-0.332998	0.0903962
-0.328781	0.0896076
-0.327776	0.0951516
-0.325655	0.096748
-0.315032	0.0959482
-0.304984	0.101576
-0.29284	0.00536561
-0.253975	0.102385
-0.253791	0.107288
-0.244393	0.106467
-0.235148	0.108114
-0.229735	0.105646
-0.229735	0.105646
-0.229274	0.004721
-0.226377	0.103199
-0.226374	0.104829
-0.224007	0.104012
-0.19158	0.108939
-0.156125	0.00409447
-0.142739	0.109768
-0.118045	0.115631
-0.116976	0.114787
-0.115901	0.119035
-0.114219	0.118182
-0.107242	0.117328
-0.106974	0.116479
-0.10521	0.119894
-0.101617	0.110598
-0.0920807	0.113944
-0.0858055	0.120753
-0.0733527	0.00349305
-0.072633	0.111432
-0.0672705	0.113105
-0.0670657	0.121618
-0.0599907	0.112266
-0.0509861	0.122483
-0.0312195	0.123353
-0.00622722	0.124224
0.0183659	0.1251
0.0190829	0.00291779
0.0372525	0.125976
0.0468925	0.13493
0.0484511	0.126859
0.0484511	0.126859
0.0485454	0.134021
0.0533987	0.135846
0.0534927	0.127741
0.0567547	0.133113
0.057764	0.12863
0.0640974	0.136761
0.0641813	0.129518
0.0652486	0.132211
0.0697648	0.130414
0.0702683	0.131309
0.072382	0.137684
0.0779567	0.138607
0.0876313	0.139537
0.102193	0.140467
0.118988	0.141405
0.131719	0.0023775
0.139108	0.142342
0.162649	0.143288
0.181584	0.144233
0.192046	0.145186
0.19896	0.146139
0.208921	0.1471
0.220314	0.148061
0.229269	0.148613
0.229269	0.148613
0.237961	0.149165
0.24196	0.15
0.2422	0.149993
0.242255	0.149586
0.242415	0.14998
0.242639	0.001875
0.242655	0.149954
0.242852	0.149901
0.242964	0.149796
0.314098	0.00167106
0.378272	0.00147596
0.440331	0.00128994
0.503287	0.00111391
0.566225	0.000948021
0.628593	0.000793382
0.689279	0.000650161
0.748108	0.00051954
0.802661	0.000401793
0.853702	0.000298023
0.8979	0.000208618
0.936176	0.000134486
0.967807	7.6057e-05
0.991934	3.39528e-05
1.01088	8.50803e-06
1.01638	0
)
