(title "Pressure Coefficient")
(labels "Pressure Coefficient" "Position")

((xy/key/label "middleplane_pressureside")
-0.70785	0.0225725
-0.707688	0.0232761
-0.707605	0.0218613
-0.707123	0.0239806
-0.707062	0.021151
-0.706153	0.0246774
-0.705757	0.0204333
-0.704885	0.025375
-0.703776	0.0197169
-0.703395	0.026065
-0.701563	0.0267556
-0.701043	0.0189934
-0.699605	0.0274389
-0.697358	0.0182716
-0.697327	0.0281226
-0.694917	0.0287994
-0.692764	0.0175432
-0.692282	0.0294766
-0.689447	0.0301471
-0.686978	0.0168169
-0.686484	0.030818
-0.683267	0.0314826
-0.680067	0.0160848
-0.679991	0.0321476
-0.676486	0.0328067
-0.672907	0.0334661
-0.671945	0.0153552
-0.669177	0.0341202
-0.665327	0.0347745
-0.662402	0.0146208
-0.662402	0.0146208
-0.661413	0.035424
-0.657342	0.0360737
-0.653265	0.0367191
-0.651475	0.0138895
-0.649021	0.0373646
-0.64477	0.0380065
-0.640407	0.0386484
-0.639102	0.0131548
-0.63603	0.0392872
-0.631579	0.0399261
-0.627054	0.0405625
-0.625368	0.0124237
-0.622512	0.041199
-0.617871	0.0418335
-0.613236	0.0424681
-0.609913	0.011691
-0.608503	0.0431014
-0.603762	0.0437347
-0.59895	0.0443673
-0.594058	0.045
-0.592303	0.0109629
-0.588388	0.045763
-0.582468	0.046526
-0.576598	0.047289
-0.572029	0.010236
-0.570556	0.0480519
-0.564576	0.0488149
-0.558487	0.0495779
-0.552392	0.0503408
-0.548343	0.00951516
-0.546269	0.0511038
-0.540083	0.0518668
-0.533962	0.0526297
-0.527791	0.0533928
-0.52173	0.0541558
-0.520296	0.00879905
-0.515684	0.0549189
-0.509714	0.055682
-0.503791	0.0564453
-0.497908	0.0572085
-0.49208	0.057972
-0.487118	0.00809123
-0.486258	0.0587353
-0.480619	0.059499
-0.475035	0.0602626
-0.469687	0.0610267
-0.464463	0.0617906
-0.45944	0.062555
-0.454532	0.0633192
-0.449678	0.0640841
-0.448011	0.00739213
-0.444937	0.0648488
-0.440233	0.0656143
-0.435842	0.0663795
-0.435257	0.0959482
-0.43165	0.0671456
-0.427845	0.0679114
-0.425781	0.0903962
-0.424266	0.0686782
-0.420904	0.0694448
-0.417599	0.0702124
-0.414681	0.0896076
-0.414222	0.0709798
-0.412789	0.096748
-0.410762	0.0717483
-0.410762	0.0717483
-0.407261	0.0725166
-0.406779	0.0951516
-0.404182	0.0732861
-0.402777	0.00670364
-0.401598	0.0740555
-0.399717	0.0748261
-0.398382	0.0755966
-0.398246	0.0911848
-0.39727	0.0763685
-0.39551	0.0771402
-0.392566	0.0779134
-0.391039	0.0833441
-0.388879	0.0786865
-0.388466	0.084124
-0.387467	0.0825663
-0.385114	0.0794612
-0.385114	0.0794612
-0.382987	0.0817882
-0.382802	0.0888214
-0.382305	0.0802358
-0.381368	0.0810121
-0.380274	0.0849037
-0.369619	0.0856856
-0.368058	0.0975476
-0.361391	0.0880352
-0.359572	0.0864673
-0.35527	0.0943548
-0.355238	0.0872513
-0.352205	0.091976
-0.351607	0.00602788
-0.337069	0.0983506
-0.325672	0.0991534
-0.321246	0.093561
-0.319402	0.0927671
-0.312987	0.0999597
-0.299382	0.103199
-0.296969	0.104012
-0.29483	0.00536561
-0.29421	0.100766
-0.293941	0.102385
-0.287824	0.101576
-0.280911	0.104829
-0.249705	0.105646
-0.249705	0.105646
-0.231208	0.004721
-0.207017	0.106467
-0.165599	0.107288
-0.157994	0.00409447
-0.154509	0.111432
-0.153166	0.110598
-0.140405	0.108114
-0.139078	0.112266
-0.138831	0.109768
-0.132271	0.108939
-0.121578	0.113105
-0.107382	0.113944
-0.10382	0.118182
-0.101236	0.117328
-0.0992359	0.119035
-0.0960678	0.114787
-0.0944859	0.116479
-0.0910197	0.115631
-0.0879498	0.119894
-0.0751551	0.00349305
-0.0715535	0.120753
-0.0534551	0.12863
-0.052112	0.129518
-0.0519229	0.121618
-0.0417553	0.127741
-0.0395279	0.130414
-0.0310599	0.122483
-0.0231824	0.126859
-0.0231824	0.126859
-0.0168368	0.131309
-0.0121002	0.123353
-0.00629121	0.125976
0.000500886	0.124224
0.00300418	0.1251
0.0138626	0.132211
0.0173539	0.00291779
0.0473725	0.133113
0.0791779	0.134021
0.100417	0.1471
0.10461	0.13493
0.106516	0.148061
0.110893	0.146139
0.116903	0.148613
0.116903	0.148613
0.120206	0.135846
0.127132	0.145186
0.127206	0.139537
0.127314	0.136761
0.127479	0.140467
0.128176	0.138607
0.12828	0.149165
0.128572	0.137684
0.130082	0.0023775
0.1356	0.141405
0.135718	0.144233
0.136406	0.149586
0.139592	0.149796
0.139891	0.149993
0.140349	0.14998
0.140417	0.149901
0.140563	0.149954
0.140638	0.15
0.14165	0.143288
0.143413	0.142342
0.24109	0.001875
0.312607	0.00167106
0.376835	0.00147596
0.438948	0.00128994
0.501959	0.00111391
0.564958	0.000948021
0.627389	0.000793382
0.688136	0.000650161
0.747026	0.00051954
0.801642	0.000401793
0.852746	0.000298023
0.897005	0.000208618
0.935352	0.000134486
0.96706	7.6057e-05
0.991288	3.39528e-05
1.01035	8.50803e-06
1.01602	0
)
