(title "Pressure Coefficient")
(labels "Pressure Coefficient" "Position")

((xy/key/label "middleplane_pressureside")
-0.70989	0.0225725
-0.70973	0.0232761
-0.709655	0.0218613
-0.709156	0.0239806
-0.709109	0.021151
-0.708207	0.0246774
-0.707794	0.0204333
-0.706912	0.025375
-0.705849	0.0197169
-0.705444	0.026065
-0.703605	0.0267556
-0.703084	0.0189934
-0.701646	0.0274389
-0.699421	0.0182716
-0.699384	0.0281226
-0.696956	0.0287994
-0.694822	0.0175432
-0.694343	0.0294766
-0.691492	0.0301471
-0.689033	0.0168169
-0.688547	0.030818
-0.685329	0.0314826
-0.682148	0.0160848
-0.682053	0.0321476
-0.678561	0.0328067
-0.674968	0.0334661
-0.674009	0.0153552
-0.671261	0.0341202
-0.667397	0.0347745
-0.66449	0.0146208
-0.66449	0.0146208
-0.663502	0.035424
-0.659428	0.0360737
-0.655357	0.0367191
-0.653562	0.0138895
-0.651123	0.0373646
-0.646865	0.0380065
-0.642523	0.0386484
-0.641196	0.0131548
-0.638134	0.0392872
-0.633706	0.0399261
-0.629174	0.0405625
-0.62748	0.0124237
-0.624647	0.041199
-0.620008	0.0418335
-0.615377	0.0424681
-0.61202	0.011691
-0.610657	0.0431014
-0.605912	0.0437347
-0.601122	0.0443673
-0.596222	0.045
-0.594427	0.0109629
-0.590587	0.045763
-0.584649	0.046526
-0.578783	0.047289
-0.574159	0.010236
-0.572743	0.0480519
-0.566755	0.0488149
-0.560701	0.0495779
-0.554603	0.0503408
-0.550479	0.00951516
-0.548521	0.0511038
-0.542334	0.0518668
-0.536223	0.0526297
-0.53005	0.0533928
-0.52397	0.0541558
-0.522452	0.00879905
-0.517932	0.0549189
-0.511956	0.055682
-0.506063	0.0564453
-0.500196	0.0572085
-0.494421	0.057972
-0.489273	0.00809123
-0.488606	0.0587353
-0.482961	0.059499
-0.477368	0.0602626
-0.471976	0.0610267
-0.466756	0.0617906
-0.461713	0.062555
-0.456895	0.0633192
-0.452105	0.0640841
-0.45017	0.00739213
-0.44748	0.0648488
-0.442822	0.0656143
-0.441646	0.0911848
-0.438378	0.0663795
-0.434117	0.0671456
-0.430189	0.0679114
-0.426611	0.0686782
-0.423285	0.0694448
-0.421428	0.091976
-0.420204	0.0702124
-0.41849	0.0903962
-0.418319	0.0975476
-0.417099	0.0709798
-0.416413	0.0983506
-0.41395	0.0717483
-0.41395	0.0717483
-0.410582	0.0725166
-0.40733	0.0732861
-0.404944	0.00670364
-0.404374	0.0740555
-0.402013	0.0748261
-0.400383	0.0755966
-0.399473	0.0763685
-0.398813	0.0771402
-0.397514	0.096748
-0.397332	0.0779134
-0.395607	0.0849037
-0.395596	0.084124
-0.394672	0.0786865
-0.390932	0.0794612
-0.390932	0.0794612
-0.390036	0.0833441
-0.389518	0.0856856
-0.386957	0.0802358
-0.383853	0.0825663
-0.38339	0.0810121
-0.381717	0.0991534
-0.381635	0.0817882
-0.378576	0.0864673
-0.377912	0.0896076
-0.37585	0.0927671
-0.366117	0.0959482
-0.36484	0.0872513
-0.354823	0.0888214
-0.353767	0.00602788
-0.353529	0.0880352
-0.333548	0.0951516
-0.333224	0.093561
-0.32223	0.0999597
-0.317032	0.0943548
-0.316448	0.105646
-0.316448	0.105646
-0.310166	0.106467
-0.296985	0.00536561
-0.294158	0.104829
-0.272527	0.107288
-0.264975	0.100766
-0.258382	0.104012
-0.233358	0.004721
-0.229666	0.101576
-0.228996	0.103199
-0.218022	0.102385
-0.212505	0.108114
-0.160131	0.00409447
-0.150522	0.108939
-0.135923	0.116479
-0.132901	0.122483
-0.132689	0.117328
-0.128227	0.121618
-0.123439	0.123353
-0.116406	0.118182
-0.115076	0.120753
-0.113468	0.115631
-0.104576	0.119035
-0.104314	0.119894
-0.103111	0.109768
-0.100801	0.124224
-0.0810544	0.114787
-0.0772725	0.00349305
-0.0733919	0.110598
-0.0706737	0.1251
-0.056613	0.111432
-0.0522077	0.113944
-0.0420644	0.112266
-0.0397755	0.125976
-0.0356999	0.113105
-0.00975353	0.126859
-0.00975353	0.126859
0.0152825	0.00291779
0.019594	0.127741
0.0229901	0.142342
0.0412344	0.141405
0.0415845	0.12863
0.0512909	0.129518
0.0564316	0.130414
0.0567521	0.138607
0.0608111	0.139537
0.0616938	0.137684
0.0639617	0.140467
0.0649984	0.143288
0.0663257	0.131309
0.0740589	0.136761
0.0850969	0.132211
0.0939196	0.135846
0.1056	0.133113
0.110561	0.13493
0.115163	0.134021
0.128078	0.0023775
0.14217	0.144233
0.192692	0.148613
0.192692	0.148613
0.192946	0.149165
0.197876	0.149586
0.200789	0.148061
0.201455	0.149796
0.2016	0.145186
0.20341	0.149901
0.204433	0.149954
0.204978	0.14998
0.205273	0.149993
0.205681	0.15
0.217514	0.1471
0.225403	0.146139
0.239181	0.001875
0.310772	0.00167106
0.37506	0.00147596
0.437244	0.00128994
0.500331	0.00111391
0.563431	0.000948021
0.625969	0.000793382
0.686815	0.000650161
0.745816	0.00051954
0.800567	0.000401793
0.851827	0.000298023
0.896263	0.000208618
0.934817	0.000134486
0.966757	7.6057e-05
0.991208	3.39528e-05
1.01043	8.50803e-06
1.01614	0
)
