(title "Pressure Coefficient")
(labels "Pressure Coefficient" "Position")

((xy/key/label "middleplane_pressureside")
-0.708111	0.0225725
-0.707947	0.0218613
-0.707942	0.0232761
-0.70735	0.021151
-0.707304	0.0239806
-0.706292	0.0246774
-0.706189	0.0204333
-0.705053	0.025375
-0.70419	0.0197169
-0.703435	0.026065
-0.701662	0.0267556
-0.701492	0.0189934
-0.699595	0.0274389
-0.697901	0.0182716
-0.697328	0.0281226
-0.694887	0.0287994
-0.693283	0.0175432
-0.692177	0.0294766
-0.689386	0.0301471
-0.687631	0.0168169
-0.686309	0.030818
-0.683149	0.0314826
-0.6807	0.0160848
-0.679778	0.0321476
-0.67628	0.0328067
-0.672669	0.0334661
-0.672653	0.0153552
-0.668884	0.0341202
-0.665065	0.0347745
-0.66318	0.0146208
-0.66318	0.0146208
-0.661056	0.035424
-0.657034	0.0360737
-0.652864	0.0367191
-0.652261	0.0138895
-0.648645	0.0373646
-0.644339	0.0380065
-0.639991	0.0131548
-0.639955	0.0386484
-0.635572	0.0392872
-0.63106	0.0399261
-0.626563	0.0405625
-0.626264	0.0124237
-0.621943	0.041199
-0.617333	0.0418335
-0.61263	0.0424681
-0.610889	0.011691
-0.607907	0.0431014
-0.603126	0.0437347
-0.598285	0.0443673
-0.593382	0.045
-0.593351	0.0109629
-0.587661	0.045763
-0.581834	0.046526
-0.575887	0.047289
-0.573119	0.010236
-0.569875	0.0480519
-0.563808	0.0488149
-0.557648	0.0495779
-0.551533	0.0503408
-0.54953	0.00951516
-0.545322	0.0511038
-0.539216	0.0518668
-0.533062	0.0526297
-0.526979	0.0533928
-0.52152	0.00879905
-0.52091	0.0541558
-0.514829	0.0549189
-0.508813	0.055682
-0.502773	0.0564453
-0.496852	0.0572085
-0.49097	0.057972
-0.4884	0.00809123
-0.485288	0.0587353
-0.47968	0.059499
-0.474225	0.0602626
-0.468911	0.0610267
-0.463612	0.0617906
-0.458461	0.062555
-0.453332	0.0633192
-0.449382	0.00739213
-0.448454	0.0640841
-0.444315	0.0951516
-0.44375	0.0648488
-0.439368	0.0656143
-0.435214	0.0663795
-0.431241	0.0671456
-0.427415	0.0679114
-0.426588	0.0943548
-0.423558	0.0686782
-0.419781	0.0694448
-0.415989	0.0702124
-0.415756	0.0959482
-0.412506	0.0709798
-0.41052	0.0888214
-0.409371	0.0717483
-0.409371	0.0717483
-0.406807	0.0725166
-0.404646	0.0732861
-0.404197	0.00670364
-0.402632	0.0740555
-0.402037	0.0896076
-0.400539	0.0748261
-0.397995	0.0755966
-0.397582	0.101576
-0.397323	0.0880352
-0.394937	0.0763685
-0.391426	0.0771402
-0.388793	0.0817882
-0.388442	0.0779134
-0.388267	0.0810121
-0.38712	0.0802358
-0.386691	0.0786865
-0.386448	0.0825663
-0.386377	0.0794612
-0.386377	0.0794612
-0.381474	0.0872513
-0.380925	0.100766
-0.379785	0.0833441
-0.375381	0.093561
-0.370893	0.084124
-0.370626	0.0864673
-0.367622	0.0903962
-0.364868	0.0849037
-0.36477	0.0856856
-0.361148	0.096748
-0.354884	0.102385
-0.353083	0.00602788
-0.327928	0.0927671
-0.32643	0.0911848
-0.326316	0.0999597
-0.308537	0.091976
-0.305618	0.0975476
-0.29637	0.00536561
-0.283722	0.0991534
-0.281914	0.103199
-0.275545	0.0983506
-0.232805	0.004721
-0.220158	0.104012
-0.185672	0.104829
-0.171578	0.109768
-0.169944	0.108939
-0.165967	0.105646
-0.165967	0.105646
-0.164618	0.110598
-0.162823	0.108114
-0.159651	0.00409447
-0.15553	0.107288
-0.155056	0.106467
-0.149401	0.111432
-0.128746	0.112266
-0.109958	0.113105
-0.104069	0.117328
-0.0940478	0.113944
-0.092506	0.118182
-0.088339	0.121618
-0.083009	0.120753
-0.0823341	0.122483
-0.0806087	0.116479
-0.0768589	0.00349305
-0.074442	0.119035
-0.0738168	0.119894
-0.069345	0.123353
-0.068952	0.114787
-0.0566232	0.124224
-0.0558077	0.115631
-0.0470919	0.1251
-0.0396809	0.125976
-0.0300005	0.126859
-0.0300005	0.126859
-0.0127459	0.127741
0.012563	0.12863
0.0156366	0.00291779
0.0395183	0.129518
0.0607614	0.130414
0.0738969	0.131309
0.0795554	0.132211
0.0809649	0.133113
0.0833467	0.134021
0.0855912	0.13493
0.0863898	0.135846
0.0878189	0.136761
0.0897543	0.137684
0.0916132	0.138607
0.0956481	0.139537
0.104154	0.140467
0.117486	0.141405
0.128365	0.0023775
0.133527	0.142342
0.149843	0.143288
0.164134	0.144233
0.174628	0.145186
0.182493	0.146139
0.191897	0.1471
0.203134	0.148061
0.210634	0.148613
0.210634	0.148613
0.212107	0.15
0.212997	0.149993
0.213976	0.14998
0.21531	0.149954
0.216027	0.149165
0.216826	0.149901
0.218199	0.149796
0.2185	0.149586
0.23942	0.001875
0.310987	0.00167106
0.375251	0.00147596
0.437416	0.00128994
0.500482	0.00111391
0.563574	0.000948021
0.626109	0.000793382
0.686944	0.000650161
0.745939	0.00051954
0.800701	0.000401793
0.851986	0.000298023
0.896466	0.000208618
0.935087	0.000134486
0.967114	7.6057e-05
0.991636	3.39528e-05
1.01088	8.50803e-06
1.01654	0
)
