(title "Pressure Coefficient")
(labels "Pressure Coefficient" "Position")

((xy/key/label "middleplane_pressureside")
-0.706665	0.0225725
-0.706502	0.0232761
-0.706437	0.0218613
-0.705907	0.0239806
-0.705859	0.021151
-0.704894	0.0246774
-0.704648	0.0204333
-0.703689	0.025375
-0.702611	0.0197169
-0.702105	0.026065
-0.700324	0.0267556
-0.699922	0.0189934
-0.698313	0.0274389
-0.696261	0.0182716
-0.696032	0.0281226
-0.693637	0.0287994
-0.69165	0.0175432
-0.690937	0.0294766
-0.688156	0.0301471
-0.685933	0.0168169
-0.685118	0.030818
-0.681948	0.0314826
-0.678979	0.0160848
-0.678625	0.0321476
-0.67512	0.0328067
-0.671547	0.0334661
-0.670909	0.0153552
-0.667768	0.0341202
-0.66396	0.0347745
-0.661372	0.0146208
-0.661372	0.0146208
-0.659982	0.035424
-0.655951	0.0360737
-0.651826	0.0367191
-0.650445	0.0138895
-0.647594	0.0373646
-0.64333	0.0380065
-0.638944	0.0386484
-0.638112	0.0131548
-0.634586	0.0392872
-0.630089	0.0399261
-0.625596	0.0405625
-0.624357	0.0124237
-0.621007	0.041199
-0.616389	0.0418335
-0.611724	0.0424681
-0.608946	0.011691
-0.60699	0.0431014
-0.602243	0.0437347
-0.597401	0.0443673
-0.592523	0.045
-0.591348	0.0109629
-0.586801	0.045763
-0.580959	0.046526
-0.575056	0.047289
-0.571085	0.010236
-0.569037	0.0480519
-0.563028	0.0488149
-0.556876	0.0495779
-0.550778	0.0503408
-0.547435	0.00951516
-0.544574	0.0511038
-0.538436	0.0518668
-0.532292	0.0526297
-0.526173	0.0533928
-0.52013	0.0541558
-0.519382	0.00879905
-0.514049	0.0549189
-0.50806	0.055682
-0.502035	0.0564453
-0.496097	0.0572085
-0.490187	0.057972
-0.486226	0.00809123
-0.484418	0.0587353
-0.47879	0.059499
-0.473258	0.0602626
-0.467943	0.0610267
-0.462659	0.0617906
-0.457539	0.062555
-0.452427	0.0633192
-0.447456	0.0640841
-0.447149	0.00739213
-0.442626	0.0648488
-0.43805	0.0656143
-0.43378	0.0663795
-0.429706	0.0671456
-0.425908	0.0679114
-0.42325	0.0951516
-0.42214	0.0686782
-0.418474	0.0694448
-0.416898	0.0959482
-0.414734	0.0702124
-0.411078	0.0709798
-0.409566	0.0896076
-0.407597	0.0717483
-0.407597	0.0717483
-0.404505	0.0725166
-0.401997	0.0732861
-0.40192	0.00670364
-0.399882	0.0740555
-0.398532	0.0888214
-0.398076	0.0748261
-0.396162	0.0755966
-0.393872	0.0763685
-0.390859	0.0903962
-0.390782	0.0771402
-0.390389	0.0943548
-0.38721	0.0779134
-0.385835	0.0825663
-0.384144	0.0817882
-0.384036	0.0786865
-0.383592	0.0833441
-0.382235	0.0810121
-0.381912	0.0794612
-0.381912	0.0794612
-0.381415	0.0802358
-0.37997	0.096748
-0.377205	0.0880352
-0.37626	0.084124
-0.367135	0.0849037
-0.364345	0.102385
-0.363967	0.0872513
-0.362016	0.101576
-0.360204	0.0856856
-0.358798	0.0864673
-0.352919	0.103199
-0.352588	0.100766
-0.351758	0.0911848
-0.350771	0.00602788
-0.345567	0.093561
-0.33801	0.0975476
-0.328922	0.0999597
-0.321597	0.104012
-0.319953	0.091976
-0.317951	0.0927671
-0.309429	0.0983506
-0.305653	0.0991534
-0.294019	0.00536561
-0.273954	0.104829
-0.230414	0.004721
-0.223775	0.105646
-0.223775	0.105646
-0.200065	0.108939
-0.198772	0.109768
-0.186762	0.106467
-0.183284	0.108114
-0.173307	0.107288
-0.161154	0.110598
-0.157224	0.00409447
-0.0989089	0.111432
-0.091061	0.119894
-0.0900232	0.119035
-0.0821999	0.118182
-0.080574	0.120753
-0.075276	0.117328
-0.0744076	0.00349305
-0.0688492	0.116479
-0.066167	0.121618
-0.0591999	0.115631
-0.0537355	0.122483
-0.0522367	0.112266
-0.0476651	0.114787
-0.0406471	0.123353
-0.0384898	0.113944
-0.0367896	0.113105
-0.0255208	0.124224
-0.00815887	0.1251
0.00985617	0.125976
0.0180776	0.00291779
0.0261064	0.126859
0.0261064	0.126859
0.0404961	0.127741
0.0546447	0.12863
0.0665813	0.135846
0.0675104	0.129518
0.0695201	0.136761
0.0707951	0.13493
0.0766018	0.130414
0.0778168	0.137684
0.0798485	0.134021
0.0837723	0.131309
0.0878208	0.138607
0.0881476	0.133113
0.0894285	0.132211
0.0988678	0.139537
0.112229	0.140467
0.127133	0.141405
0.130777	0.0023775
0.144077	0.142342
0.164137	0.143288
0.165186	0.146139
0.168416	0.148613
0.168416	0.148613
0.168943	0.1471
0.169049	0.145186
0.170268	0.148061
0.17204	0.149165
0.174353	0.144233
0.180595	0.149586
0.187844	0.149796
0.192673	0.149901
0.195619	0.149954
0.197385	0.14998
0.198385	0.149993
0.199875	0.15
0.241758	0.001875
0.313257	0.00167106
0.377468	0.00147596
0.439564	0.00128994
0.502557	0.00111391
0.565536	0.000948021
0.627945	0.000793382
0.688672	0.000650161
0.74754	0.00051954
0.802129	0.000401793
0.853202	0.000298023
0.897426	0.000208618
0.935731	0.000134486
0.967388	7.6057e-05
0.991567	3.39528e-05
1.0106	8.50803e-06
1.01625	0
)
