(title "Pressure Coefficient")
(labels "Pressure Coefficient" "Position")

((xy/key/label "middleplane_pressureside")
-0.712143	0.0225725
-0.711977	0.0218613
-0.711953	0.0232761
-0.71144	0.021151
-0.711307	0.0239806
-0.710351	0.0246774
-0.710185	0.0204333
-0.709006	0.025375
-0.708307	0.0197169
-0.70749	0.026065
-0.705641	0.0267556
-0.705551	0.0189934
-0.703608	0.0274389
-0.701978	0.0182716
-0.701352	0.0281226
-0.698851	0.0287994
-0.697402	0.0175432
-0.696229	0.0294766
-0.693335	0.0301471
-0.691679	0.0168169
-0.69035	0.030818
-0.687126	0.0314826
-0.684862	0.0160848
-0.683782	0.0321476
-0.680301	0.0328067
-0.676757	0.0153552
-0.676646	0.0334661
-0.672939	0.0341202
-0.669033	0.0347745
-0.667329	0.0146208
-0.667329	0.0146208
-0.665113	0.035424
-0.66102	0.0360737
-0.656903	0.0367191
-0.65644	0.0138895
-0.652665	0.0373646
-0.648356	0.0380065
-0.644158	0.0131548
-0.64401	0.0386484
-0.639579	0.0392872
-0.635136	0.0399261
-0.630576	0.0405625
-0.63051	0.0124237
-0.626022	0.041199
-0.621368	0.0418335
-0.6167	0.0424681
-0.615104	0.011691
-0.611972	0.0431014
-0.607186	0.0437347
-0.602386	0.0443673
-0.597606	0.0109629
-0.597449	0.045
-0.591806	0.045763
-0.585851	0.046526
-0.579933	0.047289
-0.5774	0.010236
-0.573876	0.0480519
-0.56782	0.0488149
-0.561752	0.0495779
-0.555614	0.0503408
-0.553811	0.00951516
-0.549522	0.0511038
-0.543327	0.0518668
-0.537183	0.0526297
-0.530994	0.0533928
-0.525863	0.00879905
-0.524842	0.0541558
-0.518751	0.0549189
-0.5127	0.055682
-0.506754	0.0564453
-0.500841	0.0572085
-0.495053	0.057972
-0.492752	0.00809123
-0.489232	0.0587353
-0.483542	0.059499
-0.477892	0.0602626
-0.472398	0.0610267
-0.467064	0.0617906
-0.46188	0.062555
-0.45697	0.0633192
-0.453737	0.00739213
-0.452138	0.0640841
-0.447506	0.0648488
-0.442863	0.0656143
-0.438363	0.0663795
-0.434681	0.096748
-0.433975	0.0671456
-0.429817	0.0679114
-0.428287	0.0975476
-0.425978	0.0686782
-0.425564	0.0911848
-0.422421	0.0694448
-0.419204	0.0702124
-0.416101	0.0709798
-0.413087	0.0717483
-0.413087	0.0717483
-0.409883	0.0725166
-0.408586	0.00670364
-0.407759	0.091976
-0.406968	0.0903962
-0.406625	0.0732861
-0.403431	0.0740555
-0.400592	0.0748261
-0.398358	0.0755966
-0.396871	0.0763685
-0.396072	0.0771402
-0.395351	0.0959482
-0.395024	0.0779134
-0.39427	0.0983506
-0.393088	0.0786865
-0.391779	0.0849037
-0.390184	0.084124
-0.389992	0.0794612
-0.389992	0.0794612
-0.387436	0.0856856
-0.386219	0.0802358
-0.384504	0.0833441
-0.382415	0.0810121
-0.379873	0.0825663
-0.379542	0.0817882
-0.378038	0.0864673
-0.372142	0.0896076
-0.36867	0.0927671
-0.365229	0.0872513
-0.363456	0.0991534
-0.357473	0.00602788
-0.353395	0.0880352
-0.352478	0.0888214
-0.344078	0.0951516
-0.336924	0.0999597
-0.333174	0.093561
-0.32201	0.0943548
-0.305125	0.100766
-0.300754	0.00536561
-0.281943	0.101576
-0.27073	0.102385
-0.258471	0.103199
-0.244265	0.104012
-0.237196	0.004721
-0.237097	0.104829
-0.236679	0.112266
-0.234415	0.113105
-0.228779	0.105646
-0.228779	0.105646
-0.224262	0.111432
-0.212042	0.113944
-0.204976	0.110598
-0.204347	0.106467
-0.185794	0.109768
-0.1751	0.107288
-0.171047	0.114787
-0.170072	0.108939
-0.164028	0.00409447
-0.163114	0.108114
-0.120098	0.115631
-0.0812156	0.00349305
-0.0690293	0.116479
-0.0399063	0.1251
-0.0298559	0.125976
-0.0291654	0.131309
-0.0280619	0.124224
-0.0274083	0.130414
-0.0256048	0.117328
-0.0211101	0.132211
-0.0178064	0.129518
-0.00847465	0.126859
-0.00847465	0.126859
-0.00837943	0.123353
-0.0058239	0.12863
-0.00263713	0.133113
0.000725711	0.127741
0.00380228	0.118182
0.0080754	0.122483
0.0113511	0.00291779
0.0194363	0.119035
0.0213823	0.121618
0.0240451	0.134021
0.0280608	0.119894
0.0294115	0.120753
0.0529431	0.13493
0.0569008	0.142342
0.0644558	0.141405
0.0689112	0.143288
0.0785988	0.135846
0.0802389	0.140467
0.0937672	0.136761
0.0947799	0.144233
0.095136	0.139537
0.100691	0.137684
0.103163	0.138607
0.124191	0.0023775
0.125329	0.145186
0.150979	0.146139
0.170669	0.1471
0.186105	0.148061
0.190328	0.15
0.192451	0.148613
0.192451	0.148613
0.193589	0.149993
0.196708	0.14998
0.196895	0.149165
0.199866	0.149954
0.201189	0.149586
0.20213	0.149901
0.202963	0.149796
0.235411	0.001875
0.307114	0.00167106
0.371491	0.00147596
0.433788	0.00128994
0.496986	0.00111391
0.560265	0.000948021
0.623016	0.000793382
0.68404	0.000650161
0.743245	0.00051954
0.798274	0.000401793
0.84987	0.000298023
0.894712	0.000208618
0.933764	0.000134486
0.966282	7.6057e-05
0.99127	3.39528e-05
1.01082	8.50803e-06
1.01656	0
)
