(title "Pressure Coefficient")
(labels "Pressure Coefficient" "Position")

((xy/key/label "middleplane_pressureside")
-0.707311	0.0225725
-0.707129	0.0232761
-0.707096	0.0218613
-0.706567	0.021151
-0.706537	0.0239806
-0.705561	0.0246774
-0.705279	0.0204333
-0.704258	0.025375
-0.703342	0.0197169
-0.702755	0.026065
-0.700904	0.0267556
-0.700608	0.0189934
-0.69892	0.0274389
-0.696958	0.0182716
-0.696636	0.0281226
-0.69419	0.0287994
-0.692383	0.0175432
-0.691549	0.0294766
-0.688686	0.0301471
-0.686616	0.0168169
-0.685708	0.030818
-0.682473	0.0314826
-0.679747	0.0160848
-0.679172	0.0321476
-0.675655	0.0328067
-0.672048	0.0334661
-0.67163	0.0153552
-0.668309	0.0341202
-0.664431	0.0347745
-0.662129	0.0146208
-0.662129	0.0146208
-0.660505	0.035424
-0.656411	0.0360737
-0.652313	0.0367191
-0.651223	0.0138895
-0.648051	0.0373646
-0.643776	0.0380065
-0.639397	0.0386484
-0.638878	0.0131548
-0.634996	0.0392872
-0.630528	0.0399261
-0.625981	0.0405625
-0.625187	0.0124237
-0.621418	0.041199
-0.616756	0.0418335
-0.612099	0.0424681
-0.609741	0.011691
-0.607345	0.0431014
-0.602581	0.0437347
-0.597745	0.0443673
-0.592829	0.045
-0.592173	0.0109629
-0.58713	0.045763
-0.581183	0.046526
-0.575284	0.047289
-0.571924	0.010236
-0.569211	0.0480519
-0.563201	0.0488149
-0.557079	0.0495779
-0.550956	0.0503408
-0.548268	0.00951516
-0.544802	0.0511038
-0.538588	0.0518668
-0.532438	0.0526297
-0.52623	0.0533928
-0.520268	0.00879905
-0.520137	0.0541558
-0.514052	0.0549189
-0.508052	0.055682
-0.502099	0.0564453
-0.496205	0.0572085
-0.490354	0.057972
-0.487109	0.00809123
-0.484527	0.0587353
-0.478869	0.059499
-0.47325	0.0602626
-0.467864	0.0610267
-0.462606	0.0617906
-0.457588	0.062555
-0.452679	0.0633192
-0.448041	0.00739213
-0.447873	0.0640841
-0.443175	0.0648488
-0.438526	0.0656143
-0.435008	0.0911848
-0.434143	0.0663795
-0.429889	0.0671456
-0.425993	0.0679114
-0.422354	0.0686782
-0.419038	0.0694448
-0.417383	0.0903962
-0.415886	0.0702124
-0.41333	0.0975476
-0.412784	0.0709798
-0.409609	0.0717483
-0.409609	0.0717483
-0.409511	0.091976
-0.406261	0.0725166
-0.403061	0.0732861
-0.402845	0.00670364
-0.400388	0.0983506
-0.40012	0.0740555
-0.398997	0.096748
-0.397789	0.0748261
-0.396107	0.0755966
-0.395151	0.0763685
-0.394337	0.0771402
-0.392802	0.0779134
-0.390754	0.084124
-0.390629	0.0849037
-0.390176	0.0786865
-0.386544	0.0794612
-0.386544	0.0794612
-0.385758	0.0833441
-0.384556	0.0856856
-0.382687	0.0802358
-0.379703	0.0825663
-0.379092	0.0810121
-0.377313	0.0817882
-0.375538	0.0896076
-0.373272	0.0864673
-0.369214	0.0959482
-0.364661	0.0927671
-0.36005	0.0991534
-0.358195	0.0872513
-0.351701	0.00602788
-0.348062	0.0888214
-0.345354	0.0880352
-0.336023	0.0951516
-0.328128	0.093561
-0.317688	0.0943548
-0.313129	0.0999597
-0.294959	0.00536561
-0.277701	0.100766
-0.262339	0.105646
-0.262339	0.105646
-0.261602	0.106467
-0.257248	0.101576
-0.247092	0.104829
-0.245005	0.102385
-0.236844	0.103199
-0.236639	0.104012
-0.234911	0.107288
-0.231373	0.004721
-0.2026	0.108114
-0.181991	0.108939
-0.158192	0.00409447
-0.156055	0.109768
-0.125217	0.116479
-0.119854	0.115631
-0.118565	0.117328
-0.105927	0.110598
-0.105008	0.114787
-0.101894	0.118182
-0.0883475	0.124224
-0.0863742	0.1251
-0.0851686	0.113944
-0.0778112	0.119035
-0.0753849	0.00349305
-0.0739366	0.123353
-0.065307	0.113105
-0.0624053	0.111432
-0.0601403	0.125976
-0.0536721	0.122483
-0.0531298	0.112266
-0.0506277	0.119894
-0.0361786	0.121618
-0.0333611	0.120753
-0.0209804	0.126859
-0.0209804	0.126859
0.0114928	0.127741
0.0171038	0.00291779
0.0352224	0.12863
0.0562173	0.129518
0.0678364	0.136761
0.0716999	0.135846
0.0733427	0.130414
0.0818739	0.137684
0.0836426	0.131309
0.0894988	0.13493
0.0932211	0.132211
0.10296	0.133113
0.103137	0.134021
0.105923	0.138607
0.124892	0.144233
0.127393	0.143288
0.127875	0.149993
0.128761	0.145186
0.129252	0.14998
0.12939	0.15
0.129814	0.0023775
0.130362	0.149954
0.130736	0.139537
0.132559	0.149901
0.132729	0.142342
0.136958	0.149796
0.138649	0.146139
0.139224	0.141405
0.142484	0.140467
0.142715	0.149586
0.148788	0.149165
0.149065	0.1471
0.153273	0.148613
0.153273	0.148613
0.154058	0.148061
0.240821	0.001875
0.312346	0.00167106
0.376577	0.00147596
0.438699	0.00128994
0.501721	0.00111391
0.564745	0.000948021
0.627202	0.000793382
0.687969	0.000650161
0.746886	0.00051954
0.801542	0.000401793
0.8527	0.000298023
0.897032	0.000208618
0.93547	0.000134486
0.967291	7.6057e-05
0.991621	3.39528e-05
1.01074	8.50803e-06
1.01638	0
)
