(title "Pressure Coefficient")
(labels "Pressure Coefficient" "Position")

((xy/key/label "middleplane_pressureside")
-0.712257	0.0225725
-0.71206	0.0218613
-0.712044	0.0232761
-0.71156	0.021151
-0.711438	0.0239806
-0.710399	0.0246774
-0.710335	0.0204333
-0.709123	0.025375
-0.708375	0.0197169
-0.707559	0.026065
-0.705727	0.0189934
-0.705706	0.0267556
-0.703704	0.0274389
-0.702096	0.0182716
-0.701376	0.0281226
-0.698955	0.0287994
-0.697561	0.0175432
-0.696253	0.0294766
-0.693417	0.0301471
-0.691859	0.0168169
-0.690391	0.030818
-0.687163	0.0314826
-0.684991	0.0160848
-0.683849	0.0321476
-0.680303	0.0328067
-0.676958	0.0153552
-0.67672	0.0334661
-0.672929	0.0341202
-0.669085	0.0347745
-0.667477	0.0146208
-0.667477	0.0146208
-0.665114	0.035424
-0.66104	0.0360737
-0.656923	0.0367191
-0.656627	0.0138895
-0.652657	0.0373646
-0.648389	0.0380065
-0.644341	0.0131548
-0.643985	0.0386484
-0.639609	0.0392872
-0.635109	0.0399261
-0.630677	0.0124237
-0.630588	0.0405625
-0.626002	0.041199
-0.621356	0.0418335
-0.616692	0.0424681
-0.615323	0.011691
-0.611938	0.0431014
-0.607185	0.0437347
-0.602335	0.0443673
-0.597801	0.0109629
-0.597442	0.045
-0.591716	0.045763
-0.585826	0.046526
-0.579932	0.047289
-0.577624	0.010236
-0.573885	0.0480519
-0.567891	0.0488149
-0.561741	0.0495779
-0.555639	0.0503408
-0.554041	0.00951516
-0.549444	0.0511038
-0.543268	0.0518668
-0.537123	0.0526297
-0.530965	0.0533928
-0.526081	0.00879905
-0.524922	0.0541558
-0.518853	0.0549189
-0.512884	0.055682
-0.506904	0.0564453
-0.500996	0.0572085
-0.495098	0.057972
-0.493003	0.00809123
-0.489302	0.0587353
-0.483666	0.059499
-0.478098	0.0602626
-0.472791	0.0610267
-0.467559	0.0617906
-0.462534	0.062555
-0.457526	0.0633192
-0.453985	0.00739213
-0.452635	0.0640841
-0.448019	0.0959482
-0.447831	0.0648488
-0.44319	0.0656143
-0.438868	0.0663795
-0.43473	0.0671456
-0.433696	0.0951516
-0.430977	0.0679114
-0.427359	0.0686782
-0.42395	0.0694448
-0.420492	0.0702124
-0.42049	0.0896076
-0.419193	0.0903962
-0.417021	0.0709798
-0.413511	0.0717483
-0.413511	0.0717483
-0.410156	0.0725166
-0.410031	0.096748
-0.408833	0.00670364
-0.407325	0.0732861
-0.404972	0.0740555
-0.403231	0.0748261
-0.40178	0.0755966
-0.400294	0.0763685
-0.398008	0.0771402
-0.39478	0.0779134
-0.39442	0.0888214
-0.393083	0.0833441
-0.391412	0.0825663
-0.391163	0.0786865
-0.388885	0.084124
-0.387847	0.0794612
-0.387847	0.0794612
-0.387588	0.0817882
-0.385837	0.0802358
-0.385629	0.0810121
-0.384377	0.0911848
-0.381584	0.0943548
-0.380487	0.0849037
-0.371553	0.0880352
-0.370873	0.0856856
-0.363536	0.0864673
-0.36261	0.0872513
-0.357738	0.00602788
-0.353142	0.0975476
-0.346092	0.0999597
-0.340638	0.091976
-0.335639	0.093561
-0.332384	0.100766
-0.32135	0.0991534
-0.319405	0.0927671
-0.314571	0.0983506
-0.301021	0.00536561
-0.290493	0.101576
-0.250995	0.102385
-0.237469	0.004721
-0.233619	0.104829
-0.23325	0.104012
-0.231292	0.103199
-0.218755	0.105646
-0.218755	0.105646
-0.208486	0.110598
-0.204524	0.109768
-0.195617	0.111432
-0.19454	0.106467
-0.188308	0.108939
-0.177422	0.107288
-0.17597	0.108114
-0.173145	0.112266
-0.164309	0.00409447
-0.146307	0.113105
-0.116248	0.113944
-0.11039	0.121618
-0.106347	0.120753
-0.101129	0.122483
-0.0887138	0.119894
-0.0835682	0.114787
-0.0835231	0.123353
-0.0814986	0.00349305
-0.0670706	0.119035
-0.0617503	0.124224
-0.0598019	0.115631
-0.0528491	0.118182
-0.0509993	0.116479
-0.0489808	0.117328
-0.0391248	0.1251
-0.0181587	0.125976
-0.000127541	0.126859
-0.000127541	0.126859
0.0110688	0.00291779
0.0127061	0.127741
0.0151659	0.129518
0.0155368	0.130414
0.016727	0.12863
0.0182432	0.131309
0.0229879	0.132211
0.0340813	0.133113
0.0491938	0.140467
0.0527095	0.139537
0.052952	0.134021
0.0565401	0.141405
0.0650679	0.138607
0.0729226	0.142342
0.0732351	0.13493
0.0795931	0.137684
0.0862595	0.135846
0.0881818	0.136761
0.0950433	0.143288
0.120818	0.144233
0.123911	0.0023775
0.147756	0.145186
0.171949	0.146139
0.19199	0.1471
0.202149	0.15
0.20269	0.149993
0.203363	0.14998
0.204302	0.149954
0.205297	0.148061
0.205532	0.149901
0.207278	0.149796
0.209373	0.149586
0.210145	0.148613
0.210145	0.148613
0.210924	0.149165
0.235139	0.001875
0.306849	0.00167106
0.371231	0.00147596
0.433537	0.00128994
0.496742	0.00111391
0.560034	0.000948021
0.622799	0.000793382
0.683837	0.000650161
0.743056	0.00051954
0.798108	0.000401793
0.849731	0.000298023
0.894606	0.000208618
0.9337	0.000134486
0.966264	7.6057e-05
0.991292	3.39528e-05
1.01086	8.50803e-06
1.0166	0
)
