(title "Pressure Coefficient")
(labels "Pressure Coefficient" "Position")

((xy/key/label "middleplane_pressureside")
-0.705502	0.0225725
-0.705386	0.0232761
-0.705329	0.0218613
-0.704758	0.0239806
-0.704687	0.021151
-0.703809	0.0246774
-0.70347	0.0204333
-0.702563	0.025375
-0.701468	0.0197169
-0.70099	0.026065
-0.699247	0.0267556
-0.69869	0.0189934
-0.697182	0.0274389
-0.695085	0.0182716
-0.694978	0.0281226
-0.692514	0.0287994
-0.690403	0.0175432
-0.689869	0.0294766
-0.687067	0.0301471
-0.684704	0.0168169
-0.684018	0.030818
-0.680887	0.0314826
-0.677747	0.0160848
-0.677503	0.0321476
-0.674064	0.0328067
-0.670426	0.0334661
-0.669622	0.0153552
-0.666701	0.0341202
-0.662856	0.0347745
-0.660125	0.0146208
-0.660125	0.0146208
-0.658884	0.035424
-0.654867	0.0360737
-0.650699	0.0367191
-0.649135	0.0138895
-0.646517	0.0373646
-0.642185	0.0380065
-0.637852	0.0386484
-0.636816	0.0131548
-0.633436	0.0392872
-0.628965	0.0399261
-0.624447	0.0405625
-0.623038	0.0124237
-0.619843	0.041199
-0.615239	0.0418335
-0.610526	0.0424681
-0.607578	0.011691
-0.60583	0.0431014
-0.601022	0.0437347
-0.596221	0.0443673
-0.591285	0.045
-0.589988	0.0109629
-0.585624	0.045763
-0.579761	0.046526
-0.573783	0.047289
-0.569676	0.010236
-0.567769	0.0480519
-0.561635	0.0488149
-0.555529	0.0495779
-0.549377	0.0503408
-0.546021	0.00951516
-0.54323	0.0511038
-0.537121	0.0518668
-0.530958	0.0526297
-0.524871	0.0533928
-0.518712	0.0541558
-0.517947	0.00879905
-0.512625	0.0549189
-0.506531	0.055682
-0.500521	0.0564453
-0.494592	0.0572085
-0.48877	0.057972
-0.484747	0.00809123
-0.483092	0.0587353
-0.477469	0.059499
-0.472016	0.0602626
-0.46654	0.0610267
-0.461243	0.0617906
-0.456017	0.062555
-0.450967	0.0633192
-0.448972	0.093561
-0.446137	0.0640841
-0.445668	0.00739213
-0.441519	0.0648488
-0.437204	0.0656143
-0.43301	0.0663795
-0.43071	0.0943548
-0.428999	0.0671456
-0.424974	0.0679114
-0.421074	0.0686782
-0.417232	0.0694448
-0.417176	0.0927671
-0.413639	0.0702124
-0.410391	0.0709798
-0.407576	0.0717483
-0.407576	0.0717483
-0.405225	0.0725166
-0.403659	0.0880352
-0.402958	0.0732861
-0.400694	0.0740555
-0.400421	0.00670364
-0.398081	0.0748261
-0.395375	0.0872513
-0.395152	0.0755966
-0.392058	0.0888214
-0.391911	0.0763685
-0.38892	0.0771402
-0.388162	0.0810121
-0.387924	0.0802358
-0.387131	0.0794612
-0.387131	0.0794612
-0.387068	0.0779134
-0.386582	0.0786865
-0.386387	0.0817882
-0.382521	0.0864673
-0.380844	0.0825663
-0.375873	0.0951516
-0.372941	0.0856856
-0.372769	0.0833441
-0.371385	0.0983506
-0.368188	0.091976
-0.367356	0.0849037
-0.367169	0.084124
-0.366445	0.0991534
-0.360966	0.0896076
-0.349245	0.00602788
-0.347253	0.0999597
-0.339382	0.0975476
-0.335358	0.0911848
-0.333571	0.0903962
-0.330512	0.100766
-0.322863	0.0959482
-0.307606	0.096748
-0.307393	0.101576
-0.292484	0.00536561
-0.272037	0.102385
-0.231841	0.103199
-0.23097	0.109768
-0.228863	0.004721
-0.227776	0.110598
-0.218767	0.111432
-0.214403	0.108939
-0.214259	0.112266
-0.195391	0.104012
-0.191509	0.113105
-0.18864	0.108114
-0.164745	0.107288
-0.162887	0.104829
-0.15566	0.00409447
-0.148744	0.106467
-0.14547	0.105646
-0.14547	0.105646
-0.142679	0.113944
-0.0808018	0.114787
-0.07284	0.00349305
-0.0635964	0.129518
-0.0606072	0.12863
-0.055755	0.130414
-0.0478957	0.127741
-0.03738	0.131309
-0.0355221	0.118182
-0.0353386	0.119035
-0.0310611	0.126859
-0.0310611	0.126859
-0.0291609	0.115631
-0.0242254	0.117328
-0.0241513	0.119894
-0.0173985	0.125976
-0.0133428	0.116479
-0.0125728	0.120753
-0.0104145	0.1251
-0.00988299	0.132211
-0.0080822	0.121618
-0.00790593	0.124224
-0.00748086	0.122483
-0.0072237	0.123353
0.0196286	0.00291779
0.0224698	0.133113
0.0546344	0.134021
0.0824415	0.13493
0.104484	0.146139
0.105101	0.135846
0.105168	0.1471
0.114437	0.145186
0.114485	0.148061
0.122652	0.136761
0.125085	0.148613
0.125085	0.148613
0.130816	0.144233
0.132294	0.0023775
0.136915	0.137684
0.139434	0.149165
0.146055	0.143288
0.149117	0.138607
0.152855	0.149586
0.154688	0.142342
0.15631	0.139537
0.158511	0.141405
0.158742	0.140467
0.161381	0.149796
0.166297	0.149901
0.16912	0.149954
0.170822	0.14998
0.171781	0.149993
0.173345	0.15
0.243217	0.001875
0.314665	0.00167106
0.378834	0.00147596
0.440881	0.00128994
0.503818	0.00111391
0.566717	0.000948021
0.629045	0.000793382
0.689696	0.000650161
0.748477	0.00051954
0.802959	0.000401793
0.85391	0.000298023
0.897999	0.000208618
0.936142	0.000134486
0.967623	7.6057e-05
0.991619	3.39528e-05
1.01053	8.50803e-06
1.01612	0
)
