(title "Skin Friction Coefficient")
(labels "Skin Friction Coefficient" "Position")

((xy/key/label "middleplane_suctionside")
8.53109e-05	0.0425965
0.000109757	0.0418887
0.000170329	0.0433041
0.000205033	0.0583304
0.000247819	0.0411723
0.000270584	0.0440029
0.000304681	0.0575074
0.000347118	0.0447016
0.000396041	0.0591524
0.000397635	0.0404558
0.000412432	0.0453912
0.000469586	0.0460808
0.000524494	0.0468912
0.000564995	0.039731
0.000581976	0.0477015
0.000594018	0.0566866
0.000594857	0.0525887
0.000606475	0.127992
0.000614837	0.0534074
0.000634103	0.0517727
0.00064037	0.0485143
0.000642355	0.128786
0.000677233	0.0493266
0.000678662	0.0509558
0.000698302	0.0501416
0.000708204	0.0599766
0.000709726	0.0542254
0.000736834	0.039006
0.000737683	0.133526
0.000751546	0.0632753
0.000769773	0.0550455
0.000771896	0.0657532
0.000797954	0.0558648
0.000873239	0.0607997
0.000897564	0.134312
0.000921771	0.0382731
0.00103605	0.132739
0.00108527	0.0641003
0.00111563	0.0649273
0.00112521	0.0375401
0.00116319	0.129579
0.00117426	0.0624492
0.00118544	0.140555
0.00122526	0.139779
0.00125969	0.061625
0.00130852	0.127197
0.0013284	0.0367996
0.0013481	0.135097
0.00141898	0.141328
0.00146047	0.148972
0.00148433	0.148601
0.00148682	0.149343
0.00150565	0.14823
0.00151626	0.131951
0.00151635	0.139002
0.00155879	0.0360589
0.00156114	0.149549
0.00161206	0.130371
0.00163306	0.143643
0.00164244	0.147469
0.001712	0.144411
0.00176345	0.142101
0.00177715	0.131162
0.00177789	0.0353113
0.00178898	0.149652
0.0017936	0.135881
0.00183672	0.0665807
0.00187985	0.142873
0.00196035	0.146708
0.00199471	0.138223
0.00201776	0.0345636
0.00202276	0.0963647
0.00214026	0.115964
0.00214633	0.111912
0.00214845	0.112724
0.0021568	0.1111
0.00216549	0.113533
0.00217787	0.115153
0.00218233	0.110285
0.00218279	0.114345
0.00218922	0.145179
0.00219248	0.136663
0.00223059	0.0971866
0.0022308	0.126401
0.00224978	0.109472
0.00226117	0.0338094
0.00226281	0.145944
0.00228353	0.116772
0.00229173	0.103754
0.00229659	0.120799
0.00232542	0.137444
0.00235349	0.149704
0.00239036	0.0955387
0.00243293	0.108655
0.00244417	0.102936
0.00247295	0.104574
0.00250161	0.0330552
0.00250161	0.0330552
0.00250354	0.1216
0.00259016	0.105392
0.00266455	0.107841
0.00266455	0.107841
0.00267815	0.106209
0.0027442	0.107024
0.00278097	0.0322952
0.00286269	0.0980108
0.00289266	0.122404
0.00289665	0.102114
0.00290905	0.11758
0.00292529	0.125604
0.00301705	0.123205
0.00304602	0.0315354
0.00307251	0.119994
0.00308895	0.14973
0.00317207	0.124006
0.00324118	0.124806
0.00326292	0.101296
0.00326794	0.0690626
0.00332256	0.0307708
0.00349595	0.0889371
0.00358209	0.0300065
0.00361291	0.0682353
0.00365923	0.0947171
0.00370627	0.098833
0.00376276	0.149743
0.00376718	0.100474
0.00381639	0.118386
0.00384858	0.0292382
0.00402032	0.119191
0.0040729	0.067407
0.00410447	0.0996547
0.00412927	0.0284702
0.00429377	0.149749
0.00438212	0.0881126
0.00439733	0.0707182
0.00440481	0.0276991
0.00472003	0.0897658
0.00473657	0.0269284
0.00479598	0.0814909
0.0048612	0.0715473
0.00502775	0.0261561
0.00518466	0.0773463
0.00520835	0.0806604
0.00533264	0.0938908
0.00533703	0.0253844
0.00564679	0.082317
0.00569717	0.0765191
0.00569841	0.0246121
0.00584399	0.0781767
0.00587164	0.0698909
0.00607381	0.0238405
0.006131	0.075688
0.00615836	0.0748616
0.00621963	0.0872836
0.00641781	0.0230708
0.0067015	0.079834
0.00670756	0.0223023
0.00674001	0.0831475
0.00686966	0.0905909
0.00692894	0.0930684
0.0069872	0.0790047
0.00709059	0.0215355
0.00735931	0.0839744
0.00751734	0.0207706
0.00759155	0.0740311
0.00773292	0.0864586
0.00773412	0.0848036
0.00791106	0.0200097
0.00811293	0.0922427
0.00811293	0.0922427
0.00814014	0.091418
0.00817785	0.0856305
0.00836496	0.019251
0.00877161	0.0184982
0.00918504	0.017748
0.00965321	0.0170054
0.00983719	0.0723754
0.0101574	0.0162654
0.0102331	0.0732043
0.0107317	0.0155359
0.0113551	0.0148092
0.0118932	0.0140962
0.0124103	0.0133865
0.0129968	0.0126915
0.0137192	0.0120004
0.0144255	0.0113271
0.0152447	0.0106588
0.0160655	0.0100098
0.0169249	0.0093677
0.0178307	8.24209e-05
0.0179399	0.00874669
0.0190913	0.00813306
0.0199985	0.00754529
0.0209065	0.00011253
0.0209216	0.00696551
0.0217122	0.00641152
0.0225688	0.00586785
0.0237742	0.00534934
0.023908	0.000166752
0.0253108	0.00484274
0.0265579	0.00436711
0.0265749	0.00024267
0.0278673	0.00390581
0.0286966	0.000341303
0.0289505	0.00347298
0.0298983	0.00305901
0.0303975	0.000456433
0.0309289	0.00267424
0.0318268	0.00059126
0.032406	0.00230864
0.0329923	0.000736003
0.0337583	0.000896333
0.0338953	0.00212956
0.0343243	0.00195389
0.0343743	0.00105995
0.034798	0.00123677
0.0348339	0.0017695
0.0350677	0.00140978
0.0352208	0.00159315
)
