(title "Skin Friction Coefficient")
(labels "Skin Friction Coefficient" "Position")

((xy/key/label "middleplane_suctionside")
7.10635e-05	0.0425965
0.000108104	0.0418887
0.000129082	0.0433041
0.000230949	0.0440029
0.00025291	0.0411723
0.000319454	0.0447016
0.000411509	0.0453912
0.00041296	0.0404558
0.000434305	0.061625
0.000459931	0.0566866
0.000487326	0.0460808
0.000541285	0.0575074
0.000543825	0.0468912
0.000581315	0.039731
0.000582515	0.0558648
0.000610597	0.0477015
0.000617702	0.0632753
0.000632422	0.0485143
0.000635914	0.0624492
0.000645626	0.0493266
0.000665156	0.0501416
0.0006727	0.0550455
0.000681294	0.0509558
0.000688496	0.0607997
0.000712275	0.0542254
0.000718312	0.0517727
0.000738038	0.0583304
0.000746724	0.0525887
0.000750541	0.0534074
0.000770964	0.039006
0.000820198	0.0641003
0.000858262	0.0599766
0.000875406	0.148972
0.000878517	0.0665807
0.000880011	0.0591524
0.000952043	0.0382731
0.000987658	0.149343
0.00108254	0.067407
0.00111791	0.145179
0.00112615	0.148601
0.00114326	0.132739
0.00115718	0.0375401
0.00120001	0.139002
0.00121204	0.149549
0.00123253	0.138223
0.00129722	0.139779
0.00129943	0.131951
0.00135598	0.0367996
0.00138201	0.133526
0.00141643	0.137444
0.00143913	0.100474
0.00145515	0.149652
0.00147325	0.131162
0.00149379	0.145944
0.00153069	0.140555
0.001541	0.0996547
0.00154134	0.14823
0.00155739	0.0963647
0.00157154	0.0360589
0.00164173	0.0971866
0.0016529	0.0955387
0.0016736	0.11758
0.00167805	0.130371
0.00167811	0.0649273
0.00168297	0.149704
0.00168706	0.0657532
0.00169762	0.144411
0.00171577	0.101296
0.00172968	0.0980108
0.00173102	0.098833
0.00173482	0.127992
0.00174099	0.118386
0.00180106	0.0353113
0.00183355	0.136663
0.00192281	0.14973
0.00192674	0.119191
0.00193118	0.127197
0.00193479	0.116772
0.00195028	0.149749
0.0019819	0.147469
0.00198425	0.128786
0.00198454	0.129579
0.00199601	0.134312
0.00202108	0.141328
0.00202193	0.146708
0.00202405	0.0345636
0.00208481	0.0947171
0.00212714	0.149743
0.00213177	0.102114
0.00224398	0.142101
0.00225008	0.106209
0.00225958	0.105392
0.00228409	0.119994
0.00228461	0.0338094
0.00230018	0.107024
0.00231146	0.135881
0.00231596	0.142873
0.00233225	0.104574
0.00234144	0.107841
0.00234144	0.107841
0.00238707	0.115964
0.00240415	0.102936
0.00242506	0.135097
0.00243807	0.103754
0.00244565	0.143643
0.00246621	0.0905909
0.00247102	0.0897658
0.00247824	0.113533
0.00251963	0.0330552
0.00251963	0.0330552
0.00252949	0.1216
0.0025325	0.114345
0.0025479	0.0682353
0.00255292	0.120799
0.00255845	0.126401
0.00257291	0.115153
0.00261284	0.122404
0.00262328	0.0938908
0.00267753	0.112724
0.00273023	0.108655
0.00273472	0.091418
0.00279364	0.0322952
0.00284299	0.0889371
0.00285049	0.0864586
0.00291882	0.0698909
0.0029398	0.0856305
0.00294439	0.0930684
0.00296616	0.0922427
0.00296616	0.0922427
0.00303213	0.0872836
0.00307156	0.0315354
0.00307468	0.111912
0.00307528	0.0690626
0.00308324	0.123205
0.00312678	0.0881126
0.00320922	0.125604
0.00331937	0.0307708
0.00332727	0.109472
0.00340012	0.1111
0.00352619	0.110285
0.00353529	0.0848036
0.00358655	0.124006
0.0036004	0.0300065
0.00363998	0.124806
0.00370663	0.0790047
0.00384571	0.0292382
0.00385181	0.0781767
0.00413215	0.0284702
0.00440743	0.075688
0.00442216	0.0276991
0.0045046	0.0773463
0.00460853	0.0765191
0.00472476	0.0269284
0.00487753	0.0748616
0.00490262	0.0707182
0.00504857	0.0261561
0.00530555	0.0839744
0.005327	0.0253844
0.0055311	0.079834
0.00569369	0.0246121
0.00608313	0.0238405
0.00617188	0.0740311
0.00639287	0.0230708
0.0067214	0.0223023
0.00708609	0.0215355
0.00751215	0.0207706
0.00792032	0.0200097
0.00834061	0.019251
0.00876583	0.0831475
0.00877573	0.0184982
0.00898232	0.0806604
0.00917521	0.017748
0.00960342	0.0715473
0.00964285	0.0170054
0.0097978	0.0732043
0.0101648	0.0162654
0.0107171	0.0155359
0.011358	0.0148092
0.0114668	0.0814909
0.0114913	0.082317
0.0118827	0.0140962
0.012399	0.0133865
0.0124959	0.0723754
0.0129993	0.0126915
0.0137092	0.0120004
0.0144303	0.0113271
0.0152347	0.0106588
0.0160603	0.0100098
0.0169317	0.0093677
0.0179365	0.00874669
0.01804	8.24209e-05
0.0191077	0.00813306
0.020004	0.00754529
0.0209242	0.00696551
0.021115	0.00011253
0.0217321	0.00641152
0.0225805	0.00586785
0.0237957	0.00534934
0.024114	0.000166752
0.0253397	0.00484274
0.0265846	0.00436711
0.0267587	0.00024267
0.0279079	0.00390581
0.0288701	0.000341303
0.0289991	0.00347298
0.0299527	0.00305901
0.0305622	0.000456433
0.0309916	0.00267424
0.0319837	0.00059126
0.0324774	0.00230864
0.033138	0.000736003
0.0338994	0.000896333
0.0339779	0.00212956
0.0344144	0.00195389
0.0345114	0.00105995
0.0349254	0.00123677
0.0349369	0.0017695
0.0351841	0.00140978
0.0353335	0.00159315
)
