(title "Skin Friction Coefficient")
(labels "Skin Friction Coefficient" "Position")

((xy/key/label "middleplane_suctionside")
6.98474e-05	0.0425965
7.07961e-05	0.0418887
0.000108194	0.0583304
0.000168381	0.0433041
0.000173082	0.0575074
0.000221125	0.0411723
0.000264478	0.0440029
0.000336016	0.0447016
0.000366273	0.0591524
0.000376615	0.0404558
0.000404808	0.0453912
0.000464136	0.0460808
0.000509996	0.0468912
0.000518105	0.0525887
0.000540678	0.0566866
0.000541142	0.039731
0.000553155	0.0517727
0.000568706	0.124006
0.000587099	0.0477015
0.000627436	0.0534074
0.000632973	0.0509558
0.000642468	0.0485143
0.000651668	0.123205
0.00067375	0.0493266
0.0006777	0.0501416
0.000696403	0.124806
0.000712902	0.0599766
0.00071903	0.126401
0.000724401	0.039006
0.000748275	0.125604
0.000756952	0.0542254
0.000771759	0.142873
0.000852781	0.135097
0.000860641	0.0550455
0.000879749	0.142101
0.000885752	0.0558648
0.000899296	0.0382731
0.00090667	0.127197
0.000922706	0.135881
0.000945966	0.134312
0.000972872	0.143643
0.000999686	0.122404
0.00102293	0.133526
0.00103625	0.132739
0.00108078	0.136663
0.00110558	0.0375401
0.0011132	0.144411
0.00114278	0.141328
0.00116681	0.0607997
0.00117005	0.131951
0.00117112	0.137444
0.00118861	0.138223
0.00123194	0.140555
0.00123429	0.139002
0.00124379	0.0632753
0.00125822	0.139779
0.00126073	0.145179
0.00127524	0.149343
0.00130519	0.0367996
0.00131128	0.116772
0.00131667	0.127992
0.00134969	0.11758
0.00136858	0.1216
0.00136994	0.131162
0.00141668	0.148972
0.00148026	0.130371
0.00150087	0.149549
0.00152642	0.0360589
0.00153063	0.129579
0.00153908	0.128786
0.00159169	0.115964
0.00159331	0.120799
0.00162029	0.118386
0.00162366	0.119994
0.00164763	0.119191
0.00173026	0.115153
0.0017379	0.0624492
0.00175438	0.149652
0.001759	0.0353113
0.00177838	0.145944
0.00178183	0.114345
0.00178538	0.0657532
0.00183855	0.148601
0.00192699	0.113533
0.00198622	0.0345636
0.00207504	0.061625
0.00207529	0.149704
0.00221682	0.0641003
0.00224686	0.0338094
0.00227402	0.112724
0.00227938	0.14823
0.00234987	0.0649273
0.00243968	0.146708
0.00248145	0.0330552
0.00248145	0.0330552
0.00252966	0.14973
0.00255918	0.075688
0.00263878	0.147469
0.00269894	0.111912
0.00271135	0.0690626
0.00275976	0.0322952
0.00281054	0.102114
0.00295657	0.102936
0.00298267	0.149743
0.00303573	0.0315354
0.00308241	0.1111
0.00308763	0.101296
0.00319	0.0665807
0.0032814	0.0698909
0.00329262	0.0307708
0.00339736	0.0707182
0.00340126	0.149749
0.00342723	0.103754
0.00343177	0.100474
0.00347581	0.0765191
0.0035076	0.110285
0.00356745	0.0748616
0.00357275	0.0300065
0.00369012	0.0996547
0.00382353	0.0292382
0.00389413	0.104574
0.00392614	0.109472
0.00394957	0.098833
0.00411644	0.0284702
0.00420356	0.105392
0.00423233	0.0980108
0.0042863	0.108655
0.00437029	0.106209
0.00439951	0.0276991
0.00453683	0.107024
0.00454866	0.107841
0.00454866	0.107841
0.00464423	0.0971866
0.00471214	0.0269284
0.0047481	0.0715473
0.00496777	0.0806604
0.00502929	0.0261561
0.00505947	0.0963647
0.00509065	0.0682353
0.0051494	0.0955387
0.00525227	0.0947171
0.00531251	0.0253844
0.00568689	0.0246121
0.0057206	0.067407
0.00590387	0.0938908
0.00592936	0.0856305
0.00606798	0.0238405
0.00612164	0.079834
0.00613417	0.0864586
0.00639206	0.0230708
0.00649156	0.0814909
0.00669757	0.0773463
0.0067127	0.0223023
0.0068317	0.0930684
0.00707619	0.0215355
0.00751006	0.0207706
0.00767037	0.0922427
0.00767037	0.0922427
0.00785244	0.0848036
0.00790842	0.0200097
0.00827436	0.0740311
0.00834434	0.019251
0.00840502	0.091418
0.00876405	0.082317
0.00877232	0.0184982
0.00881534	0.0872836
0.00888287	0.0905909
0.00917268	0.017748
0.00920729	0.0897658
0.00936575	0.0839744
0.00952493	0.0790047
0.00964766	0.0170054
0.0096631	0.0831475
0.00985473	0.0723754
0.0101572	0.0162654
0.0102731	0.0889371
0.0104396	0.0781767
0.0107185	0.0155359
0.0108222	0.0881126
0.0113535	0.0148092
0.0118816	0.0140962
0.012113	0.0732043
0.0124012	0.0133865
0.0129979	0.0126915
0.0137121	0.0120004
0.0144232	0.0113271
0.0152361	0.0106588
0.0160625	0.0100098
0.0169242	0.0093677
0.0179004	8.24209e-05
0.0179362	0.00874669
0.0190984	0.00813306
0.0199929	0.00754529
0.0209209	0.00696551
0.0209715	0.00011253
0.0217177	0.00641152
0.0225681	0.00586785
0.0237815	0.00534934
0.023974	0.000166752
0.0253175	0.00484274
0.0265646	0.00436711
0.0266364	0.00024267
0.0278802	0.00390581
0.0287557	0.000341303
0.0289651	0.00347298
0.0299152	0.00305901
0.0304533	0.000456433
0.0309486	0.00267424
0.03188	0.00059126
0.0324289	0.00230864
0.0330418	0.000736003
0.0338053	0.000896333
0.0339224	0.00212956
0.0343539	0.00195389
0.0344195	0.00105995
0.0348402	0.00123677
0.0348677	0.0017695
0.0351062	0.00140978
0.035258	0.00159315
)
