(title "Skin Friction Coefficient")
(labels "Skin Friction Coefficient" "Position")

((xy/key/label "middleplane_suctionside")
7.05182e-05	0.0425965
0.000104759	0.0433041
0.000160277	0.0418887
0.000174652	0.0607997
0.000215704	0.0440029
0.000233334	0.0599766
0.000296443	0.0411723
0.000299985	0.0447016
0.00035328	0.061625
0.000383612	0.0453912
0.000423017	0.0460808
0.000423569	0.0591524
0.000452131	0.0404558
0.000473406	0.0468912
0.000536427	0.0477015
0.00056877	0.0542254
0.000573	0.0534074
0.000576147	0.0485143
0.000612088	0.039731
0.000619198	0.0525887
0.000642542	0.0493266
0.000648962	0.0550455
0.000659303	0.0517727
0.000667921	0.0558648
0.000669375	0.0501416
0.000687198	0.0509558
0.00074123	0.0566866
0.000741338	0.0583304
0.00078141	0.039006
0.000813004	0.125604
0.000826308	0.0624492
0.000858626	0.0575074
0.000902325	0.134312
0.000977278	0.0382731
0.00102771	0.124806
0.00106036	0.0657532
0.00108304	0.135097
0.0011664	0.0375401
0.00116896	0.133526
0.00118431	0.137444
0.00124984	0.126401
0.00125175	0.135881
0.0012629	0.136663
0.00128674	0.138223
0.00133546	0.1216
0.00133697	0.120799
0.00138558	0.0367996
0.00145527	0.0864586
0.00145984	0.139002
0.00147091	0.145944
0.00152296	0.139779
0.0015353	0.140555
0.00156841	0.129579
0.0015826	0.124006
0.00159899	0.0360589
0.00160402	0.141328
0.00165304	0.0872836
0.0016777	0.146708
0.00169627	0.127197
0.00169898	0.130371
0.0017205	0.142101
0.00172148	0.128786
0.00175695	0.142873
0.00175892	0.0723754
0.00176637	0.0649273
0.00176713	0.148972
0.00177918	0.0856305
0.00177919	0.145179
0.00178228	0.122404
0.00180162	0.143643
0.00181601	0.148601
0.00181626	0.132739
0.00181791	0.127992
0.00182163	0.0353113
0.00190381	0.14823
0.00190395	0.123205
0.00191493	0.119994
0.00193032	0.147469
0.00194164	0.144411
0.00198689	0.0790047
0.00200808	0.0632753
0.00204684	0.131162
0.00206108	0.0345636
0.00207535	0.149343
0.00208095	0.0881126
0.00212228	0.0905909
0.00215439	0.131951
0.00222778	0.0897658
0.00224564	0.0715473
0.00224619	0.0781767
0.00228648	0.0338094
0.00230597	0.0889371
0.00233245	0.091418
0.00240932	0.079834
0.00248552	0.0682353
0.00250683	0.0773463
0.00254645	0.0330552
0.00254645	0.0330552
0.00261138	0.0665807
0.00264271	0.0922427
0.00264271	0.0922427
0.00264527	0.119191
0.00269915	0.0732043
0.00271628	0.149549
0.00280204	0.0322952
0.00281361	0.0930684
0.00286571	0.067407
0.00296488	0.0938908
0.0030687	0.0641003
0.00308086	0.0315354
0.00308607	0.0848036
0.00325738	0.0947171
0.00329959	0.0707182
0.00335191	0.0307708
0.00338551	0.104574
0.00346548	0.118386
0.00348966	0.149652
0.00350182	0.105392
0.00351197	0.103754
0.00359936	0.0300065
0.00363091	0.106209
0.00374504	0.0955387
0.00379005	0.107024
0.00388415	0.0292382
0.00392088	0.102936
0.00404433	0.107841
0.00404433	0.107841
0.00411319	0.0690626
0.00413743	0.0284702
0.00421828	0.0963647
0.00430751	0.102114
0.00431952	0.149704
0.00433238	0.11758
0.00438369	0.108655
0.0044309	0.0276991
0.00447903	0.101296
0.00455583	0.0971866
0.0045617	0.100474
0.00457069	0.0996547
0.00465615	0.0806604
0.00466594	0.098833
0.00475113	0.0269284
0.0047554	0.0980108
0.00481902	0.0765191
0.00485249	0.0698909
0.00488673	0.109472
0.00503484	0.0261561
0.00505362	0.116772
0.00507687	0.14973
0.0051273	0.149749
0.00533987	0.0839744
0.005361	0.0253844
0.00546485	0.110285
0.00548845	0.115964
0.00569849	0.0246121
0.00570645	0.149743
0.00578009	0.115153
0.00601095	0.1111
0.00605272	0.114345
0.00609446	0.0238405
0.00624392	0.113533
0.00627479	0.0740311
0.0063477	0.111912
0.00636162	0.112724
0.006426	0.0230708
0.0067069	0.0223023
0.0071093	0.0215355
0.00715958	0.0814909
0.007479	0.0831475
0.00751758	0.0207706
0.0079214	0.0200097
0.00810491	0.075688
0.00835806	0.082317
0.00837129	0.019251
0.00876925	0.0184982
0.0090909	0.0748616
0.00919445	0.017748
0.00965206	0.0170054
0.0101617	0.0162654
0.0107377	0.0155359
0.0113561	0.0148092
0.0119006	0.0140962
0.0124128	0.0133865
0.0129945	0.0126915
0.0137218	0.0120004
0.0144316	0.0113271
0.0152513	0.0106588
0.0160685	0.0100098
0.0169334	0.0093677
0.0179475	0.00874669
0.017979	8.24209e-05
0.019099	0.00813306
0.0200159	0.00754529
0.0209331	0.00696551
0.0210537	0.00011253
0.0217283	0.00641152
0.0225882	0.00586785
0.0237932	0.00534934
0.0240566	0.000166752
0.0253376	0.00484274
0.0265869	0.00436711
0.0267118	0.00024267
0.0279019	0.00390581
0.0288283	0.000341303
0.0289928	0.00347298
0.0299449	0.00305901
0.0305236	0.000456433
0.0309816	0.00267424
0.0319485	0.00059126
0.0324657	0.00230864
0.0331067	0.000736003
0.0338684	0.000896333
0.0339634	0.00212956
0.0343979	0.00195389
0.0344809	0.00105995
0.0348984	0.00123677
0.0349169	0.0017695
0.0351605	0.00140978
0.035311	0.00159315
)
