(title "Skin Friction Coefficient")
(labels "Skin Friction Coefficient" "Position")

((xy/key/label "middleplane_suctionside")
7.02169e-05	0.0418887
7.04898e-05	0.0425965
0.00018077	0.0433041
0.000195508	0.0411723
0.000291391	0.0440029
0.000328888	0.1216
0.000353877	0.0404558
0.00037505	0.122404
0.000385533	0.0447016
0.000412649	0.0607997
0.000480373	0.0453912
0.000506864	0.120799
0.000518304	0.061625
0.0005204	0.039731
0.000529623	0.0460808
0.00058694	0.0468912
0.000601927	0.123205
0.000624436	0.0558648
0.000634876	0.0477015
0.00063593	0.0599766
0.000656325	0.0485143
0.000680381	0.0550455
0.000688168	0.0566866
0.000691837	0.0493266
0.000698246	0.0534074
0.000701999	0.039006
0.000702468	0.0542254
0.000710449	0.0501416
0.000740196	0.0509558
0.00074224	0.127992
0.000742576	0.0525887
0.000746683	0.0517727
0.000746911	0.127197
0.000748813	0.0591524
0.000761011	0.119994
0.000767056	0.125604
0.000772661	0.0575074
0.000791747	0.124806
0.000792123	0.124006
0.000793998	0.0583304
0.000826746	0.0980108
0.000836929	0.126401
0.000862185	0.149549
0.00088894	0.144411
0.000902758	0.0382731
0.000940245	0.141328
0.000943838	0.143643
0.000950253	0.145944
0.000952679	0.119191
0.000963747	0.146708
0.000969691	0.145179
0.00097938	0.149652
0.000988317	0.098833
0.00101789	0.147469
0.00104691	0.0624492
0.00104929	0.0971866
0.00107631	0.128786
0.00109763	0.140555
0.00109863	0.0375401
0.0011321	0.149343
0.00114812	0.14823
0.00117907	0.142101
0.00120278	0.148601
0.0012053	0.142873
0.00120717	0.148972
0.00123245	0.118386
0.00131826	0.0367996
0.00135357	0.0996547
0.00135373	0.112724
0.00136865	0.113533
0.00147741	0.0657532
0.0015053	0.129579
0.00152743	0.0360589
0.00158896	0.134312
0.00160755	0.114345
0.00164109	0.0864586
0.00170015	0.130371
0.00170082	0.0963647
0.00171747	0.111912
0.00172308	0.11758
0.00172533	0.131162
0.00175879	0.0353113
0.00178697	0.149704
0.00179253	0.0872836
0.00179934	0.100474
0.00186807	0.115153
0.00191719	0.139779
0.00198319	0.133526
0.00199267	0.0345636
0.00200261	0.0632753
0.00204247	0.116772
0.00204326	0.115964
0.00208121	0.135097
0.00208266	0.0649273
0.00218695	0.131951
0.00221562	0.101296
0.00223226	0.0338094
0.00226917	0.0881126
0.00234925	0.0856305
0.00235044	0.1111
0.00247596	0.132739
0.0024959	0.0330552
0.0024959	0.0330552
0.00254081	0.0955387
0.00254931	0.0889371
0.00258445	0.102114
0.00265317	0.091418
0.00267731	0.0922427
0.00267731	0.0922427
0.00267737	0.0897658
0.00268127	0.0905909
0.00275317	0.0322952
0.002761	0.0641003
0.00279003	0.14973
0.00281922	0.0930684
0.0029926	0.102936
0.00304819	0.0315354
0.00305985	0.139002
0.00308914	0.110285
0.00311184	0.0938908
0.00311577	0.0947171
0.00316812	0.0682353
0.00321046	0.0665807
0.00329584	0.135881
0.0033044	0.0307708
0.0035119	0.103754
0.00356813	0.0300065
0.00361542	0.0765191
0.00366329	0.0848036
0.00369797	0.149743
0.00378778	0.109472
0.00384512	0.0292382
0.0040001	0.138223
0.00400128	0.0773463
0.00400171	0.067407
0.00409827	0.0284702
0.00412483	0.104574
0.00414038	0.0715473
0.00427457	0.136663
0.00430932	0.0790047
0.0043189	0.0723754
0.00441249	0.0276991
0.0044227	0.108655
0.00446122	0.137444
0.00446189	0.0732043
0.00450258	0.0707182
0.00460622	0.0781767
0.00468632	0.0690626
0.00468764	0.105392
0.00471287	0.0269284
0.00492538	0.075688
0.004941	0.107841
0.004941	0.107841
0.00498026	0.079834
0.00502455	0.0261561
0.00507906	0.106209
0.00512375	0.0839744
0.00518426	0.107024
0.00533934	0.0253844
0.00535976	0.0740311
0.00541136	0.149749
0.0056695	0.0246121
0.00569549	0.0698909
0.00595471	0.0748616
0.00608662	0.0238405
0.00633083	0.0806604
0.00639171	0.0230708
0.00648467	0.0831475
0.00670607	0.0223023
0.00709954	0.0215355
0.00726979	0.0814909
0.00741489	0.082317
0.00749667	0.0207706
0.00792604	0.0200097
0.00834397	0.019251
0.00876306	0.0184982
0.0091857	0.017748
0.00963156	0.0170054
0.0101651	0.0162654
0.0107263	0.0155359
0.0113566	0.0148092
0.0118915	0.0140962
0.0123949	0.0133865
0.0129934	0.0126915
0.013705	0.0120004
0.0144313	0.0113271
0.0152386	0.0106588
0.0160494	0.0100098
0.0169298	0.0093677
0.0178115	8.24209e-05
0.0179265	0.00874669
0.0190945	0.00813306
0.019996	0.00754529
0.0208907	0.00011253
0.0209049	0.00696551
0.021716	0.00641152
0.0225612	0.00586785
0.0237695	0.00534934
0.0238944	0.000166752
0.025311	0.00484274
0.0265512	0.00436711
0.026565	0.00024267
0.027864	0.00390581
0.0286887	0.000341303
0.0289472	0.00347298
0.0298943	0.00305901
0.0303909	0.000456433
0.0309259	0.00267424
0.0318211	0.00059126
0.0324043	0.00230864
0.0329876	0.000736003
0.0337542	0.000896333
0.0338935	0.00212956
0.0343213	0.00195389
0.0343702	0.00105995
0.0347942	0.00123677
0.0348298	0.0017695
0.0350644	0.00140978
0.035217	0.00159315
)
