(title "Skin Friction Coefficient")
(labels "Skin Friction Coefficient" "Position")

((xy/key/label "middleplane_suctionside")
6.72861e-05	0.0425965
8.13956e-05	0.0418887
0.000170107	0.0433041
0.000215945	0.0411723
0.000277393	0.0440029
0.000364119	0.0447016
0.000376651	0.0404558
0.000376964	0.128786
0.000425289	0.127992
0.000443061	0.129579
0.000454293	0.0453912
0.000466012	0.0607997
0.000469889	0.135097
0.000503404	0.0460808
0.000540527	0.039731
0.000546679	0.130371
0.000565549	0.0468912
0.000567093	0.0558648
0.000570116	0.127197
0.000574041	0.134312
0.00059053	0.061625
0.000591659	0.0566866
0.000626367	0.0477015
0.00065182	0.0485143
0.000655896	0.135881
0.000657568	0.131162
0.00067425	0.0550455
0.000684385	0.0493266
0.000688359	0.0599766
0.000692463	0.0501416
0.000705054	0.0542254
0.000709705	0.0509558
0.000713225	0.0534074
0.000714802	0.0517727
0.000717328	0.039006
0.000728521	0.0575074
0.000734669	0.0525887
0.000756755	0.126401
0.000758165	0.131951
0.000781017	0.0591524
0.000788004	0.133526
0.000827652	0.0583304
0.000829037	0.132739
0.000877243	0.136663
0.000913472	0.0382731
0.000952396	0.0624492
0.00101778	0.125604
0.00106943	0.137444
0.00110618	0.0375401
0.00118087	0.0657532
0.00128256	0.138223
0.00132588	0.0367996
0.0013269	0.124806
0.0015363	0.0360589
0.00155314	0.141328
0.00157408	0.139002
0.00159092	0.124006
0.00163617	0.14823
0.00163761	0.0632753
0.00165093	0.140555
0.00176727	0.0353113
0.00177787	0.123205
0.00180061	0.148601
0.00183846	0.139779
0.00189831	0.0649273
0.00192281	0.11758
0.00193201	0.122404
0.00195964	0.0715473
0.00196386	0.144411
0.00196775	0.116772
0.00199148	0.143643
0.00200003	0.118386
0.00200108	0.0345636
0.00200871	0.148972
0.00204351	0.142101
0.00205024	0.1216
0.00205739	0.119191
0.00208914	0.119994
0.00210501	0.120799
0.00212523	0.149343
0.00219328	0.115964
0.00220622	0.142873
0.00223253	0.147469
0.00223736	0.145179
0.00223742	0.0338094
0.00227324	0.149549
0.00243047	0.0665807
0.00244092	0.0641003
0.00244327	0.0889371
0.00245103	0.149652
0.00248878	0.115153
0.00249884	0.0330552
0.00249884	0.0330552
0.00275306	0.0322952
0.00276157	0.114345
0.00276175	0.0897658
0.00277655	0.145944
0.0027782	0.149704
0.00280519	0.0723754
0.00283532	0.0881126
0.00289932	0.113533
0.00294484	0.146708
0.00298451	0.112724
0.00304657	0.0315354
0.00314626	0.0773463
0.00321847	0.14973
0.00322379	0.111912
0.00328515	0.0872836
0.00330378	0.0307708
0.0033222	0.0732043
0.00332369	0.108655
0.00334649	0.107841
0.00334649	0.107841
0.0034238	0.0707182
0.00343301	0.107024
0.00343487	0.109472
0.00345939	0.1111
0.00350285	0.149749
0.00351683	0.106209
0.00351837	0.0781767
0.00352072	0.110285
0.00353179	0.0682353
0.00356559	0.0300065
0.00360962	0.105392
0.00364176	0.149743
0.00370374	0.0996547
0.00371154	0.098833
0.00372189	0.0839744
0.00375149	0.104574
0.00378744	0.100474
0.00381231	0.0864586
0.00382768	0.0980108
0.00384564	0.0292382
0.00395131	0.067407
0.0039687	0.101296
0.00398694	0.103754
0.0040602	0.0765191
0.00409562	0.0284702
0.0041185	0.102114
0.00414933	0.102936
0.00417962	0.0790047
0.00419454	0.0905909
0.00419527	0.0831475
0.00421737	0.0856305
0.00425266	0.0848036
0.00425831	0.0971866
0.00440851	0.0276991
0.00471035	0.0269284
0.00483789	0.0963647
0.00491032	0.079834
0.00501506	0.0261561
0.00508019	0.0690626
0.0053352	0.0253844
0.0053818	0.0955387
0.00566462	0.0246121
0.00590963	0.091418
0.00591835	0.082317
0.00595285	0.0740311
0.00596406	0.0806604
0.00606059	0.0947171
0.00608041	0.0238405
0.00623148	0.075688
0.00638976	0.0230708
0.00667347	0.0814909
0.00669477	0.0223023
0.00672233	0.0698909
0.00681825	0.0938908
0.0070942	0.0215355
0.00711136	0.0922427
0.00711136	0.0922427
0.00731918	0.0930684
0.00749133	0.0207706
0.00757391	0.0748616
0.00791599	0.0200097
0.00834474	0.019251
0.00875477	0.0184982
0.00918146	0.017748
0.00963153	0.0170054
0.0101561	0.0162654
0.0107235	0.0155359
0.0113481	0.0148092
0.0118895	0.0140962
0.0123981	0.0133865
0.0129876	0.0126915
0.0137086	0.0120004
0.0144263	0.0113271
0.0152405	0.0106588
0.0160571	0.0100098
0.0169307	0.0093677
0.0179379	0.00874669
0.0179762	8.24209e-05
0.0190995	0.00813306
0.0200089	0.00754529
0.0209233	0.00696551
0.0210554	0.00011253
0.0217294	0.00641152
0.0225816	0.00586785
0.0237927	0.00534934
0.0240637	0.000166752
0.0253379	0.00484274
0.0265842	0.00436711
0.0267258	0.00024267
0.0279038	0.00390581
0.0288445	0.000341303
0.0289948	0.00347298
0.0299478	0.00305901
0.03054	0.000456433
0.0309861	0.00267424
0.0319642	0.00059126
0.0324714	0.00230864
0.0331221	0.000736003
0.0338827	0.000896333
0.0339706	0.00212956
0.0344062	0.00195389
0.0344943	0.00105995
0.0349108	0.00123677
0.0349265	0.0017695
0.0351719	0.00140978
0.0353218	0.00159315
)
