(title "Skin Friction Coefficient")
(labels "Skin Friction Coefficient" "Position")

((xy/key/label "middleplane_suctionside")
7.49374e-05	0.0425965
7.77298e-05	0.0418887
0.000183601	0.0433041
0.000200841	0.0411723
0.000216536	0.0566866
0.000287445	0.0440029
0.000327536	0.0558648
0.00035605	0.0404558
0.000369285	0.0447016
0.00044866	0.0453912
0.000493602	0.0460808
0.000502558	0.0575074
0.000524675	0.039731
0.000567079	0.0468912
0.000611706	0.0550455
0.000625666	0.0477015
0.000639568	0.0509558
0.000640121	0.135881
0.00064069	0.0501416
0.000643454	0.0485143
0.000656291	0.0493266
0.000673829	0.0517727
0.000679159	0.126401
0.000693868	0.039006
0.000718427	0.0542254
0.00073873	0.0534074
0.000755251	0.0525887
0.000759988	0.135097
0.000762687	0.127197
0.00083062	0.0607997
0.000883413	0.136663
0.000892221	0.0382731
0.000944914	0.0583304
0.000960466	0.131951
0.000991621	0.144411
0.00102209	0.134312
0.0010319	0.125604
0.00103639	0.148972
0.00106746	0.132739
0.00107942	0.131162
0.00108433	0.0375401
0.00109458	0.127992
0.00114698	0.133526
0.00116559	0.1216
0.00117543	0.0591524
0.00118053	0.148601
0.00118163	0.061625
0.00118556	0.145179
0.00118793	0.122404
0.00120325	0.120799
0.00125136	0.149343
0.00126752	0.0599766
0.00130069	0.0367996
0.00130919	0.119994
0.00131811	0.137444
0.0013437	0.130371
0.00134945	0.128786
0.00135533	0.113533
0.00135621	0.123205
0.00137939	0.143643
0.00138674	0.114345
0.00139376	0.14823
0.00143989	0.124806
0.00145316	0.129579
0.00148435	0.115153
0.00148579	0.112724
0.00150028	0.119191
0.00151232	0.0996547
0.00152363	0.0360589
0.00153465	0.124006
0.0015943	0.115964
0.0015976	0.0624492
0.00164265	0.098833
0.00169056	0.118386
0.00169394	0.138223
0.00170258	0.116772
0.00174379	0.0353113
0.00175668	0.111912
0.001761	0.149549
0.00176278	0.11758
0.00184768	0.0632753
0.00188463	0.145944
0.00189594	0.147469
0.0019111	0.139002
0.00191176	0.0665807
0.00196475	0.0657532
0.00196555	0.139779
0.00197064	0.100474
0.0019934	0.0345636
0.0020101	0.142873
0.00205503	0.1111
0.00208887	0.0848036
0.00218026	0.0905909
0.00220392	0.0980108
0.00222161	0.0338094
0.00224863	0.140555
0.0022766	0.146708
0.00236181	0.0839744
0.00238146	0.110285
0.00241345	0.149652
0.00248217	0.0330552
0.00248217	0.0330552
0.00253457	0.0856305
0.00254778	0.0864586
0.00268718	0.109472
0.00269516	0.0872836
0.00269773	0.142101
0.00274851	0.0322952
0.00278007	0.141328
0.0028069	0.101296
0.00290479	0.108655
0.00293087	0.0740311
0.00294764	0.0971866
0.00300329	0.0748616
0.00302133	0.0315354
0.00311912	0.107841
0.00311912	0.107841
0.00323612	0.091418
0.00330304	0.0307708
0.0033301	0.107024
0.00337008	0.149704
0.00339736	0.0641003
0.00342096	0.0690626
0.00347079	0.102114
0.00350067	0.0897658
0.00353688	0.106209
0.00355278	0.0300065
0.00356452	0.0831475
0.0035933	0.0963647
0.00360133	0.0682353
0.00365378	0.105392
0.00365934	0.104574
0.00371795	0.103754
0.00373269	0.102936
0.0038371	0.0292382
0.00387528	0.0732043
0.00392888	0.0649273
0.00410249	0.0284702
0.00411621	0.0881126
0.0042088	0.0955387
0.00438929	0.0276991
0.0044686	0.14973
0.00448976	0.0723754
0.00468945	0.067407
0.00471927	0.0269284
0.00478253	0.082317
0.00488901	0.075688
0.00490717	0.0922427
0.00490717	0.0922427
0.00496063	0.0947171
0.0050042	0.0261561
0.00502938	0.0889371
0.00509935	0.0790047
0.0051903	0.0781767
0.0053303	0.0253844
0.00537443	0.0715473
0.00545069	0.149743
0.00548555	0.079834
0.00564869	0.0814909
0.00567585	0.0246121
0.00569367	0.0938908
0.0057792	0.0773463
0.00580745	0.0930684
0.00593074	0.0806604
0.00606549	0.0238405
0.00616586	0.149749
0.00623308	0.0765191
0.00640564	0.0230708
0.00668878	0.0223023
0.00700972	0.0698909
0.00708874	0.0215355
0.00729412	0.0707182
0.00750299	0.0207706
0.00790552	0.0200097
0.00835685	0.019251
0.00875938	0.0184982
0.00918221	0.017748
0.00964475	0.0170054
0.0101536	0.0162654
0.010728	0.0155359
0.0113498	0.0148092
0.0118904	0.0140962
0.0124065	0.0133865
0.0129933	0.0126915
0.0137196	0.0120004
0.014425	0.0113271
0.0152446	0.0106588
0.0160689	0.0100098
0.0169293	0.0093677
0.0179459	0.00874669
0.0179647	8.24209e-05
0.0190972	0.00813306
0.0200104	0.00754529
0.0209321	0.00696551
0.0210393	0.00011253
0.0217248	0.00641152
0.0225859	0.00586785
0.0237909	0.00534934
0.0240427	0.000166752
0.0253336	0.00484274
0.0265843	0.00436711
0.0266997	0.00024267
0.0278979	0.00390581
0.0288165	0.000341303
0.0289883	0.00347298
0.0299401	0.00305901
0.030512	0.000456433
0.0309758	0.00267424
0.0319369	0.00059126
0.0324592	0.00230864
0.0330956	0.000736003
0.0338572	0.000896333
0.0339564	0.00212956
0.0343903	0.00195389
0.0344698	0.00105995
0.034888	0.00123677
0.0349081	0.0017695
0.0351506	0.00140978
0.0353014	0.00159315
)
