(title "Skin Friction Coefficient")
(labels "Skin Friction Coefficient" "Position")

((xy/key/label "middleplane_suctionside")
7.29806e-05	0.0425965
9.97509e-05	0.0418887
9.99483e-05	0.0583304
0.000154581	0.0433041
0.000222468	0.0591524
0.000249539	0.0411723
0.000254446	0.0440029
0.000274753	0.0575074
0.000330795	0.0447016
0.000399819	0.0453912
0.000404406	0.0404558
0.000459384	0.0460808
0.000472429	0.0599766
0.000506768	0.0468912
0.000531622	0.0525887
0.000556726	0.0534074
0.000568609	0.0477015
0.000570134	0.039731
0.000605787	0.0517727
0.000629373	0.0485143
0.00062938	0.145179
0.000669402	0.0493266
0.000670004	0.0509558
0.000679453	0.0542254
0.000688652	0.0566866
0.000691442	0.0501416
0.000693861	0.144411
0.000749114	0.039006
0.000757544	0.0607997
0.000766168	0.0550455
0.00085464	0.145944
0.000861809	0.0558648
0.000923528	0.122404
0.000928181	0.0382731
0.000971432	0.127197
0.00104109	0.0657532
0.00105435	0.123205
0.00107804	0.146708
0.00108335	0.0632753
0.00110198	0.143643
0.00111506	0.1216
0.00113436	0.0375401
0.00122145	0.124006
0.00122311	0.127992
0.00126185	0.126401
0.00133473	0.0367996
0.00134509	0.125604
0.00135109	0.061625
0.00135518	0.131162
0.00138139	0.124806
0.00139766	0.120799
0.00139845	0.0641003
0.00145572	0.119994
0.00146261	0.131951
0.00150776	0.136663
0.00152154	0.0715473
0.00155335	0.0624492
0.0015598	0.0360589
0.00159012	0.142873
0.00159439	0.140555
0.00161283	0.1111
0.00165225	0.147469
0.00168009	0.139779
0.00168809	0.132739
0.00169323	0.0665807
0.00171221	0.111912
0.00172418	0.130371
0.00172822	0.0649273
0.00175182	0.135881
0.00176861	0.119191
0.0017859	0.0353113
0.00180594	0.110285
0.00183212	0.137444
0.00196863	0.112724
0.0020165	0.0345636
0.0021408	0.133526
0.00216161	0.142101
0.00219205	0.109472
0.00220493	0.135097
0.00222234	0.0723754
0.00227074	0.0338094
0.00228036	0.128786
0.00229862	0.113533
0.00231619	0.141328
0.00233888	0.0690626
0.00241129	0.118386
0.00244597	0.129579
0.00244776	0.134312
0.00247018	0.138223
0.00250544	0.0330552
0.00250544	0.0330552
0.00255072	0.139002
0.00260811	0.14823
0.0026706	0.108655
0.00267894	0.114345
0.00278485	0.0322952
0.0028926	0.0707182
0.00298194	0.11758
0.00299103	0.149549
0.00300833	0.115153
0.00305465	0.0315354
0.00309838	0.149343
0.00315038	0.107841
0.00315038	0.107841
0.00316308	0.0698909
0.00319977	0.148601
0.00322889	0.115964
0.0032498	0.116772
0.00331727	0.0307708
0.00334553	0.102114
0.00338135	0.148972
0.00341568	0.107024
0.00348973	0.106209
0.00349895	0.105392
0.00350068	0.104574
0.00352002	0.102936
0.00352542	0.0682353
0.00355879	0.103754
0.00358995	0.0300065
0.00363492	0.101296
0.00383603	0.067407
0.00384337	0.0292382
0.00397884	0.0814909
0.00401523	0.0732043
0.00413257	0.0284702
0.0044106	0.0276991
0.00453492	0.149652
0.00456724	0.0806604
0.00469981	0.100474
0.00472944	0.0269284
0.00482751	0.082317
0.00487228	0.0856305
0.00488272	0.0864586
0.00503753	0.0261561
0.00522367	0.0872836
0.00532755	0.0253844
0.00535242	0.0881126
0.00545321	0.0740311
0.00546167	0.0848036
0.00553715	0.0831475
0.00569816	0.0246121
0.00584899	0.0889371
0.00589796	0.0839744
0.00593821	0.075688
0.00607524	0.0238405
0.00614488	0.0996547
0.0064067	0.0230708
0.00645682	0.0748616
0.00650891	0.0765191
0.00671643	0.0223023
0.0068076	0.0897658
0.00698406	0.0971866
0.00708422	0.0215355
0.00713748	0.0963647
0.00718433	0.098833
0.00723749	0.079834
0.00726629	0.0905909
0.00728887	0.0980108
0.0074466	0.091418
0.00751616	0.0207706
0.00752121	0.0922427
0.00752121	0.0922427
0.00756771	0.0930684
0.00766856	0.0955387
0.00786285	0.0938908
0.00791225	0.0200097
0.00800718	0.0947171
0.00823274	0.149704
0.00835466	0.019251
0.00877523	0.0184982
0.00917817	0.017748
0.00965187	0.0170054
0.0101575	0.0162654
0.0107242	0.0155359
0.011355	0.0148092
0.011487	0.0773463
0.0118867	0.0140962
0.0119218	0.0790047
0.0124069	0.0133865
0.0126158	0.14973
0.0129973	0.0126915
0.0137168	0.0120004
0.0144245	0.0113271
0.0150568	0.0781767
0.0152405	0.0106588
0.0159195	0.149743
0.0160664	0.0100098
0.0169256	0.0093677
0.0179194	8.24209e-05
0.0179408	0.00874669
0.0188549	0.149749
0.019098	0.00813306
0.0199997	0.00754529
0.020927	0.00696551
0.0209913	0.00011253
0.0217198	0.00641152
0.0225747	0.00586785
0.0237854	0.00534934
0.023995	0.000166752
0.0253237	0.00484274
0.0265721	0.00436711
0.0266573	0.00024267
0.0278872	0.00390581
0.0287766	0.000341303
0.0289741	0.00347298
0.0299249	0.00305901
0.0304739	0.000456433
0.0309596	0.00267424
0.0319006	0.00059126
0.0324409	0.00230864
0.0330617	0.000736003
0.0338248	0.000896333
0.0339355	0.00212956
0.0343679	0.00195389
0.0344385	0.00105995
0.0348584	0.00123677
0.0348834	0.0017695
0.0351237	0.00140978
0.035275	0.00159315
)
