(title "Skin Friction Coefficient")
(labels "Skin Friction Coefficient" "Position")

((xy/key/label "middleplane_suctionside")
6.68392e-05	0.0599766
7.19531e-05	0.0418887
7.62345e-05	0.0425965
0.000109852	0.0591524
0.000145195	0.0583304
0.00018741	0.0433041
0.00021111	0.0411723
0.000287128	0.0440029
0.00035985	0.0607997
0.000363117	0.0404558
0.000364123	0.0447016
0.000417143	0.0575074
0.000430915	0.0453912
0.000491936	0.0460808
0.000533919	0.039731
0.000548625	0.0468912
0.000566301	0.0525887
0.000569738	0.0534074
0.000601928	0.0477015
0.000645068	0.0517727
0.000656064	0.0485143
0.000684652	0.0493266
0.00069185	0.0542254
0.000700168	0.0509558
0.000709383	0.0501416
0.000710787	0.039006
0.000762535	0.0550455
0.000799546	0.141328
0.00083155	0.148601
0.000845273	0.140555
0.000867352	0.0566866
0.000893422	0.0382731
0.000901863	0.0558648
0.00093667	0.148972
0.00094162	0.142101
0.000977652	0.14823
0.000996405	0.139779
0.00109124	0.139002
0.00110044	0.0375401
0.00110307	0.0641003
0.00115042	0.138223
0.00118983	0.145179
0.00123323	0.142873
0.00129835	0.0367996
0.00131538	0.145944
0.00137499	0.147469
0.00139126	0.137444
0.00140068	0.115964
0.00141493	0.082317
0.00143469	0.144411
0.00143818	0.115153
0.00151121	0.061625
0.0015214	0.143643
0.00152747	0.0360589
0.00156182	0.149343
0.00158692	0.146708
0.00161729	0.106209
0.00162127	0.0831475
0.00169768	0.107024
0.00172596	0.136663
0.00174985	0.0353113
0.00176068	0.114345
0.00183935	0.105392
0.00184677	0.0632753
0.00192386	0.135881
0.00193801	0.116772
0.00198458	0.0345636
0.00206863	0.107841
0.00206863	0.107841
0.00207229	0.0905909
0.00214131	0.091418
0.00218422	0.113533
0.0021925	0.135097
0.00224069	0.0338094
0.0022535	0.104574
0.00242181	0.0715473
0.00246789	0.0665807
0.00247632	0.0330552
0.00247632	0.0330552
0.00251876	0.108655
0.00256927	0.0649273
0.00260199	0.0698909
0.00261054	0.0707182
0.00262368	0.134312
0.00269468	0.149549
0.00270323	0.0781767
0.00272381	0.0839744
0.00275955	0.0322952
0.0027605	0.103754
0.00282361	0.112724
0.00282761	0.0657532
0.00284474	0.0624492
0.00292164	0.109472
0.00294924	0.11758
0.00295606	0.0814909
0.00302975	0.0315354
0.00310222	0.133526
0.00329262	0.0307708
0.00332258	0.110285
0.00332699	0.102936
0.00338282	0.129579
0.00340937	0.111912
0.00341111	0.128786
0.00351207	0.127992
0.0035265	0.130371
0.00355832	0.1111
0.00355949	0.132739
0.003567	0.0300065
0.00366222	0.127197
0.00374628	0.118386
0.00375677	0.131162
0.00376116	0.0922427
0.00376116	0.0922427
0.00380731	0.0773463
0.00381881	0.0292382
0.00382252	0.131951
0.00387067	0.102114
0.00387574	0.149652
0.00388725	0.126401
0.00393541	0.0790047
0.00407803	0.119191
0.00411093	0.0284702
0.00414596	0.125604
0.00423585	0.119994
0.00427574	0.101296
0.00434136	0.120799
0.00437956	0.0848036
0.00438959	0.124806
0.00439278	0.0276991
0.00440062	0.0897658
0.00440525	0.0955387
0.0044226	0.0947171
0.00443389	0.0765191
0.00443408	0.100474
0.00444508	0.1216
0.00452317	0.124006
0.00452702	0.122404
0.00454338	0.0996547
0.00454661	0.0930684
0.00455236	0.123205
0.0046265	0.0938908
0.00465954	0.149704
0.00470876	0.0269284
0.00473063	0.0963647
0.00477915	0.067407
0.00481621	0.098833
0.00488978	0.0723754
0.00502597	0.0261561
0.00504993	0.0971866
0.00505457	0.0980108
0.00517584	0.0690626
0.00523369	0.14973
0.00531141	0.0253844
0.00547306	0.075688
0.00562028	0.0806604
0.00568116	0.0246121
0.00570629	0.0856305
0.0058379	0.149743
0.00606517	0.0238405
0.00614084	0.079834
0.00624984	0.0864586
0.00638523	0.0230708
0.00641019	0.0889371
0.00646552	0.149749
0.00670827	0.0223023
0.00677694	0.0872836
0.00707074	0.0881126
0.00707424	0.0215355
0.00728592	0.0682353
0.00750429	0.0207706
0.00791023	0.0200097
0.00833783	0.019251
0.00876868	0.0184982
0.00917143	0.017748
0.00964053	0.0170054
0.0101569	0.0162654
0.0102816	0.0732043
0.010426	0.0748616
0.010715	0.0155359
0.0113512	0.0148092
0.0118785	0.0140962
0.0123968	0.0133865
0.0129964	0.0126915
0.0134398	0.0740311
0.0137083	0.0120004
0.0144205	0.0113271
0.0152321	0.0106588
0.0160602	0.0100098
0.0169208	0.0093677
0.0178701	8.24209e-05
0.0179333	0.00874669
0.0190942	0.00813306
0.0199896	0.00754529
0.0209188	0.00696551
0.0209439	0.00011253
0.0217128	0.00641152
0.0225648	0.00586785
0.0237769	0.00534934
0.0239475	0.000166752
0.0253122	0.00484274
0.0265599	0.00436711
0.0266134	0.00024267
0.0278744	0.00390581
0.0287348	0.000341303
0.0289585	0.00347298
0.0299083	0.00305901
0.0304341	0.000456433
0.0309411	0.00267424
0.0318621	0.00059126
0.0324207	0.00230864
0.0330258	0.000736003
0.0337902	0.000896333
0.0339133	0.00212956
0.0343441	0.00195389
0.0344047	0.00105995
0.0348266	0.00123677
0.0348568	0.0017695
0.0350938	0.00140978
0.0352461	0.00159315
)
