(title "Skin Friction Coefficient")
(labels "Skin Friction Coefficient" "Position")

((xy/key/label "middleplane_suctionside")
6.92561e-05	0.0425965
9.80622e-05	0.0418887
0.000154504	0.0433041
0.000222132	0.0411723
0.000258728	0.0566866
0.000264718	0.0440029
0.000309728	0.0558648
0.000356425	0.0447016
0.000375247	0.0404558
0.000437498	0.127992
0.000445204	0.0453912
0.000464872	0.128786
0.000480637	0.127197
0.000484592	0.0460808
0.000508438	0.129579
0.000532312	0.0468912
0.000536253	0.039731
0.00056275	0.0550455
0.000566919	0.130371
0.000569782	0.0477015
0.000577815	0.0485143
0.00058956	0.0542254
0.000597087	0.0575074
0.00061569	0.0493266
0.000631725	0.0501416
0.000635376	0.126401
0.000648769	0.0534074
0.000659841	0.0509558
0.000695605	0.0517727
0.00071098	0.039006
0.000734972	0.0525887
0.000753573	0.0607997
0.000815173	0.131162
0.000848799	0.125604
0.00091236	0.0382731
0.00101714	0.124806
0.00104499	0.0583304
0.00110503	0.0375401
0.00110885	0.124006
0.00117613	0.123205
0.0011901	0.0599766
0.00127083	0.122404
0.00129519	0.0591524
0.00132857	0.0367996
0.00137911	0.061625
0.00145416	0.1216
0.00148453	0.131951
0.0015393	0.0360589
0.00173943	0.120799
0.00174865	0.137444
0.00174936	0.148601
0.00176699	0.0353113
0.00180775	0.149652
0.00181586	0.148972
0.00188783	0.136663
0.00192213	0.135881
0.00197046	0.149549
0.00198696	0.119994
0.00200051	0.14823
0.00200649	0.0345636
0.00201746	0.110285
0.00203485	0.149343
0.00208727	0.109472
0.00217891	0.119191
0.00219673	0.135097
0.00219702	0.1111
0.00223612	0.0338094
0.00225718	0.138223
0.00228305	0.149704
0.00235951	0.108655
0.00237947	0.118386
0.00238692	0.132739
0.00249563	0.111912
0.00250422	0.0330552
0.00250422	0.0330552
0.00253943	0.0632753
0.00255507	0.100474
0.00257466	0.11758
0.00259995	0.101296
0.00261737	0.0624492
0.00262345	0.147469
0.00265289	0.0996547
0.00266327	0.142873
0.00267604	0.107841
0.00267604	0.107841
0.00270679	0.112724
0.0027592	0.0322952
0.00276472	0.116772
0.00279581	0.0732043
0.00281334	0.098833
0.00281387	0.0665807
0.00281569	0.102114
0.00283355	0.113533
0.00284544	0.134312
0.00288829	0.0980108
0.00291387	0.115964
0.00293172	0.114345
0.00293634	0.0971866
0.00293759	0.107024
0.00296646	0.115153
0.00299741	0.133526
0.00303774	0.143643
0.00304955	0.0315354
0.0030834	0.0963647
0.00319148	0.102936
0.00330019	0.0955387
0.0033046	0.0723754
0.00331081	0.106209
0.00331789	0.0307708
0.00333149	0.146708
0.00333485	0.142101
0.00346704	0.0641003
0.00351071	0.14973
0.0035466	0.139002
0.00355071	0.103754
0.00356981	0.0300065
0.00359405	0.0947171
0.00368935	0.091418
0.00369231	0.105392
0.00371274	0.0905909
0.00375698	0.104574
0.00382021	0.0938908
0.00385902	0.0292382
0.00386295	0.0922427
0.00386295	0.0922427
0.0038924	0.0930684
0.0040512	0.0657532
0.00408161	0.0839744
0.00410757	0.0284702
0.0041212	0.145944
0.00412438	0.0848036
0.00417863	0.0740311
0.00433901	0.0897658
0.0043918	0.144411
0.00441483	0.0276991
0.00443339	0.0856305
0.00443884	0.0748616
0.00446531	0.075688
0.0044965	0.0831475
0.00464943	0.141328
0.00472819	0.0269284
0.00485158	0.149743
0.00485871	0.0690626
0.00489188	0.0864586
0.00490431	0.145179
0.00490943	0.139779
0.00502064	0.0261561
0.0051327	0.0889371
0.00525724	0.0649273
0.00527879	0.067407
0.00535148	0.0253844
0.00536544	0.082317
0.00537209	0.0872836
0.00538534	0.0790047
0.00550544	0.0881126
0.005506	0.140555
0.00562243	0.079834
0.00568096	0.0246121
0.00568912	0.0765191
0.00586935	0.0682353
0.00609008	0.0238405
0.00609548	0.0781767
0.00614916	0.0806604
0.00614987	0.0814909
0.00640968	0.0230708
0.00664678	0.0773463
0.0067003	0.0223023
0.00672193	0.149749
0.00710941	0.0215355
0.00715029	0.0715473
0.00750621	0.0207706
0.00792488	0.0200097
0.00809181	0.0698909
0.00836237	0.019251
0.00876226	0.0184982
0.00919481	0.017748
0.00964177	0.0170054
0.0101639	0.0162654
0.0103225	0.0707182
0.0107368	0.0155359
0.0113555	0.0148092
0.0119017	0.0140962
0.0124058	0.0133865
0.0129931	0.0126915
0.0137148	0.0120004
0.0144303	0.0113271
0.0152477	0.0106588
0.0160551	0.0100098
0.0169294	0.0093677
0.0177948	8.24209e-05
0.0179326	0.00874669
0.0190878	0.00813306
0.0200048	0.00754529
0.0208725	0.00011253
0.0209098	0.00696551
0.0217144	0.00641152
0.0225667	0.00586785
0.0237661	0.00534934
0.0238756	0.000166752
0.0253113	0.00484274
0.0265467	0.00024267
0.0265524	0.00436711
0.0278606	0.00390581
0.0286712	0.000341303
0.0289444	0.00347298
0.0298907	0.00305901
0.0303747	0.000456433
0.0309212	0.00267424
0.0318059	0.00059126
0.0323981	0.00230864
0.0329736	0.000736003
0.033741	0.000896333
0.033886	0.00212956
0.0343135	0.00195389
0.0343576	0.00105995
0.0347826	0.00123677
0.0348213	0.0017695
0.0350539	0.00140978
0.0352072	0.00159315
)
