(title "Skin Friction Coefficient")
(labels "Skin Friction Coefficient" "Position")

((xy/key/label "middleplane_suctionside")
6.08762e-05	0.0425965
0.000117091	0.0433041
0.000127297	0.0418887
0.000180358	0.0583304
0.00019432	0.0591524
0.000214212	0.0440029
0.000276533	0.0411723
0.000290321	0.0447016
0.000358397	0.0453912
0.000372946	0.0575074
0.000416559	0.0599766
0.00042001	0.0460808
0.000426911	0.0404558
0.000490991	0.0468912
0.000549392	0.0477015
0.00057943	0.0525887
0.000582496	0.0517727
0.000591076	0.145944
0.000594195	0.0534074
0.000594527	0.145179
0.000598559	0.039731
0.000602047	0.0485143
0.000615075	0.0509558
0.000620396	0.0493266
0.000628364	0.0501416
0.000671175	0.148601
0.000676702	0.0542254
0.00067964	0.0566866
0.000690252	0.14823
0.0007014	0.0607997
0.000714986	0.0550455
0.000758968	0.146708
0.000759555	0.0558648
0.000769814	0.039006
0.000771789	0.126401
0.000813841	0.144411
0.000816712	0.147469
0.000881766	0.148972
0.000905094	0.125604
0.000952861	0.0382731
0.000987508	0.127197
0.00108418	0.124806
0.00110542	0.061625
0.00111022	0.0641003
0.00113021	0.143643
0.00115285	0.0375401
0.00134947	0.0367996
0.00137645	0.149343
0.00138453	0.119994
0.0013855	0.141328
0.00141126	0.127992
0.00142448	0.140555
0.00142669	0.0632753
0.00142759	0.142873
0.00149469	0.142101
0.00151021	0.133526
0.00151548	0.132739
0.00153032	0.082317
0.00154118	0.124006
0.00157672	0.0360589
0.00162032	0.135881
0.00163254	0.134312
0.00164042	0.119191
0.0016418	0.139779
0.00165009	0.136663
0.00165987	0.135097
0.00174452	0.120799
0.00175182	0.131951
0.00176428	0.0665807
0.00179249	0.0353113
0.00180609	0.137444
0.00192502	0.0624492
0.00194116	0.139002
0.00200604	0.138223
0.00201405	0.131162
0.00201583	0.128786
0.00203169	0.0345636
0.0020479	0.0657532
0.00205217	0.0831475
0.00206736	0.149549
0.00214707	0.118386
0.00214953	0.0856305
0.00223548	0.0698909
0.00227638	0.0338094
0.00228472	0.0864586
0.00228747	0.0649273
0.00233597	0.130371
0.00240005	0.0848036
0.0024491	0.11758
0.00245388	0.129579
0.00248632	0.1216
0.00249042	0.115964
0.00251011	0.116772
0.00251287	0.0330552
0.00251287	0.0330552
0.00254936	0.115153
0.0025506	0.123205
0.00257921	0.0839744
0.00264386	0.114345
0.00267837	0.103754
0.0026857	0.0872836
0.00269794	0.113533
0.00279155	0.102936
0.00279326	0.0322952
0.00280602	0.104574
0.00291584	0.112724
0.00293053	0.149652
0.0029949	0.122404
0.00301776	0.0715473
0.0030543	0.0315354
0.0030725	0.105392
0.00313403	0.102114
0.00325522	0.0881126
0.00332527	0.0307708
0.00333944	0.106209
0.0033815	0.111912
0.00339561	0.0814909
0.00339571	0.0723754
0.00358712	0.0300065
0.00360557	0.101296
0.00361074	0.067407
0.00361282	0.107024
0.00378865	0.0707182
0.00383447	0.1111
0.00384464	0.0292382
0.00386669	0.107841
0.00386669	0.107841
0.00389041	0.0690626
0.00395724	0.0765191
0.00402571	0.0889371
0.00403345	0.0773463
0.00404263	0.108655
0.0040753	0.100474
0.00409923	0.110285
0.00411529	0.149704
0.00413248	0.0284702
0.00414856	0.109472
0.00440575	0.0276991
0.00459715	0.0996547
0.0047332	0.0269284
0.00475167	0.0897658
0.00475331	0.0963647
0.00478778	0.0922427
0.00478778	0.0922427
0.0047952	0.0971866
0.00487046	0.0955387
0.00487535	0.091418
0.00497725	0.0930684
0.00499735	0.0947171
0.00500761	0.0905909
0.00503284	0.0261561
0.00506094	0.098833
0.0050731	0.0980108
0.00513199	0.0938908
0.00532597	0.14973
0.0053264	0.0253844
0.00552538	0.075688
0.00569597	0.0246121
0.00578057	0.0682353
0.00606916	0.0238405
0.00608894	0.0781767
0.00640569	0.0230708
0.00641847	0.149743
0.00666856	0.0732043
0.00671265	0.0223023
0.00699943	0.0806604
0.00708068	0.0215355
0.0071645	0.149749
0.00751417	0.0207706
0.00757829	0.0748616
0.00790862	0.0200097
0.00835022	0.019251
0.00840389	0.0740311
0.00877293	0.0184982
0.00881813	0.0790047
0.00917452	0.017748
0.00939517	0.079834
0.00964929	0.0170054
0.010157	0.0162654
0.0107204	0.0155359
0.0113541	0.0148092
0.0118827	0.0140962
0.0124028	0.0133865
0.0129973	0.0126915
0.013713	0.0120004
0.0144226	0.0113271
0.015236	0.0106588
0.0160622	0.0100098
0.016924	0.0093677
0.0178927	8.24209e-05
0.0179362	0.00874669
0.0190974	0.00813306
0.0199942	0.00754529
0.0209201	0.00696551
0.020966	0.00011253
0.0217181	0.00641152
0.0225682	0.00586785
0.0237807	0.00534934
0.0239693	0.000166752
0.0253174	0.00484274
0.0265635	0.00436711
0.026633	0.00024267
0.0278795	0.00390581
0.0287527	0.000341303
0.0289638	0.00347298
0.0299137	0.00305901
0.0304503	0.000456433
0.0309471	0.00267424
0.0318769	0.00059126
0.0324271	0.00230864
0.0330389	0.000736003
0.0338024	0.000896333
0.0339203	0.00212956
0.0343517	0.00195389
0.0344165	0.00105995
0.0348374	0.00123677
0.0348653	0.0017695
0.0351035	0.00140978
0.0352554	0.00159315
)
