(title "Skin Friction Coefficient")
(labels "Skin Friction Coefficient" "Position")

((xy/key/label "middleplane_suctionside")
6.08106e-05	0.0425965
8.69909e-05	0.0418887
0.000154259	0.0433041
0.000216372	0.0411723
0.000262277	0.0440029
0.000351353	0.0447016
0.000367677	0.0404558
0.000434447	0.0453912
0.000434631	0.0558648
0.000436322	0.0566866
0.000473208	0.0460808
0.000524991	0.0468912
0.000528739	0.039731
0.000544877	0.0607997
0.000563706	0.0477015
0.000576899	0.0550455
0.00058321	0.0485143
0.000585545	0.0575074
0.000600325	0.0542254
0.000614304	0.0534074
0.000618651	0.0493266
0.000634266	0.0501416
0.000659378	0.0509558
0.000663537	0.0517727
0.000672175	0.0525887
0.000702505	0.039006
0.000780034	0.0583304
0.000785716	0.0599766
0.000863755	0.0591524
0.000899311	0.0382731
0.00102085	0.061625
0.00106417	0.137444
0.00109214	0.0375401
0.0011766	0.124006
0.00119896	0.138223
0.00120672	0.147469
0.00123389	0.124806
0.00125175	0.123205
0.00129753	0.14823
0.00131232	0.0367996
0.00132563	0.140555
0.00133675	0.0624492
0.00135055	0.125604
0.0013678	0.136663
0.00142948	0.122404
0.00144298	0.126401
0.00151937	0.141328
0.00152054	0.0360589
0.001544	0.132739
0.00155976	0.127197
0.00156527	0.0632753
0.00163944	0.127992
0.00165992	0.128786
0.00170377	0.1216
0.00172	0.131951
0.0017494	0.0353113
0.00182833	0.148601
0.0018327	0.135881
0.0018468	0.139002
0.00186517	0.139779
0.00189954	0.146708
0.00197279	0.0657532
0.0019838	0.0345636
0.00198452	0.129579
0.0020033	0.0963647
0.00201492	0.0955387
0.00206258	0.098833
0.00206871	0.0980108
0.00208242	0.0971866
0.00211098	0.0996547
0.00212452	0.120799
0.00215077	0.135097
0.00221797	0.0338094
0.00221907	0.0947171
0.00225701	0.142101
0.00226425	0.0938908
0.00230583	0.148972
0.00234441	0.100474
0.00242683	0.0930684
0.0024277	0.0665807
0.00247186	0.134312
0.00247346	0.145944
0.00248203	0.0330552
0.00248203	0.0330552
0.00252723	0.133526
0.00256263	0.130371
0.00260335	0.119994
0.00268584	0.101296
0.00269018	0.142873
0.00269927	0.145179
0.00271011	0.131162
0.0027365	0.0322952
0.00273781	0.144411
0.00276486	0.149343
0.00277418	0.143643
0.00286533	0.149549
0.00292587	0.149652
0.00297009	0.102114
0.00302975	0.0641003
0.00303212	0.0315354
0.0030382	0.115153
0.00304839	0.119191
0.00307056	0.114345
0.00313149	0.102936
0.00314361	0.113533
0.00314888	0.110285
0.0031647	0.115964
0.00317233	0.1111
0.00319135	0.103754
0.00319137	0.109472
0.00321322	0.112724
0.00323449	0.111912
0.00325153	0.0922427
0.00325153	0.0922427
0.00328959	0.108655
0.00328999	0.0307708
0.0033121	0.104574
0.00335462	0.116772
0.00338006	0.118386
0.00342269	0.149704
0.00345762	0.11758
0.00346323	0.107841
0.00346323	0.107841
0.00349091	0.105392
0.003525	0.0682353
0.00354355	0.0649273
0.0035514	0.0300065
0.00356266	0.107024
0.00357459	0.106209
0.00383253	0.0292382
0.00387074	0.0781767
0.00396816	0.0715473
0.00408119	0.0284702
0.00414164	0.14973
0.00418235	0.091418
0.00430616	0.067407
0.0043137	0.0690626
0.00439717	0.0276991
0.00443756	0.0905909
0.00453389	0.0707182
0.00454784	0.0897658
0.00469821	0.0269284
0.00476124	0.0790047
0.00480255	0.149743
0.00484666	0.0773463
0.00498538	0.149749
0.00500635	0.0261561
0.00517208	0.0723754
0.00532779	0.0253844
0.00536109	0.079834
0.00538062	0.0839744
0.00565479	0.0246121
0.00580096	0.0848036
0.00583124	0.0698909
0.00585264	0.0740311
0.00590554	0.0732043
0.00593845	0.0889371
0.00607334	0.0238405
0.00610032	0.0748616
0.00638012	0.0230708
0.00668954	0.0223023
0.00673482	0.0765191
0.00674472	0.0806604
0.00697026	0.075688
0.00708891	0.0215355
0.00748346	0.0207706
0.00791385	0.0200097
0.00799391	0.0831475
0.00833657	0.019251
0.00847913	0.0881126
0.00855502	0.0856305
0.00874952	0.0184982
0.00917761	0.017748
0.00927512	0.0814909
0.0096223	0.0170054
0.00996202	0.082317
0.0101541	0.0162654
0.0104321	0.0872836
0.010507	0.0864586
0.0107194	0.0155359
0.0113451	0.0148092
0.0118864	0.0140962
0.0123903	0.0133865
0.0129842	0.0126915
0.0137029	0.0120004
0.0144242	0.0113271
0.0152368	0.0106588
0.0160487	0.0100098
0.0169263	0.0093677
0.0179288	0.00874669
0.0179357	8.24209e-05
0.0190906	0.00813306
0.0200025	0.00754529
0.0209119	0.00696551
0.0210068	0.00011253
0.0217191	0.00641152
0.022571	0.00586785
0.0237774	0.00534934
0.0240088	0.000166752
0.0253236	0.00484274
0.0265674	0.00436711
0.0266668	0.00024267
0.0278824	0.00390581
0.0287841	0.000341303
0.0289716	0.00347298
0.0299219	0.00305901
0.03048	0.000456433
0.0309566	0.00267424
0.0319055	0.00059126
0.0324387	0.00230864
0.0330652	0.000736003
0.0338272	0.000896333
0.0339338	0.00212956
0.0343666	0.00195389
0.0344404	0.00105995
0.0348594	0.00123677
0.0348825	0.0017695
0.0351233	0.00140978
0.0352743	0.00159315
)
