(title "Skin Friction Coefficient")
(labels "Skin Friction Coefficient" "Position")

((xy/key/label "middleplane_suctionside")
6.51003e-05	0.0425965
9.09285e-05	0.0418887
0.000147327	0.0433041
0.000222465	0.0411723
0.000257723	0.0440029
0.000347923	0.0447016
0.000381184	0.0404558
0.000445277	0.0453912
0.000469544	0.0607997
0.000483669	0.0566866
0.000484289	0.0558648
0.00049882	0.0460808
0.000505142	0.061625
0.00054125	0.039731
0.000546218	0.0468912
0.000597669	0.0477015
0.000605703	0.0485143
0.000606923	0.0550455
0.000615979	0.135881
0.000639195	0.0493266
0.000644898	0.0575074
0.000644953	0.0542254
0.000659465	0.0501416
0.000675848	0.135097
0.000682407	0.0534074
0.000687125	0.0509558
0.000703321	0.0517727
0.000719207	0.0525887
0.000724874	0.039006
0.000746523	0.0624492
0.000772058	0.0599766
0.000806141	0.0583304
0.000839649	0.134312
0.000841623	0.0591524
0.000888395	0.136663
0.000907411	0.131162
0.000921574	0.0382731
0.00094179	0.131951
0.000953584	0.129579
0.000961112	0.130371
0.000987164	0.0632753
0.00100646	0.133526
0.00101761	0.128786
0.00104876	0.132739
0.00111648	0.0375401
0.00114137	0.0665807
0.00119676	0.127992
0.00133713	0.0367996
0.00135108	0.149549
0.00140336	0.137444
0.00140589	0.149343
0.00149008	0.127197
0.00154225	0.0360589
0.00162044	0.149652
0.00167506	0.138223
0.00168665	0.148972
0.00168894	0.139002
0.00172356	0.0657532
0.00177518	0.0353113
0.001795	0.0641003
0.00192641	0.139779
0.00194941	0.119994
0.00197058	0.126401
0.00199552	0.148601
0.0020039	0.0345636
0.00209272	0.120799
0.00211221	0.144411
0.00213188	0.143643
0.00216647	0.067407
0.00222552	0.149704
0.00224364	0.0338094
0.0022478	0.0649273
0.0022512	0.140555
0.00225937	0.141328
0.00227016	0.14823
0.00227974	0.142101
0.00228959	0.119191
0.00229935	0.142873
0.00231585	0.145179
0.0024708	0.0740311
0.00248046	0.145944
0.00250639	0.0330552
0.00250639	0.0330552
0.00261585	0.147469
0.00264234	0.1216
0.00267609	0.146708
0.00271589	0.109472
0.00272779	0.125604
0.00274398	0.110285
0.00276022	0.0322952
0.0027971	0.0690626
0.0028014	0.108655
0.00292337	0.0732043
0.00292665	0.1111
0.00294192	0.0748616
0.00298751	0.107841
0.00298751	0.107841
0.00301955	0.0698909
0.0030462	0.14973
0.00304824	0.118386
0.00305903	0.0315354
0.00323995	0.107024
0.00329164	0.111912
0.00331042	0.0307708
0.00346419	0.122404
0.00356571	0.106209
0.0035762	0.0300065
0.0035868	0.124806
0.00375164	0.0723754
0.00377978	0.11758
0.00379389	0.112724
0.00381841	0.149743
0.00385237	0.0292382
0.0039481	0.105392
0.00405566	0.123205
0.00410214	0.0284702
0.00410835	0.124006
0.00421753	0.091418
0.00428304	0.113533
0.00428789	0.0682353
0.00429406	0.116772
0.00432337	0.104574
0.00441938	0.0276991
0.00458804	0.115964
0.00462331	0.114345
0.00469362	0.0848036
0.00470286	0.115153
0.00471617	0.0269284
0.00473347	0.103754
0.00481545	0.0905909
0.00483669	0.0856305
0.00485104	0.149749
0.00492284	0.0922427
0.00492284	0.0922427
0.00502909	0.0261561
0.00512107	0.102936
0.00534402	0.0253844
0.0054547	0.102114
0.00567134	0.0246121
0.00575481	0.075688
0.00577253	0.101296
0.0059765	0.100474
0.00597895	0.0930684
0.00609081	0.0238405
0.00611034	0.0996547
0.00616094	0.0864586
0.00625301	0.0839744
0.00629563	0.098833
0.00635475	0.0790047
0.00639449	0.0230708
0.00644265	0.0897658
0.00646453	0.0715473
0.00658849	0.0980108
0.00666852	0.0781767
0.00670771	0.0223023
0.00672445	0.0814909
0.00690855	0.0707182
0.00698817	0.0938908
0.00706795	0.0971866
0.00710347	0.0215355
0.00717085	0.0806604
0.0071906	0.079834
0.00749801	0.0207706
0.007592	0.0963647
0.00766136	0.082317
0.00772783	0.0947171
0.00788869	0.0955387
0.00792913	0.0200097
0.00793967	0.0889371
0.00814805	0.0872836
0.0081775	0.0765191
0.00817753	0.0831475
0.00819438	0.0773463
0.00834753	0.019251
0.00876409	0.0184982
0.00879143	0.0881126
0.00918871	0.017748
0.00963367	0.0170054
0.010167	0.0162654
0.0107296	0.0155359
0.011358	0.0148092
0.0118957	0.0140962
0.0123982	0.0133865
0.0129948	0.0126915
0.0137097	0.0120004
0.014435	0.0113271
0.0152437	0.0106588
0.0160535	0.0100098
0.0169354	0.0093677
0.0179021	8.24209e-05
0.0179328	0.00874669
0.0191	0.00813306
0.0200069	0.00754529
0.0209137	0.00696551
0.0209763	0.00011253
0.021726	0.00641152
0.0225734	0.00586785
0.0237814	0.00534934
0.0239808	0.000166752
0.0253271	0.00484274
0.0265683	0.00436711
0.0266453	0.00024267
0.0278842	0.00390581
0.0287656	0.000341303
0.0289716	0.00347298
0.0299212	0.00305901
0.0304637	0.000456433
0.0309558	0.00267424
0.0318907	0.00059126
0.0324366	0.00230864
0.0330526	0.000736003
0.0338161	0.000896333
0.0339304	0.00212956
0.0343624	0.00195389
0.03443	0.00105995
0.0348505	0.00123677
0.034877	0.0017695
0.0351164	0.00140978
0.035268	0.00159315
)
