(title "Skin Friction Coefficient")
(labels "Skin Friction Coefficient" "Position")

((xy/key/label "middleplane_suctionside")
6.44327e-05	0.0425965
8.55715e-05	0.0433041
0.000160354	0.0418887
0.000196526	0.0440029
0.000288837	0.0411723
0.000289691	0.0447016
0.000383249	0.0453912
0.000431441	0.0460808
0.000440999	0.0404558
0.000481066	0.0468912
0.000483993	0.0558648
0.00051902	0.0477015
0.000524762	0.0550455
0.000525644	0.0542254
0.000529453	0.0485143
0.000550307	0.0566866
0.000572211	0.0493266
0.000590641	0.0534074
0.0006037	0.039731
0.000605413	0.0501416
0.000625893	0.0624492
0.000627237	0.0607997
0.000653241	0.0509558
0.000662763	0.0599766
0.000679428	0.0517727
0.000682183	0.0525887
0.000683158	0.0591524
0.000695334	0.0657532
0.00070151	0.0575074
0.000750271	0.061625
0.000770401	0.0583304
0.000777411	0.039006
0.000808566	0.143643
0.000832279	0.134312
0.000860777	0.142873
0.000884044	0.0632753
0.00089132	0.133526
0.000947176	0.132739
0.00097793	0.0382731
0.000979725	0.144411
0.00100482	0.131951
0.00116618	0.0665807
0.00116964	0.0375401
0.00122338	0.142101
0.00126591	0.135097
0.00131014	0.14823
0.00132062	0.131162
0.00138792	0.0367996
0.00138863	0.0649273
0.00142879	0.145179
0.00143721	0.147469
0.00146635	0.129579
0.0015948	0.130371
0.00159766	0.0360589
0.00160161	0.148601
0.00160612	0.145944
0.00161971	0.146708
0.00162305	0.128786
0.0017015	0.0641003
0.00181885	0.0353113
0.00189856	0.148972
0.00191434	0.136663
0.00192956	0.141328
0.00201341	0.135881
0.00205609	0.0345636
0.00207064	0.149343
0.00215263	0.139779
0.00217185	0.100474
0.00218292	0.079834
0.00219135	0.137444
0.00220067	0.127992
0.00222811	0.149549
0.00227386	0.101296
0.00228362	0.0338094
0.00230216	0.0996547
0.00231148	0.102114
0.00232103	0.140555
0.00238697	0.110285
0.00240038	0.149652
0.00241227	0.109472
0.00242985	0.102936
0.00245282	0.0690626
0.00253883	0.139002
0.00254772	0.0330552
0.00254772	0.0330552
0.00257599	0.1111
0.00266656	0.127197
0.0026896	0.103754
0.00268992	0.149704
0.00270471	0.067407
0.00271661	0.108655
0.00276924	0.0790047
0.00280221	0.111912
0.00280247	0.0322952
0.00281462	0.0682353
0.00281916	0.0732043
0.00288379	0.126401
0.00294875	0.0723754
0.00300094	0.138223
0.00300161	0.098833
0.00302309	0.112724
0.00303642	0.14973
0.00306346	0.104574
0.00309063	0.0315354
0.00312458	0.125604
0.00314775	0.149749
0.00323597	0.107841
0.00323597	0.107841
0.00325489	0.0806604
0.00334085	0.113533
0.00335357	0.149743
0.00335381	0.0307708
0.00336409	0.0715473
0.00351401	0.105392
0.00351413	0.124806
0.00360486	0.0300065
0.00364784	0.0698909
0.00366513	0.0848036
0.00369942	0.107024
0.00375303	0.114345
0.00380281	0.106209
0.00386374	0.124006
0.0038769	0.0980108
0.00388918	0.0292382
0.00389144	0.0839744
0.00400748	0.0707182
0.0041346	0.0284702
0.00413568	0.123205
0.00418038	0.0938908
0.00419551	0.115153
0.00421067	0.0930684
0.00430343	0.0740311
0.00430463	0.0781767
0.00435928	0.122404
0.00437789	0.0947171
0.00444333	0.0276991
0.00447955	0.1216
0.00449611	0.0971866
0.00459498	0.0856305
0.00459821	0.120799
0.00459835	0.0922427
0.00459835	0.0922427
0.00460134	0.0955387
0.00463398	0.115964
0.00473917	0.0963647
0.00474425	0.119994
0.00475028	0.0269284
0.00490437	0.0814909
0.00495206	0.119191
0.00500671	0.116772
0.00503819	0.0831475
0.00504629	0.0261561
0.00516083	0.118386
0.00519541	0.11758
0.00521431	0.091418
0.00537305	0.0253844
0.00557871	0.082317
0.00569781	0.0246121
0.00578158	0.0864586
0.00605697	0.0905909
0.00611278	0.0238405
0.00642269	0.0230708
0.00644421	0.0773463
0.00650205	0.0872836
0.0065319	0.0889371
0.00654101	0.0881126
0.00658294	0.0897658
0.00671966	0.0223023
0.00700836	0.0748616
0.0071257	0.0215355
0.00751694	0.0207706
0.00794378	0.0200097
0.00826113	0.0765191
0.00837025	0.019251
0.00857181	0.075688
0.00877576	0.0184982
0.00920654	0.017748
0.00964996	0.0170054
0.0101791	0.0162654
0.0107464	0.0155359
0.0113692	0.0148092
0.0119109	0.0140962
0.0124127	0.0133865
0.0130055	0.0126915
0.0137234	0.0120004
0.0144448	0.0113271
0.0152581	0.0106588
0.0160661	0.0100098
0.0169458	0.0093677
0.0179157	8.24209e-05
0.0179456	0.00874669
0.019108	0.00813306
0.0200204	0.00754529
0.0209258	0.00696551
0.0209906	0.00011253
0.0217362	0.00641152
0.0225857	0.00586785
0.0237912	0.00534934
0.0239951	0.000166752
0.0253383	0.00484274
0.0265803	0.00436711
0.0266592	0.00024267
0.0278948	0.00390581
0.0287793	0.000341303
0.0289826	0.00347298
0.0299325	0.00305901
0.0304771	0.000456433
0.0309671	0.00267424
0.0319039	0.00059126
0.0324481	0.00230864
0.0330657	0.000736003
0.0338291	0.000896333
0.0339425	0.00212956
0.0343747	0.00195389
0.0344429	0.00105995
0.0348634	0.00123677
0.0348896	0.0017695
0.035129	0.00140978
0.0352808	0.00159315
)
