(title "Skin Friction Coefficient")
(labels "Skin Friction Coefficient" "Position")

((xy/key/label "middleplane_suctionside")
6.10349e-05	0.0425965
0.000100171	0.0418887
0.000147514	0.0433041
0.000232034	0.0411723
0.00026089	0.0440029
0.000281965	0.0607997
0.000303754	0.061625
0.000354963	0.0447016
0.000382808	0.0404558
0.000390623	0.0599766
0.000441531	0.0453912
0.000457691	0.0591524
0.00048658	0.0460808
0.00053935	0.0468912
0.000548004	0.039731
0.000576266	0.0583304
0.000576554	0.0477015
0.000594441	0.0542254
0.000596471	0.0550455
0.000599886	0.0485143
0.000604337	0.0534074
0.000618463	0.149652
0.00061851	0.0558648
0.000626397	0.149704
0.000638231	0.0493266
0.000654264	0.0649273
0.000668587	0.0501416
0.000679792	0.0525887
0.000705	0.0575074
0.0007099	0.0566866
0.000711389	0.0509558
0.00071633	0.0517727
0.000723032	0.039006
0.000775164	0.149549
0.000796224	0.14973
0.000835691	0.147469
0.000896512	0.142101
0.000923327	0.0382731
0.000949559	0.149343
0.000972736	0.14823
0.000972763	0.142873
0.0009834	0.146708
0.000991588	0.0624492
0.00102768	0.149743
0.00107433	0.141328
0.00107448	0.148972
0.00107863	0.11758
0.00108579	0.143643
0.0011101	0.124806
0.00111375	0.148601
0.00111932	0.0375401
0.00112558	0.145944
0.00113092	0.0657532
0.00113198	0.125604
0.00114032	0.144411
0.00115305	0.145179
0.00120666	0.0641003
0.00121476	0.130371
0.00121644	0.118386
0.00124972	0.116772
0.00131986	0.131162
0.00132147	0.067407
0.00133728	0.0367996
0.00134858	0.119191
0.00136747	0.136663
0.00138987	0.126401
0.00139937	0.137444
0.0013996	0.140555
0.00142024	0.129579
0.00146472	0.133526
0.00147757	0.0872836
0.00148429	0.127197
0.00148442	0.135881
0.00150732	0.132739
0.00151815	0.134312
0.00152152	0.131951
0.00152565	0.119994
0.00153653	0.149749
0.00154971	0.0360589
0.00155114	0.135097
0.00155169	0.127992
0.00158297	0.128786
0.00159201	0.115964
0.00160413	0.138223
0.00164826	0.139779
0.00167485	0.0864586
0.00169127	0.0848036
0.00170468	0.0632753
0.00171087	0.124006
0.00172751	0.139002
0.00173219	0.120799
0.00173623	0.0856305
0.00175843	0.0665807
0.00177366	0.0353113
0.00179398	0.0963647
0.00182412	0.0881126
0.00186721	0.115153
0.00188177	0.091418
0.00196116	0.0955387
0.00196213	0.1216
0.00201043	0.0345636
0.00205736	0.0922427
0.00205736	0.0922427
0.0020717	0.0905909
0.00210172	0.114345
0.00211931	0.0889371
0.0021406	0.0897658
0.00222047	0.0971866
0.00222872	0.123205
0.00223565	0.122404
0.00224217	0.0338094
0.00234211	0.113533
0.00244245	0.0723754
0.00250645	0.0330552
0.00250645	0.0330552
0.00255819	0.0773463
0.00259234	0.0682353
0.00260112	0.0947171
0.00261221	0.103754
0.00268957	0.112724
0.00273987	0.0930684
0.0027448	0.104574
0.00276296	0.0322952
0.00278079	0.0839744
0.00280674	0.102936
0.0029138	0.102114
0.0030373	0.101296
0.00305231	0.0315354
0.00305743	0.0938908
0.00307866	0.0980108
0.00308097	0.111912
0.00309459	0.0781767
0.00323583	0.0715473
0.00331717	0.0307708
0.00336519	0.1111
0.00350372	0.105392
0.00351935	0.0790047
0.00357052	0.0300065
0.00357178	0.100474
0.00369308	0.110285
0.0038545	0.0292382
0.00387159	0.098833
0.0040641	0.0996547
0.00410373	0.0284702
0.00417054	0.0707182
0.00419934	0.109472
0.0043986	0.079834
0.00441001	0.0732043
0.00441208	0.0276991
0.00449367	0.0765191
0.00451615	0.106209
0.00471753	0.108655
0.00472113	0.0269284
0.00501956	0.0261561
0.00502298	0.0831475
0.00510625	0.107841
0.00510625	0.107841
0.00511538	0.107024
0.0053458	0.0253844
0.00567209	0.0246121
0.00608773	0.0238405
0.00622172	0.0690626
0.00635238	0.0698909
0.00639888	0.0230708
0.00669772	0.0223023
0.00685667	0.0806604
0.00710432	0.0215355
0.00749602	0.0207706
0.00776634	0.082317
0.00792454	0.0200097
0.00835062	0.019251
0.00875794	0.0184982
0.00880681	0.075688
0.00880726	0.0814909
0.00916301	0.0740311
0.00918925	0.017748
0.00963223	0.0170054
0.0101632	0.0162654
0.0107305	0.0155359
0.0112655	0.0748616
0.011354	0.0148092
0.011896	0.0140962
0.0123977	0.0133865
0.0129911	0.0126915
0.0137098	0.0120004
0.0144322	0.0113271
0.0152444	0.0106588
0.0160534	0.0100098
0.0169339	0.0093677
0.0179146	8.24209e-05
0.017934	0.00874669
0.0190973	0.00813306
0.02001	0.00754529
0.020916	0.00696551
0.020992	0.00011253
0.0217263	0.00641152
0.0225767	0.00586785
0.0237831	0.00534934
0.0239995	0.000166752
0.0253307	0.00484274
0.0265732	0.00436711
0.0266667	0.00024267
0.0278894	0.00390581
0.0287881	0.000341303
0.0289784	0.00347298
0.0299289	0.00305901
0.0304861	0.000456433
0.0309648	0.00267424
0.0319127	0.00059126
0.0324471	0.00230864
0.0330738	0.000736003
0.0338364	0.000896333
0.0339424	0.00212956
0.0343755	0.00195389
0.0344493	0.00105995
0.0348687	0.00123677
0.0348919	0.0017695
0.0351333	0.00140978
0.0352843	0.00159315
)
