(title "Skin Friction Coefficient")
(labels "Skin Friction Coefficient" "Position")

((xy/key/label "middleplane_suctionside")
6.28095e-05	0.0425965
0.000103527	0.0418887
0.000149399	0.0433041
0.000151044	0.0599766
0.000237432	0.0411723
0.000257811	0.0440029
0.000345263	0.0447016
0.000384736	0.0404558
0.000423316	0.0453912
0.000467226	0.0460808
0.000479372	0.0591524
0.00050237	0.0550455
0.000502601	0.0558648
0.000508734	0.0542254
0.00052353	0.0607997
0.000526652	0.0468912
0.000553034	0.039731
0.000556998	0.0534074
0.000563651	0.0477015
0.000592277	0.0485143
0.000636526	0.0493266
0.000664052	0.0501416
0.000704016	0.0525887
0.000710887	0.0509558
0.00072036	0.039006
0.000742167	0.0517727
0.000760147	0.0566866
0.000814418	0.061625
0.000914785	0.0382731
0.000967736	0.0583304
0.00107979	0.0715473
0.00108329	0.0575074
0.00111004	0.0375401
0.00114243	0.145944
0.00126361	0.148601
0.00131737	0.0367996
0.00131828	0.0955387
0.00138315	0.145179
0.00138566	0.148972
0.00141214	0.0963647
0.00142664	0.14823
0.00143956	0.0624492
0.00151065	0.138223
0.00154127	0.0947171
0.00154155	0.0360589
0.00157994	0.140555
0.00162768	0.137444
0.00167942	0.146708
0.00170102	0.0649273
0.00172599	0.0723754
0.00172804	0.139002
0.00172972	0.139779
0.00175646	0.0353113
0.00176447	0.0971866
0.00177414	0.141328
0.00179262	0.149343
0.00180084	0.149652
0.0018205	0.147469
0.00183613	0.0657532
0.00191761	0.149549
0.0020014	0.0345636
0.00201649	0.149704
0.00205471	0.144411
0.00210565	0.0938908
0.00222754	0.0707182
0.00223391	0.0338094
0.00223833	0.136663
0.00229294	0.114345
0.00235366	0.0980108
0.00235617	0.113533
0.00238657	0.067407
0.00239214	0.142101
0.00240354	0.115153
0.00248379	0.0330552
0.00248379	0.0330552
0.00257304	0.14973
0.00262275	0.112724
0.00266567	0.115964
0.00267241	0.0790047
0.00267515	0.135881
0.00275719	0.0322952
0.00276673	0.143643
0.00279586	0.0781767
0.00280756	0.0682353
0.00286413	0.0930684
0.00294177	0.0773463
0.00295417	0.142873
0.00296106	0.098833
0.00298805	0.135097
0.0030227	0.0315354
0.00303846	0.111912
0.00309646	0.116772
0.00310452	0.0881126
0.00314323	0.131162
0.0031883	0.149743
0.00319871	0.131951
0.00323602	0.0632753
0.0032409	0.0889371
0.00329025	0.134312
0.00330149	0.0307708
0.00332387	0.130371
0.00335769	0.132739
0.00336227	0.0872836
0.0033762	0.079834
0.0033819	0.0641003
0.00339322	0.133526
0.0034063	0.0665807
0.00341128	0.1111
0.00342837	0.0996547
0.00355353	0.0300065
0.00356969	0.120799
0.00359795	0.0897658
0.00360001	0.0922427
0.00360001	0.0922427
0.00365339	0.11758
0.0036947	0.119994
0.00372301	0.110285
0.00373488	0.129579
0.00375049	0.100474
0.00382672	0.0292382
0.00391961	0.0905909
0.00394132	0.101296
0.00394186	0.109472
0.00396895	0.091418
0.00404926	0.119191
0.00406362	0.1216
0.00406884	0.0732043
0.0040708	0.118386
0.0041018	0.0284702
0.00417994	0.102114
0.00418698	0.0864586
0.00420175	0.108655
0.00438093	0.0276991
0.00443755	0.149749
0.00445087	0.128786
0.00458517	0.107841
0.00458517	0.107841
0.00461915	0.102936
0.0047125	0.0269284
0.00484813	0.107024
0.00493505	0.106209
0.00495373	0.105392
0.00495743	0.103754
0.0049977	0.104574
0.00500211	0.0261561
0.00514925	0.0765191
0.00516444	0.122404
0.00531457	0.0253844
0.005315	0.127992
0.00543333	0.0856305
0.00553423	0.0698909
0.00567115	0.0246121
0.00598094	0.127197
0.00605088	0.0238405
0.00626354	0.0690626
0.00634583	0.126401
0.00639242	0.0230708
0.00642317	0.123205
0.00668448	0.0223023
0.00676176	0.0806604
0.00680611	0.125604
0.00707013	0.0215355
0.00711201	0.0848036
0.0072551	0.124006
0.00730741	0.0740311
0.00732337	0.124806
0.00749473	0.0207706
0.00777547	0.075688
0.00789224	0.0200097
0.00834175	0.019251
0.00863487	0.0748616
0.00875099	0.0184982
0.00916542	0.017748
0.00926624	0.0839744
0.00963213	0.0170054
0.0101409	0.0162654
0.0104037	0.0814909
0.0107136	0.0155359
0.0111222	0.0831475
0.0113386	0.0148092
0.0117218	0.082317
0.0118792	0.0140962
0.0123956	0.0133865
0.0129802	0.0126915
0.0137072	0.0120004
0.0144154	0.0113271
0.015235	0.0106588
0.0160577	0.0100098
0.0169208	0.0093677
0.017937	0.00874669
0.01805	8.24209e-05
0.0190893	0.00813306
0.0200087	0.00754529
0.0209281	0.00696551
0.0211259	0.00011253
0.0217221	0.00641152
0.0225865	0.00586785
0.0237907	0.00534934
0.0241265	0.000166752
0.0253385	0.00484274
0.0265908	0.00436711
0.0267717	0.00024267
0.0279083	0.00390581
0.028885	0.000341303
0.0290042	0.00347298
0.0299589	0.00305901
0.030579	0.000456433
0.0309989	0.00267424
0.0320017	0.00059126
0.0324867	0.00230864
0.0331563	0.000736003
0.0339172	0.000896333
0.0339886	0.00212956
0.034426	0.00195389
0.0345284	0.00105995
0.0349416	0.00123677
0.0349501	0.0017695
0.0351993	0.00140978
0.0353481	0.00159315
)
