(title "Skin Friction Coefficient")
(labels "Skin Friction Coefficient" "Position")

((xy/key/label "middleplane_suctionside")
7.49079e-05	0.0418887
8.79542e-05	0.0425965
0.000168581	0.0575074
0.000180445	0.0433041
0.000201735	0.0411723
0.000283625	0.0440029
0.000310451	0.0566866
0.000361644	0.0404558
0.000366682	0.0447016
0.000403575	0.0583304
0.000456758	0.0453912
0.000523356	0.0460808
0.000523705	0.039731
0.000572015	0.0468912
0.000596606	0.132739
0.000611608	0.131951
0.000627076	0.133526
0.000642841	0.0477015
0.0006655	0.0517727
0.000665537	0.0485143
0.000667461	0.0558648
0.000675771	0.11758
0.000680619	0.0509558
0.000683737	0.0493266
0.000686618	0.131162
0.000689765	0.116772
0.000689788	0.0501416
0.000691184	0.0525887
0.000716462	0.039006
0.000776833	0.0534074
0.000805356	0.0542254
0.000809725	0.115964
0.000839352	0.0550455
0.000842903	0.118386
0.000862495	0.0591524
0.000883261	0.145944
0.00088548	0.130371
0.000901011	0.0382731
0.000940139	0.134312
0.00104639	0.0624492
0.00106097	0.143643
0.00107886	0.146708
0.00109704	0.115153
0.00110452	0.0375401
0.00113477	0.0599766
0.0011728	0.061625
0.00118234	0.142873
0.00120444	0.129579
0.00123077	0.119191
0.00124946	0.141328
0.00126142	0.144411
0.00126275	0.124006
0.00127461	0.145179
0.00128507	0.142101
0.0013027	0.124806
0.00131551	0.0367996
0.00132782	0.140555
0.00137672	0.0641003
0.00138707	0.139779
0.00139163	0.0607997
0.00147669	0.135097
0.00152121	0.114345
0.0015249	0.0360589
0.00154182	0.139002
0.00155738	0.0649273
0.00163669	0.128786
0.00172568	0.119994
0.00176415	0.0353113
0.00177023	0.123205
0.00178293	0.0632753
0.00184824	0.075688
0.00187371	0.125604
0.00190296	0.135881
0.00190658	0.138223
0.00195577	0.147469
0.0019833	0.113533
0.00198598	0.0345636
0.00208969	0.127992
0.00215945	0.0765191
0.00216266	0.136663
0.00216784	0.120799
0.00219224	0.137444
0.00219435	0.0748616
0.00221748	0.122404
0.00224392	0.0338094
0.00227561	0.126401
0.00234435	0.0897658
0.00235974	0.127197
0.00238239	0.0905909
0.00239409	0.0930684
0.00239591	0.1216
0.00240933	0.0682353
0.00246042	0.0889371
0.0024735	0.091418
0.00247691	0.0922427
0.00247691	0.0922427
0.00248581	0.0938908
0.00249197	0.0330552
0.00249197	0.0330552
0.0025125	0.0872836
0.00255619	0.0881126
0.00258137	0.112724
0.00268025	0.149549
0.00268588	0.0864586
0.00275696	0.0322952
0.00283062	0.14823
0.00296781	0.0947171
0.00297932	0.149343
0.00299031	0.149652
0.0030506	0.0315354
0.00310962	0.0856305
0.00317254	0.067407
0.00320707	0.111912
0.00321321	0.0698909
0.0032903	0.148972
0.00329592	0.0307708
0.00329656	0.148601
0.00354954	0.0740311
0.00358046	0.0300065
0.00361535	0.0955387
0.00361826	0.0707182
0.00379995	0.1111
0.00380208	0.0657532
0.00380328	0.0848036
0.00383524	0.0292382
0.00409448	0.0773463
0.00410577	0.0284702
0.00413187	0.0963647
0.00414014	0.082317
0.00419202	0.0814909
0.00436175	0.149704
0.00441496	0.0276991
0.00444556	0.0839744
0.00447302	0.0831475
0.00453261	0.0971866
0.00457056	0.0690626
0.00467099	0.110285
0.00470826	0.0269284
0.00477917	0.0806604
0.00483692	0.0980108
0.00488168	0.100474
0.00489254	0.101296
0.00491303	0.0996547
0.00494051	0.102114
0.00495259	0.098833
0.00503653	0.0261561
0.00511454	0.102936
0.00514709	0.0665807
0.00532663	0.0253844
0.00541854	0.103754
0.00550606	0.079834
0.00567596	0.0246121
0.00575071	0.109472
0.00593132	0.104574
0.00594318	0.0781767
0.00608556	0.0238405
0.00616467	0.0790047
0.00617272	0.14973
0.00638496	0.0230708
0.00659215	0.105392
0.00660069	0.0732043
0.00671428	0.0223023
0.00676689	0.108655
0.00709001	0.0215355
0.00725203	0.106209
0.00750288	0.0207706
0.00752533	0.107841
0.00752533	0.107841
0.00763868	0.149743
0.00768611	0.107024
0.00788883	0.0715473
0.00792529	0.0200097
0.00833971	0.019251
0.00857394	0.149749
0.00877052	0.0184982
0.0089862	0.0723754
0.00918002	0.017748
0.00963785	0.0170054
0.0101669	0.0162654
0.0107221	0.0155359
0.0113588	0.0148092
0.0118886	0.0140962
0.0123983	0.0133865
0.0129991	0.0126915
0.0137092	0.0120004
0.0144348	0.0113271
0.0152393	0.0106588
0.0160584	0.0100098
0.0169362	0.0093677
0.0179362	0.00874669
0.0179723	8.24209e-05
0.0191091	0.00813306
0.0200048	0.00754529
0.0209209	0.00696551
0.0210455	0.00011253
0.0217326	0.00641152
0.0225783	0.00586785
0.0237931	0.00534934
0.0240471	0.000166752
0.0253357	0.00484274
0.0265791	0.00436711
0.0267021	0.00024267
0.0279	0.00390581
0.0288186	0.000341303
0.0289883	0.00347298
0.0299401	0.00305901
0.0305141	0.000456433
0.030977	0.00267424
0.0319394	0.00059126
0.0324602	0.00230864
0.0330983	0.000736003
0.0338598	0.000896333
0.0339575	0.00212956
0.0343917	0.00195389
0.0344725	0.00105995
0.0348904	0.00123677
0.03491	0.0017695
0.0351531	0.00140978
0.0353037	0.00159315
)
