(title "Skin Friction Coefficient")
(labels "Skin Friction Coefficient" "Position")

((xy/key/label "middleplane_suctionside")
6.62364e-05	0.0418887
7.18187e-05	0.0425965
0.000116704	0.0575074
0.000169133	0.0433041
0.000193023	0.0411723
0.000193853	0.0566866
0.000268737	0.0440029
0.000348989	0.0447016
0.000355672	0.0404558
0.00044204	0.0453912
0.000449317	0.0583304
0.000499199	0.0558648
0.00049976	0.0460808
0.00051694	0.039731
0.000538755	0.139002
0.000552286	0.0468912
0.000593993	0.0509558
0.000595415	0.0517727
0.000623008	0.0501416
0.000626461	0.0477015
0.000635907	0.139779
0.000639418	0.0485143
0.000645212	0.0493266
0.000649205	0.147469
0.000669639	0.0525887
0.000672774	0.138223
0.000702408	0.039006
0.000704774	0.14823
0.000740453	0.146708
0.000771127	0.0534074
0.000779808	0.0550455
0.000798992	0.0542254
0.000814873	0.137444
0.000820906	0.135881
0.000824515	0.135097
0.000859494	0.136663
0.000873451	0.145944
0.000896837	0.0382731
0.000904486	0.140555
0.000921652	0.106209
0.000947964	0.145179
0.000978435	0.148601
0.00103354	0.122404
0.00106179	0.134312
0.00108182	0.123205
0.00108966	0.0375401
0.00109749	0.144411
0.00110081	0.061625
0.00111315	0.141328
0.00113069	0.1216
0.00113096	0.0624492
0.00113195	0.107024
0.00114086	0.0591524
0.00125409	0.124006
0.00127975	0.142101
0.00130048	0.143643
0.00130938	0.0367996
0.00134611	0.120799
0.00136979	0.148972
0.00137502	0.142873
0.0014641	0.124806
0.00146642	0.105392
0.00151344	0.0360589
0.00151765	0.133526
0.00152171	0.0641003
0.00156164	0.128786
0.00156371	0.119994
0.00158709	0.127992
0.00159875	0.125604
0.00160523	0.0599766
0.00162915	0.127197
0.00163946	0.126401
0.00166751	0.129579
0.00169012	0.0649273
0.00170116	0.119191
0.0017235	0.118386
0.00174133	0.107841
0.00174133	0.107841
0.00174336	0.11758
0.00174866	0.0353113
0.00178175	0.0748616
0.00183458	0.0607997
0.00191656	0.130371
0.00194348	0.116772
0.00194786	0.149343
0.00195959	0.132739
0.00198005	0.0345636
0.00207136	0.108655
0.00210698	0.109472
0.00214861	0.110285
0.00215034	0.131162
0.00217263	0.075688
0.00219235	0.131951
0.00222035	0.0338094
0.00222856	0.115964
0.00229426	0.0632753
0.00230006	0.0740311
0.00235919	0.1111
0.00237085	0.104574
0.00246501	0.067407
0.00246806	0.115153
0.00248572	0.0330552
0.00248572	0.0330552
0.00258603	0.111912
0.00266232	0.114345
0.00267769	0.112724
0.00271477	0.113533
0.00274012	0.0322952
0.00281058	0.101296
0.00281469	0.149549
0.00284011	0.100474
0.00288978	0.0864586
0.00292821	0.0682353
0.00297581	0.0806604
0.00298703	0.0814909
0.00303886	0.0315354
0.00309955	0.0872836
0.00312191	0.102114
0.00313491	0.103754
0.00314421	0.0955387
0.00321707	0.0996547
0.00329214	0.0307708
0.00330821	0.0707182
0.00333886	0.0765191
0.00338454	0.102936
0.00352904	0.0963647
0.00354209	0.082317
0.0035572	0.0300065
0.00359326	0.0947171
0.0036837	0.098833
0.00373784	0.0657532
0.0038016	0.0698909
0.00383554	0.0292382
0.00386965	0.149652
0.0039642	0.0980108
0.00397991	0.0971866
0.00408744	0.0284702
0.00430883	0.0665807
0.00440439	0.0276991
0.00442344	0.0881126
0.0044553	0.0938908
0.00468022	0.0856305
0.00468518	0.079834
0.00470319	0.0269284
0.00472101	0.0732043
0.00477742	0.0831475
0.00501646	0.0261561
0.00505036	0.0930684
0.0053314	0.0253844
0.00534302	0.149704
0.00552826	0.0922427
0.00552826	0.0922427
0.00561223	0.0889371
0.0056606	0.0246121
0.00576178	0.0690626
0.00594089	0.0773463
0.0060791	0.0238405
0.00617003	0.091418
0.0063843	0.0230708
0.00646064	0.0897658
0.00651721	0.0848036
0.0065436	0.0790047
0.00654748	0.0839744
0.00664969	0.0905909
0.00669871	0.0223023
0.00680547	0.14973
0.0070565	0.0715473
0.00709335	0.0215355
0.00731636	0.0781767
0.00739473	0.0723754
0.00748908	0.0207706
0.00791996	0.0200097
0.0080459	0.149743
0.00833701	0.019251
0.00875742	0.0184982
0.00884671	0.149749
0.00918138	0.017748
0.00962713	0.0170054
0.0101619	0.0162654
0.0107211	0.0155359
0.0113544	0.0148092
0.0118854	0.0140962
0.0123904	0.0133865
0.0129944	0.0126915
0.0137022	0.0120004
0.0144299	0.0113271
0.015233	0.0106588
0.0160488	0.0100098
0.0169284	0.0093677
0.0178277	8.24209e-05
0.0179247	0.00874669
0.0190976	0.00813306
0.0199903	0.00754529
0.0209026	0.00011253
0.0209039	0.00696551
0.0217163	0.00641152
0.0225586	0.00586785
0.0237709	0.00534934
0.0239042	0.000166752
0.0253095	0.00484274
0.0265493	0.00436711
0.0265711	0.00024267
0.0278647	0.00390581
0.0286929	0.000341303
0.0289466	0.00347298
0.029894	0.00305901
0.0303938	0.000456433
0.0309253	0.00267424
0.0318231	0.00059126
0.0324025	0.00230864
0.0329888	0.000736003
0.0337548	0.000896333
0.033892	0.00212956
0.0343208	0.00195389
0.0343708	0.00105995
0.0347945	0.00123677
0.0348301	0.0017695
0.0350642	0.00140978
0.0352172	0.00159315
)
