(title "Skin Friction Coefficient")
(labels "Skin Friction Coefficient" "Position")

((xy/key/label "middleplane_suctionside")
6.04229e-05	0.0418887
7.58786e-05	0.0425965
9.42463e-05	0.0583304
0.000187208	0.0433041
0.000206077	0.0411723
0.000258303	0.0591524
0.000290451	0.0440029
0.000315181	0.0575074
0.000362479	0.0447016
0.000368229	0.0404558
0.000374474	0.0599766
0.000433206	0.0453912
0.000480398	0.0525887
0.00048448	0.0460808
0.000516074	0.0468912
0.000525243	0.039731
0.00057434	0.0534074
0.000578216	0.0517727
0.000593021	0.0477015
0.000659332	0.0485143
0.0007054	0.0509558
0.000711665	0.039006
0.00071401	0.0542254
0.000714238	0.0493266
0.000736118	0.0501416
0.000809341	0.0607997
0.000822951	0.0566866
0.000859926	0.0550455
0.000890767	0.0382731
0.00101666	0.0558648
0.00109184	0.0375401
0.001125	0.149343
0.00115563	0.142101
0.0011573	0.139002
0.0012117	0.141328
0.00121891	0.138223
0.00126577	0.148972
0.00129132	0.0657532
0.00130286	0.0367996
0.00130854	0.0641003
0.00143055	0.0632753
0.001438	0.139779
0.0015159	0.0360589
0.00153965	0.134312
0.0015566	0.140555
0.00157131	0.142873
0.00164644	0.0864586
0.00166197	0.135097
0.0016643	0.137444
0.00170392	0.0665807
0.00175684	0.0353113
0.0017624	0.149549
0.00183569	0.0872836
0.00187813	0.0649273
0.00195454	0.0690626
0.00198025	0.0345636
0.0020044	0.0856305
0.0020513	0.0881126
0.00205616	0.061625
0.0021426	0.148601
0.00214727	0.0889371
0.00223773	0.0338094
0.00229726	0.0698909
0.00233336	0.143643
0.00234132	0.0897658
0.00234478	0.0715473
0.00236614	0.133526
0.0024583	0.0624492
0.00248265	0.0330552
0.00248265	0.0330552
0.00250461	0.0707182
0.00251453	0.0922427
0.00251453	0.0922427
0.00253041	0.136663
0.00255703	0.0930684
0.00256658	0.0905909
0.00257878	0.091418
0.00269888	0.0848036
0.00273797	0.132739
0.00274009	0.135881
0.00274814	0.0322952
0.00276108	0.119191
0.00277183	0.123205
0.00279443	0.149652
0.00280298	0.119994
0.00283238	0.122404
0.00284162	0.0938908
0.00288607	0.120799
0.00289996	0.1216
0.00295453	0.118386
0.00302251	0.100474
0.00303714	0.0315354
0.00305409	0.124006
0.00305894	0.0839744
0.00308851	0.0996547
0.0031049	0.14823
0.00318606	0.0947171
0.00326476	0.131951
0.0032763	0.0831475
0.00328767	0.0307708
0.00329436	0.11758
0.00330713	0.101296
0.0033854	0.0955387
0.00340793	0.098833
0.00342534	0.124806
0.00344918	0.144411
0.00348611	0.125604
0.00353568	0.0963647
0.00354518	0.0980108
0.00357189	0.0300065
0.00359467	0.0971866
0.00365423	0.116772
0.00367855	0.102114
0.00369687	0.126401
0.00378539	0.082317
0.00382612	0.0292382
0.00389742	0.115964
0.00390972	0.0682353
0.003927	0.147469
0.00397155	0.0723754
0.00398277	0.131162
0.00398323	0.115153
0.0040041	0.067407
0.00405751	0.114345
0.00410562	0.0284702
0.00417306	0.149704
0.0041894	0.102936
0.004253	0.127197
0.00426386	0.113533
0.00428124	0.145179
0.0043194	0.0814909
0.00436594	0.075688
0.00440502	0.0276991
0.00445699	0.146708
0.00459084	0.145944
0.00460396	0.130371
0.00470058	0.103754
0.00470218	0.112724
0.00470568	0.0269284
0.00470585	0.127992
0.00491672	0.129579
0.00491703	0.128786
0.00502993	0.0261561
0.00511055	0.104574
0.00525075	0.111912
0.00531604	0.0253844
0.00532899	0.107841
0.00532899	0.107841
0.00534009	0.107024
0.0053417	0.0806604
0.00538131	0.105392
0.00541339	0.106209
0.00545586	0.108655
0.00563933	0.1111
0.00565386	0.0748616
0.0056663	0.0732043
0.00567929	0.0246121
0.00568649	0.109472
0.0057131	0.14973
0.00578827	0.110285
0.00591197	0.0765191
0.00607516	0.0238405
0.00638705	0.0230708
0.00652876	0.0740311
0.00671125	0.0223023
0.00701024	0.149743
0.00708071	0.0215355
0.00750857	0.0207706
0.00791467	0.0200097
0.00814678	0.079834
0.00814827	0.149749
0.008345	0.019251
0.00877398	0.0184982
0.00917521	0.017748
0.00964778	0.0170054
0.00974668	0.0773463
0.0101594	0.0162654
0.0107208	0.0155359
0.0113257	0.0790047
0.0113559	0.0148092
0.0118865	0.0140962
0.0121878	0.0781767
0.0124073	0.0133865
0.0130007	0.0126915
0.0137204	0.0120004
0.0144253	0.0113271
0.015242	0.0106588
0.0160723	0.0100098
0.0169296	0.0093677
0.0179471	0.00874669
0.0179848	8.24209e-05
0.0191038	0.00813306
0.0200078	0.00754529
0.0209367	0.00696551
0.0210624	0.00011253
0.0217282	0.00641152
0.022586	0.00586785
0.0237974	0.00534934
0.0240685	0.000166752
0.025338	0.00484274
0.0265886	0.00436711
0.0267275	0.00024267
0.0279061	0.00390581
0.0288453	0.000341303
0.0289967	0.00347298
0.0299499	0.00305901
0.0305405	0.000456433
0.0309874	0.00267424
0.0319646	0.00059126
0.0324721	0.00230864
0.0331219	0.000736003
0.0338829	0.000896333
0.0339711	0.00212956
0.0344066	0.00195389
0.0344946	0.00105995
0.0349111	0.00123677
0.0349269	0.0017695
0.0351722	0.00140978
0.0353221	0.00159315
)
