(title "Skin Friction Coefficient")
(labels "Skin Friction Coefficient" "Position")

((xy/key/label "middleplane_suctionside")
6.04279e-05	0.0418887
8.7257e-05	0.0425965
0.000128901	0.0575074
0.000189702	0.0411723
0.000193347	0.0433041
0.000293033	0.0440029
0.000312136	0.0566866
0.000352838	0.0404558
0.000368715	0.0447016
0.000380758	0.0583304
0.000453079	0.0453912
0.0005157	0.0460808
0.000516987	0.039731
0.0005698	0.0468912
0.000632858	0.0517727
0.000654278	0.0477015
0.000663505	0.0525887
0.000663665	0.0509558
0.00067969	0.141328
0.000687271	0.0485143
0.000696072	0.0501416
0.000705411	0.0493266
0.000705837	0.0558648
0.000706802	0.039006
0.000744162	0.139779
0.000765996	0.140555
0.000774163	0.0534074
0.000813416	0.139002
0.000843492	0.126401
0.000848479	0.0542254
0.000853547	0.0591524
0.000876023	0.0624492
0.000886764	0.142101
0.000888945	0.0382731
0.0008915	0.138223
0.000898733	0.119994
0.000902188	0.0550455
0.000958162	0.137444
0.00100803	0.120799
0.00102907	0.119191
0.00109067	0.0375401
0.0010926	0.149343
0.00109642	0.148972
0.00110465	0.149549
0.00111916	0.061625
0.00113601	0.149652
0.0011553	0.1216
0.00118162	0.0599766
0.0011897	0.148601
0.00121486	0.122404
0.0012322	0.123205
0.00128979	0.149704
0.00129083	0.118386
0.00129986	0.0367996
0.00130308	0.136663
0.00132219	0.125604
0.00132273	0.127197
0.00137846	0.14823
0.00139453	0.11758
0.00141606	0.124006
0.00143672	0.116772
0.00144681	0.0641003
0.0015128	0.0360589
0.00153298	0.14973
0.00157481	0.0649273
0.00158073	0.0607997
0.00159122	0.115964
0.00167218	0.124806
0.00171997	0.0632753
0.00175109	0.0353113
0.00178693	0.149743
0.00186276	0.135881
0.00186951	0.115153
0.00192725	0.0897658
0.00194974	0.130371
0.00197693	0.0345636
0.00199766	0.129579
0.00205641	0.142873
0.0020694	0.149749
0.00210861	0.127992
0.00216897	0.147469
0.00223559	0.0338094
0.00224091	0.128786
0.00228021	0.131162
0.00231837	0.135097
0.00234861	0.114345
0.00244493	0.067407
0.00248049	0.0330552
0.00248049	0.0330552
0.0024838	0.0740311
0.00255542	0.134312
0.00260544	0.133526
0.00262202	0.131951
0.00263922	0.132739
0.00274853	0.0322952
0.00277204	0.0889371
0.00287273	0.113533
0.00289247	0.0682353
0.00303629	0.0315354
0.00308239	0.0905909
0.00314035	0.0657532
0.00317352	0.112724
0.00317686	0.146708
0.00323635	0.111912
0.00327684	0.0732043
0.00328657	0.0307708
0.00330428	0.1111
0.00330493	0.143643
0.00353977	0.110285
0.0035489	0.0748616
0.00356975	0.0300065
0.00382292	0.0947171
0.00382329	0.0292382
0.00384838	0.144411
0.00385505	0.145944
0.00385991	0.109472
0.00392347	0.0839744
0.00396735	0.0665807
0.00403125	0.0955387
0.00408735	0.145179
0.00410212	0.0284702
0.00416845	0.0831475
0.00420315	0.0938908
0.00426662	0.0814909
0.00430551	0.108655
0.00432509	0.082317
0.00435678	0.0963647
0.00440307	0.0276991
0.00442068	0.0698909
0.00450688	0.0971866
0.00455153	0.0806604
0.00466272	0.091418
0.00470317	0.0269284
0.00494434	0.0930684
0.0049752	0.0848036
0.00500803	0.0980108
0.00502119	0.107841
0.00502119	0.107841
0.00502962	0.0261561
0.00503473	0.0881126
0.00526943	0.0922427
0.00526943	0.0922427
0.00531471	0.0253844
0.00535312	0.0690626
0.00567406	0.0246121
0.00590462	0.079834
0.00596205	0.098833
0.0059726	0.107024
0.00605203	0.0707182
0.00607481	0.0238405
0.00638136	0.0230708
0.00645778	0.0723754
0.00649169	0.075688
0.00671044	0.0223023
0.00695852	0.0996547
0.00704337	0.106209
0.00707942	0.0215355
0.00713136	0.0856305
0.00727265	0.0872836
0.00742733	0.0790047
0.00750261	0.0207706
0.00774847	0.100474
0.00791474	0.0200097
0.00802336	0.105392
0.00815937	0.0864586
0.00833529	0.019251
0.00840785	0.101296
0.00865262	0.104574
0.00875224	0.0781767
0.00877006	0.0184982
0.0088707	0.102114
0.0088822	0.0715473
0.00901592	0.103754
0.00908359	0.102936
0.00917211	0.017748
0.00961232	0.0765191
0.00963893	0.0170054
0.0101224	0.0773463
0.0101613	0.0162654
0.0107148	0.0155359
0.0113547	0.0148092
0.0118798	0.0140962
0.0123961	0.0133865
0.0129995	0.0126915
0.0137069	0.0120004
0.0144241	0.0113271
0.0152315	0.0106588
0.0160569	0.0100098
0.0169235	0.0093677
0.0178429	8.24209e-05
0.0179296	0.00874669
0.0190976	0.00813306
0.0199885	0.00754529
0.0209119	0.00696551
0.0209183	0.00011253
0.0217149	0.00641152
0.022561	0.00586785
0.0237743	0.00534934
0.023922	0.000166752
0.0253111	0.00484274
0.026554	0.00436711
0.02659	0.00024267
0.0278694	0.00390581
0.0287125	0.000341303
0.0289522	0.00347298
0.0299005	0.00305901
0.030413	0.000456433
0.0309325	0.00267424
0.0318418	0.00059126
0.032411	0.00230864
0.0330065	0.000736003
0.0337717	0.000896333
0.0339019	0.00212956
0.0343317	0.00195389
0.0343869	0.00105995
0.0348097	0.00123677
0.0348425	0.0017695
0.0350781	0.00140978
0.0352306	0.00159315
)
