(title "Skin Friction Coefficient")
(labels "Skin Friction Coefficient" "Position")

((xy/key/label "middleplane_suctionside")
7.7235e-05	0.0425965
7.88979e-05	0.0433041
0.000189296	0.0418887
0.00019057	0.0440029
0.000244979	0.0599766
0.000282264	0.0447016
0.000313981	0.0591524
0.000314008	0.142873
0.000321763	0.0411723
0.000342521	0.0607997
0.000375216	0.0453912
0.000376331	0.142101
0.000405309	0.143643
0.000422628	0.0460808
0.000469343	0.0468912
0.000477232	0.0404558
0.000526024	0.0477015
0.000526722	0.061625
0.000558715	0.0485143
0.000574881	0.0583304
0.000583509	0.0542254
0.000584686	0.0534074
0.000605543	0.144411
0.000625144	0.0493266
0.000634569	0.039731
0.000645901	0.0525887
0.000661442	0.0550455
0.000669535	0.0501416
0.000694453	0.0517727
0.000704651	0.0509558
0.000705408	0.0558648
0.000737452	0.145179
0.000768719	0.141328
0.000803445	0.0649273
0.000804783	0.0566866
0.000810936	0.039006
0.000826125	0.0575074
0.000853691	0.067407
0.000872728	0.136663
0.000910029	0.135881
0.000937503	0.135097
0.000955703	0.145944
0.000998046	0.137444
0.00100635	0.0382731
0.00102401	0.149549
0.00105549	0.0624492
0.00108199	0.134312
0.00112072	0.138223
0.00119854	0.0375401
0.00131766	0.146708
0.00132757	0.149343
0.00132887	0.139002
0.00134954	0.133526
0.0013515	0.0657532
0.00138608	0.124006
0.00139192	0.124806
0.00139584	0.140555
0.00140036	0.123205
0.00140887	0.149652
0.00141855	0.0367996
0.00142196	0.114345
0.001445	0.0682353
0.00146973	0.122404
0.00152417	0.0641003
0.00156749	0.113533
0.00161593	0.0665807
0.00162394	0.0360589
0.00162975	0.139779
0.00163614	0.147469
0.00164046	0.125604
0.00164322	0.115153
0.00166252	0.1216
0.00167326	0.132739
0.00180276	0.148972
0.00183031	0.115964
0.00184642	0.120799
0.00184994	0.0353113
0.00191263	0.0632753
0.00193961	0.131951
0.00194423	0.112724
0.00207756	0.14823
0.00207919	0.0345636
0.00208982	0.131162
0.00209738	0.126401
0.00215886	0.148601
0.00219441	0.130371
0.00230744	0.0338094
0.00234702	0.129579
0.00239479	0.111912
0.00240999	0.119994
0.00250257	0.127197
0.00255741	0.128786
0.00256857	0.0330552
0.00256857	0.0330552
0.002606	0.116772
0.00261884	0.109472
0.00263524	0.110285
0.0026633	0.127992
0.00266561	0.1111
0.00280664	0.0707182
0.00281664	0.0322952
0.00305709	0.108655
0.00307175	0.149704
0.00310791	0.0315354
0.00336472	0.0307708
0.0035122	0.106209
0.00354314	0.105392
0.00361811	0.0300065
0.00361891	0.119191
0.00364667	0.107841
0.00364667	0.107841
0.0037212	0.107024
0.00374216	0.0690626
0.00384741	0.11758
0.00387509	0.104574
0.0038994	0.0292382
0.00396175	0.0698909
0.00414203	0.0715473
0.00414236	0.0284702
0.00421348	0.0732043
0.00430976	0.118386
0.00435044	0.103754
0.0044504	0.0276991
0.00475369	0.0269284
0.00478256	0.102936
0.00504994	0.0261561
0.00505517	0.0947171
0.00521779	0.0773463
0.00522397	0.0955387
0.00523614	0.0848036
0.00527305	0.102114
0.00537541	0.0253844
0.00547476	0.0740311
0.00548644	0.0938908
0.00558245	0.14973
0.00569885	0.0246121
0.00573789	0.082317
0.00582009	0.0723754
0.00590962	0.0889371
0.00592998	0.0839744
0.00598105	0.0831475
0.00604031	0.101296
0.00608033	0.0963647
0.00611075	0.0238405
0.00615299	0.0781767
0.00628188	0.0930684
0.00642325	0.0230708
0.006437	0.0856305
0.0065199	0.0897658
0.00667986	0.0881126
0.00671611	0.0223023
0.00679248	0.0765191
0.00694075	0.100474
0.00707829	0.0971866
0.00712234	0.0215355
0.00717519	0.0814909
0.007213	0.0922427
0.007213	0.0922427
0.00751582	0.0207706
0.00760883	0.0905909
0.00769565	0.0996547
0.00778781	0.149743
0.00780698	0.091418
0.00782304	0.0980108
0.0078794	0.0872836
0.00793804	0.0200097
0.00803547	0.0864586
0.00806466	0.098833
0.00812746	0.0790047
0.00836987	0.019251
0.00877115	0.0184982
0.00894913	0.0806604
0.00920231	0.017748
0.0093643	0.079834
0.00940941	0.075688
0.00949602	0.0748616
0.00964825	0.0170054
0.0101718	0.0162654
0.0102332	0.149749
0.0107412	0.0155359
0.0113599	0.0148092
0.0119049	0.0140962
0.0124079	0.0133865
0.0129972	0.0126915
0.0137171	0.0120004
0.0144319	0.0113271
0.0152489	0.0106588
0.0160574	0.0100098
0.0169305	0.0093677
0.0177717	8.24209e-05
0.017934	0.00874669
0.0190879	0.00813306
0.0200027	0.00754529
0.0208464	0.00011253
0.0209091	0.00696551
0.021712	0.00641152
0.0225636	0.00586785
0.0237637	0.00534934
0.0238477	0.000166752
0.0253055	0.00484274
0.0265183	0.00024267
0.0265469	0.00436711
0.0278535	0.00390581
0.0286429	0.000341303
0.0289349	0.00347298
0.0298803	0.00305901
0.0303469	0.000456433
0.030909	0.00267424
0.0317787	0.00059126
0.0323844	0.00230864
0.0329478	0.000736003
0.033716	0.000896333
0.0338706	0.00212956
0.034297	0.00195389
0.0343332	0.00105995
0.0347596	0.00123677
0.0348026	0.0017695
0.0350322	0.00140978
0.0351864	0.00159315
)
