(title "Skin Friction Coefficient")
(labels "Skin Friction Coefficient" "Position")

((xy/key/label "middleplane_suctionside")
6.65666e-05	0.0425965
9.26702e-05	0.0433041
0.000155403	0.0583304
0.000166004	0.0418887
0.000194354	0.0440029
0.000271969	0.0447016
0.000282971	0.0591524
0.000312079	0.0575074
0.000319591	0.0411723
0.00034213	0.0453912
0.000406011	0.0460808
0.000471945	0.0404558
0.000474043	0.0468912
0.000536174	0.0477015
0.000577928	0.0525887
0.00059467	0.0517727
0.000595558	0.0534074
0.000596544	0.0485143
0.000625613	0.0566866
0.000626346	0.0493266
0.000629482	0.0599766
0.000629832	0.0509558
0.000641307	0.0501416
0.00064309	0.039731
0.000680706	0.0542254
0.000720418	0.0550455
0.000755727	0.0558648
0.000787117	0.126401
0.000815237	0.039006
0.000816132	0.127197
0.000825575	0.145179
0.000893915	0.144411
0.000902777	0.0632753
0.000915349	0.0607997
0.000933293	0.142873
0.000945003	0.145944
0.00097598	0.143643
0.00097863	0.109472
0.00099809	0.0382731
0.000998489	0.108655
0.00102614	0.146708
0.00102787	0.147469
0.00103237	0.125604
0.00103819	0.14823
0.00105035	0.148601
0.00105443	0.0864586
0.00105488	0.0657532
0.00108213	0.127992
0.00108582	0.142101
0.0010888	0.110285
0.00109267	0.148972
0.0011482	0.061625
0.0011551	0.107841
0.0011551	0.107841
0.00115574	0.112724
0.00115589	0.0624492
0.00116854	0.113533
0.00117612	0.115153
0.00118316	0.111912
0.00118805	0.114345
0.00119092	0.1111
0.00119879	0.124806
0.00120112	0.0375401
0.00122437	0.139779
0.00125623	0.128786
0.00126088	0.140555
0.0012648	0.124006
0.00126644	0.120799
0.00126927	0.115964
0.00127837	0.106209
0.00128854	0.0872836
0.00130076	0.149343
0.00132188	0.107024
0.00132357	0.1216
0.00132496	0.123205
0.00133014	0.119994
0.00133953	0.0641003
0.00135008	0.141328
0.00136704	0.122404
0.00138244	0.0856305
0.00139939	0.0367996
0.00146158	0.105392
0.00147961	0.0649273
0.00150288	0.129579
0.00152652	0.116772
0.00156807	0.133526
0.00159764	0.132739
0.00161693	0.131951
0.00162951	0.0360589
0.00163417	0.119191
0.00165065	0.134312
0.00166195	0.131162
0.00166362	0.139002
0.0016927	0.130371
0.00175799	0.149549
0.00181666	0.11758
0.00184546	0.0353113
0.00188011	0.0665807
0.00190348	0.118386
0.00192383	0.0848036
0.00207022	0.135097
0.0020842	0.0345636
0.00216339	0.104574
0.00218217	0.138223
0.0022463	0.0881126
0.00232713	0.0338094
0.00242899	0.0690626
0.00244795	0.0839744
0.00253191	0.149652
0.00256164	0.0330552
0.00256164	0.0330552
0.00263141	0.137444
0.00266004	0.135881
0.00273166	0.0765191
0.00284165	0.0322952
0.00288628	0.136663
0.00310077	0.0315354
0.00312418	0.103754
0.00318327	0.0938908
0.00319008	0.0698909
0.00319314	0.0947171
0.00320485	0.075688
0.00321008	0.0773463
0.00321726	0.0831475
0.0033407	0.0889371
0.0033527	0.067407
0.00337358	0.0307708
0.00346585	0.0955387
0.00351514	0.0930684
0.0035323	0.0715473
0.00362876	0.0723754
0.00363339	0.0300065
0.00363962	0.0682353
0.00380487	0.0963647
0.00387588	0.0781767
0.00389109	0.0292382
0.003904	0.149704
0.00398202	0.0971866
0.00408809	0.0980108
0.00413331	0.102936
0.00417712	0.0284702
0.00418173	0.098833
0.0041823	0.0922427
0.0041823	0.0922427
0.0042389	0.0897658
0.00424944	0.0790047
0.0043217	0.0996547
0.0043217	0.082317
0.00444597	0.0276991
0.0045958	0.100474
0.0046316	0.079834
0.00476553	0.091418
0.00476915	0.102114
0.00477538	0.0269284
0.0048278	0.0905909
0.00485566	0.101296
0.00496773	0.0748616
0.00506875	0.0261561
0.0052798	0.0707182
0.00536437	0.0253844
0.00543289	0.14973
0.00545049	0.0806604
0.0054553	0.0814909
0.00573212	0.0246121
0.00610244	0.0238405
0.00644403	0.0230708
0.00674105	0.0223023
0.00683659	0.149743
0.00700666	0.0732043
0.00711217	0.0215355
0.0071501	0.0740311
0.00754414	0.0207706
0.00793378	0.0200097
0.0083821	0.019251
0.00879717	0.0184982
0.00920224	0.017748
0.00942797	0.149749
0.00967467	0.0170054
0.0101768	0.0162654
0.0107458	0.0155359
0.0113735	0.0148092
0.0119054	0.0140962
0.0124244	0.0133865
0.0130149	0.0126915
0.0137345	0.0120004
0.0144384	0.0113271
0.0152564	0.0106588
0.016082	0.0100098
0.0169397	0.0093677
0.01792	8.24209e-05
0.0179558	0.00874669
0.0191101	0.00813306
0.020014	0.00754529
0.0209397	0.00696551
0.0209903	0.00011253
0.0217322	0.00641152
0.022587	0.00586785
0.0237965	0.00534934
0.0239926	0.000166752
0.025335	0.00484274
0.0265828	0.00436711
0.0266536	0.00024267
0.0278971	0.00390581
0.0287738	0.000341303
0.0289829	0.00347298
0.0299335	0.00305901
0.0304727	0.000456433
0.0309677	0.00267424
0.0319009	0.00059126
0.0324485	0.00230864
0.0330635	0.000736003
0.0338275	0.000896333
0.033943	0.00212956
0.034375	0.00195389
0.0344416	0.00105995
0.0348626	0.00123677
0.0348898	0.0017695
0.0351286	0.00140978
0.0352806	0.00159315
)
