(title "Skin Friction Coefficient")
(labels "Skin Friction Coefficient" "Position")

((xy/key/label "middleplane_suctionside")
6.60821e-05	0.0425965
8.67651e-05	0.0418887
0.000164658	0.0433041
0.000211847	0.0411723
0.000277112	0.0440029
0.000295083	0.0599766
0.000361082	0.0404558
0.000369833	0.0447016
0.000391474	0.0607997
0.000421482	0.0591524
0.000453646	0.0453912
0.000494062	0.0460808
0.000525342	0.039731
0.000528576	0.061625
0.000538528	0.0550455
0.000538923	0.0558648
0.00054146	0.0468912
0.000547005	0.0542254
0.000557782	0.0534074
0.000573251	0.0477015
0.000578597	0.0583304
0.000595157	0.0485143
0.000633333	0.0493266
0.000650569	0.0525887
0.000660758	0.0501416
0.000661782	0.0566866
0.000687395	0.131162
0.000698769	0.0517727
0.000699092	0.039006
0.000699496	0.0509558
0.000708485	0.0575074
0.000807	0.130371
0.000894472	0.0624492
0.000900305	0.0382731
0.000926622	0.0649273
0.000947026	0.131951
0.00107159	0.129579
0.00107352	0.0657532
0.00109609	0.0375401
0.00115892	0.127197
0.00118401	0.127992
0.00125021	0.128786
0.00131499	0.0367996
0.00152841	0.0360589
0.00155124	0.132739
0.00160383	0.139002
0.0016655	0.126401
0.00167662	0.139779
0.00172227	0.138223
0.0017519	0.0353113
0.0017868	0.0632753
0.00188071	0.0641003
0.00191261	0.140555
0.00193216	0.14823
0.0019744	0.137444
0.00199077	0.0345636
0.00206776	0.141328
0.0021027	0.142101
0.00210963	0.147469
0.00215971	0.0980108
0.00218694	0.148601
0.00222265	0.0338094
0.00224196	0.142873
0.0022676	0.133526
0.00228687	0.136663
0.0023316	0.0732043
0.00238431	0.0938908
0.00240817	0.125604
0.00243833	0.135881
0.00248723	0.0330552
0.00248723	0.0330552
0.00253752	0.143643
0.00253876	0.146708
0.00254602	0.0930684
0.00255134	0.0971866
0.00255173	0.098833
0.00257399	0.135097
0.00264658	0.0723754
0.00265036	0.134312
0.00271631	0.144411
0.00271853	0.110285
0.00271899	0.0848036
0.00272658	0.0665807
0.00274604	0.0322952
0.00274998	0.1111
0.00275125	0.145179
0.00276411	0.145944
0.00284598	0.0682353
0.00284878	0.148972
0.00288023	0.0889371
0.00292273	0.0856305
0.00295178	0.0947171
0.00295987	0.113533
0.003032	0.112724
0.0030351	0.0315354
0.00308744	0.111912
0.00309407	0.124806
0.00311418	0.0897658
0.00312148	0.114345
0.00313001	0.0963647
0.00315719	0.0905909
0.0031823	0.0922427
0.0031823	0.0922427
0.00320461	0.109472
0.00320907	0.0881126
0.00328327	0.091418
0.00330111	0.0307708
0.00331896	0.0955387
0.00333091	0.0996547
0.00337652	0.108655
0.00347257	0.115153
0.00350198	0.107841
0.00350198	0.107841
0.00353022	0.067407
0.0035557	0.0300065
0.00359968	0.0839744
0.00366109	0.0864586
0.00370097	0.124006
0.00383131	0.119994
0.00383982	0.0292382
0.00386191	0.0872836
0.00389335	0.120799
0.00389856	0.100474
0.00390727	0.115964
0.00392847	0.107024
0.0040214	0.104574
0.00402609	0.105392
0.0040905	0.0284702
0.00412238	0.106209
0.00412385	0.149343
0.00415875	0.1216
0.00417166	0.123205
0.00419927	0.103754
0.0042437	0.119191
0.00429294	0.116772
0.00432718	0.101296
0.00432896	0.122404
0.00439933	0.0276991
0.00450664	0.0740311
0.00450917	0.102936
0.00459053	0.102114
0.00459236	0.11758
0.00464785	0.0715473
0.00464855	0.118386
0.00470909	0.0269284
0.00479755	0.0690626
0.00500789	0.0261561
0.005284	0.0831475
0.00533423	0.0253844
0.00566256	0.0246121
0.00584705	0.0781767
0.00594479	0.149549
0.00607705	0.0238405
0.00638878	0.0230708
0.00647015	0.0790047
0.00660427	0.079834
0.00668856	0.0223023
0.00685446	0.082317
0.00686781	0.0773463
0.00690486	0.0806604
0.00709427	0.0215355
0.00748763	0.0207706
0.00750193	0.0814909
0.00772983	0.0707182
0.007915	0.0200097
0.00805258	0.149652
0.00824757	0.0698909
0.0083425	0.019251
0.00852175	0.0748616
0.00874975	0.0184982
0.00918116	0.017748
0.00962507	0.0170054
0.00984955	0.0765191
0.0101554	0.0162654
0.0106761	0.149704
0.0107232	0.0155359
0.0110877	0.075688
0.0113469	0.0148092
0.011889	0.0140962
0.0123913	0.0133865
0.0129842	0.0126915
0.0132001	0.14973
0.0137044	0.0120004
0.0144263	0.0113271
0.0152386	0.0106588
0.0153593	0.149743
0.0160129	0.149749
0.0160488	0.0100098
0.0169296	0.0093677
0.0179304	0.00874669
0.0179654	8.24209e-05
0.0190935	0.00813306
0.020007	0.00754529
0.0209135	0.00696551
0.0210396	0.00011253
0.0217243	0.00641152
0.0225754	0.00586785
0.0237827	0.00534934
0.0240425	0.000166752
0.0253309	0.00484274
0.0265745	0.00436711
0.0266991	0.00024267
0.0278919	0.00390581
0.0288158	0.000341303
0.0289828	0.00347298
0.0299343	0.00305901
0.030511	0.000456433
0.030971	0.00267424
0.0319358	0.00059126
0.0324549	0.00230864
0.0330944	0.000736003
0.0338557	0.000896333
0.0339522	0.00212956
0.0343864	0.00195389
0.0344681	0.00105995
0.0348858	0.00123677
0.0349048	0.0017695
0.0351481	0.00140978
0.0352986	0.00159315
)
