(title "Skin Friction Coefficient")
(labels "Skin Friction Coefficient" "Position")

((xy/key/label "middleplane_suctionside")
7.99454e-05	0.0418887
8.47227e-05	0.0425965
0.000190731	0.0411723
0.000197395	0.0433041
0.000315149	0.0440029
0.000338335	0.0404558
0.000409539	0.0447016
0.000491208	0.0453912
0.000506041	0.039731
0.000544935	0.0460808
0.000588601	0.061625
0.000589153	0.0558648
0.000590655	0.0550455
0.000601394	0.0468912
0.000622211	0.0477015
0.000636919	0.0485143
0.000636926	0.0542254
0.00065322	0.0534074
0.000660899	0.0599766
0.000663151	0.0493266
0.00067875	0.127992
0.000681198	0.039006
0.000696219	0.0607997
0.000698661	0.127197
0.000699042	0.0566866
0.000709595	0.0501416
0.000726248	0.128786
0.000760051	0.0525887
0.000767637	0.126401
0.000769076	0.0509558
0.000769916	0.129579
0.000783658	0.130371
0.000798728	0.0591524
0.000812241	0.0517727
0.000823532	0.0583304
0.000831327	0.125604
0.000833891	0.0575074
0.000868237	0.135881
0.00088373	0.124806
0.000884336	0.0382731
0.000889871	0.124006
0.00090372	0.131162
0.000922965	0.123205
0.000932362	0.136663
0.00101383	0.135097
0.00103256	0.141328
0.00108425	0.0375401
0.00109365	0.0624492
0.00114047	0.142101
0.00114825	0.131951
0.00116142	0.140555
0.00122193	0.0649273
0.00125447	0.137444
0.00130165	0.0367996
0.00133606	0.115153
0.00133999	0.122404
0.00134085	0.115964
0.00135762	0.134312
0.00137684	0.114345
0.0013853	0.139779
0.00139557	0.113533
0.00140981	0.116772
0.00143817	0.132739
0.00147507	0.112724
0.00147728	0.142873
0.00147762	0.11758
0.0015009	0.118386
0.00150703	0.145944
0.00152367	0.0360589
0.00155696	0.119191
0.00157291	0.133526
0.00165207	0.138223
0.00166155	0.139002
0.00167286	0.146708
0.00168371	0.111912
0.00170734	0.145179
0.00174205	0.0353113
0.00177056	0.143643
0.00179162	0.119994
0.00181471	0.148601
0.00181755	0.147469
0.00184228	0.14823
0.00191038	0.1216
0.00191926	0.144411
0.0019434	0.1111
0.00198711	0.0345636
0.00201395	0.148972
0.00204893	0.120799
0.0020703	0.0641003
0.00214303	0.0707182
0.00220184	0.110285
0.00221858	0.0338094
0.00230032	0.106209
0.00230071	0.149652
0.00230785	0.0632753
0.00233943	0.149343
0.0023527	0.0657532
0.00239374	0.149549
0.00240733	0.0980108
0.00240841	0.098833
0.00240871	0.105392
0.00241352	0.0848036
0.00241391	0.107024
0.00243321	0.109472
0.00244271	0.149704
0.00244817	0.0996547
0.00248141	0.0330552
0.00248141	0.0330552
0.00248258	0.0715473
0.00253138	0.100474
0.00256613	0.108655
0.00256646	0.107841
0.00256646	0.107841
0.00271371	0.104574
0.00272193	0.0971866
0.00274662	0.0322952
0.00286668	0.0723754
0.00287171	0.0839744
0.0028786	0.101296
0.00292504	0.0856305
0.00296198	0.0872836
0.00298416	0.0864586
0.0029899	0.14973
0.00302849	0.0315354
0.00312983	0.0881126
0.00315522	0.103754
0.00317726	0.0922427
0.00317726	0.0922427
0.00318372	0.0930684
0.00327926	0.0773463
0.00328514	0.102114
0.00329277	0.0963647
0.0033044	0.0307708
0.00341075	0.102936
0.0034476	0.0889371
0.00344869	0.091418
0.00347014	0.0765191
0.00349444	0.0938908
0.00351687	0.0806604
0.0035545	0.0300065
0.00365805	0.149743
0.00371665	0.0905909
0.00372616	0.0897658
0.00373666	0.0955387
0.00379035	0.0947171
0.00384158	0.0292382
0.00397298	0.079834
0.00403376	0.067407
0.00403408	0.0732043
0.00409578	0.0284702
0.00417208	0.0814909
0.0043958	0.0276991
0.00440761	0.0831475
0.00467761	0.0665807
0.00471571	0.0269284
0.00490245	0.149749
0.00493627	0.082317
0.00494499	0.0781767
0.00494547	0.0698909
0.0050004	0.0790047
0.00500628	0.0261561
0.00533836	0.0253844
0.00551718	0.0682353
0.00567029	0.0246121
0.00580204	0.075688
0.00606181	0.0740311
0.00607854	0.0238405
0.00639783	0.0230708
0.0066875	0.0223023
0.00688899	0.0748616
0.00709923	0.0215355
0.00749428	0.0207706
0.00791652	0.0200097
0.00816226	0.0690626
0.00835153	0.019251
0.00875274	0.0184982
0.00918759	0.017748
0.00963254	0.0170054
0.0101595	0.0162654
0.0107313	0.0155359
0.011352	0.0148092
0.0118973	0.0140962
0.0123999	0.0133865
0.0129902	0.0126915
0.0137136	0.0120004
0.0144342	0.0113271
0.0152492	0.0106588
0.0160586	0.0100098
0.0169402	0.0093677
0.0179427	0.00874669
0.0180506	8.24209e-05
0.0191054	0.00813306
0.0200232	0.00754529
0.0209289	0.00696551
0.021129	0.00011253
0.0217407	0.00641152
0.0225939	0.00586785
0.0238021	0.00534934
0.0241326	0.000166752
0.025354	0.00484274
0.0265994	0.00436711
0.0267834	0.00024267
0.0279205	0.00390581
0.0288985	0.000341303
0.0290156	0.00347298
0.0299701	0.00305901
0.0305925	0.000456433
0.0310109	0.00267424
0.032015	0.00059126
0.0324988	0.00230864
0.0331698	0.000736003
0.0339304	0.000896333
0.0340012	0.00212956
0.0344389	0.00195389
0.0345414	0.00105995
0.0349547	0.00123677
0.0349632	0.0017695
0.0352125	0.00140978
0.0353615	0.00159315
)
