(title "Skin Friction Coefficient")
(labels "Skin Friction Coefficient" "Position")

((xy/key/label "middleplane_suctionside")
6.75342e-05	0.0425965
9.33857e-05	0.0418887
0.000165219	0.0433041
0.000240381	0.0411723
0.000244189	0.0583304
0.000264118	0.0591524
0.00027066	0.0440029
0.000350347	0.0447016
0.0003888	0.0404558
0.000415661	0.0453912
0.000468753	0.0575074
0.000470647	0.0460808
0.000496064	0.0599766
0.00052404	0.0468912
0.000556011	0.039731
0.000573997	0.0477015
0.000576933	0.0534074
0.000579798	0.146708
0.000598733	0.0525887
0.000612192	0.132739
0.000630814	0.0485143
0.000656592	0.131951
0.000663891	0.0517727
0.000671546	0.0493266
0.00067704	0.0542254
0.000701831	0.0509558
0.00070517	0.0501416
0.000707915	0.0607997
0.000717295	0.145944
0.000726752	0.039006
0.000744866	0.0550455
0.000755915	0.147469
0.000764233	0.0566866
0.000767099	0.133526
0.000832345	0.0558648
0.000912174	0.0382731
0.000915777	0.131162
0.000917662	0.149652
0.000992855	0.149549
0.00100145	0.0641003
0.00102809	0.134312
0.00108154	0.14823
0.00110629	0.0632753
0.0011159	0.0375401
0.00112599	0.061625
0.00113437	0.135097
0.00116148	0.149704
0.00117439	0.124806
0.00117908	0.135881
0.00119924	0.149343
0.00121758	0.0657532
0.00125799	0.145179
0.00125883	0.124006
0.00128501	0.148601
0.00128821	0.130371
0.00129324	0.125604
0.0013185	0.0367996
0.0013249	0.1216
0.00132977	0.148972
0.00133673	0.122404
0.0013478	0.123205
0.00138718	0.120799
0.00141314	0.136663
0.00148359	0.119994
0.00154811	0.0360589
0.00155406	0.126401
0.00157637	0.115964
0.00157972	0.129579
0.00162514	0.0624492
0.00164317	0.119191
0.00165868	0.14973
0.00166931	0.116772
0.00169593	0.0649273
0.00170626	0.137444
0.0017111	0.115153
0.00176572	0.0353113
0.00176946	0.127197
0.00177194	0.128786
0.00181181	0.118386
0.00181484	0.11758
0.00185458	0.127992
0.00189644	0.0665807
0.00191407	0.138223
0.0019545	0.144411
0.00200511	0.0345636
0.00207662	0.139002
0.00211786	0.114345
0.00219801	0.149743
0.00220071	0.139779
0.00224699	0.0338094
0.00232159	0.140555
0.00244529	0.143643
0.00245885	0.107024
0.00248725	0.0330552
0.00248725	0.0330552
0.00255889	0.107841
0.00255889	0.107841
0.00264758	0.113533
0.00265391	0.141328
0.00276642	0.0322952
0.00279962	0.142873
0.00282391	0.0872836
0.00282534	0.106209
0.00294399	0.142101
0.00294833	0.0690626
0.00302842	0.0881126
0.00303103	0.0315354
0.00308413	0.108655
0.00313476	0.149749
0.00322551	0.112724
0.00327938	0.0864586
0.00330763	0.0307708
0.00338974	0.105392
0.00344005	0.0889371
0.00349822	0.0698909
0.00356623	0.0300065
0.0036493	0.109472
0.00365378	0.111912
0.00381204	0.104574
0.00383259	0.0292382
0.00383738	0.0897658
0.00384627	0.1111
0.00386306	0.0856305
0.0038948	0.110285
0.00389544	0.0814909
0.00396197	0.102936
0.00396373	0.102114
0.0039856	0.103754
0.0040785	0.0848036
0.00411293	0.0284702
0.00422528	0.0905909
0.00428761	0.0715473
0.00436384	0.101296
0.0043805	0.0839744
0.00438823	0.0276991
0.00440264	0.0806604
0.004549	0.082317
0.00463781	0.067407
0.00471959	0.0269284
0.00474579	0.0831475
0.0048021	0.0955387
0.00480261	0.091418
0.00486269	0.0707182
0.00488371	0.0947171
0.0050108	0.0261561
0.00507154	0.0963647
0.00510201	0.100474
0.00510462	0.0682353
0.00511738	0.0938908
0.00531497	0.0922427
0.00531497	0.0922427
0.00532071	0.0253844
0.0053253	0.0930684
0.00539303	0.0971866
0.0056812	0.0246121
0.00569202	0.0996547
0.00570469	0.0980108
0.0059025	0.098833
0.00600495	0.0723754
0.0060099	0.0748616
0.00605141	0.079834
0.00605713	0.0238405
0.00639242	0.0740311
0.00640078	0.0230708
0.00668994	0.0223023
0.00669788	0.0790047
0.00707454	0.0215355
0.00709281	0.0781767
0.0074245	0.075688
0.00750067	0.0207706
0.00758292	0.0732043
0.0078955	0.0200097
0.00834922	0.019251
0.00835489	0.0773463
0.00871914	0.0765191
0.00875506	0.0184982
0.00917047	0.017748
0.00963772	0.0170054
0.010143	0.0162654
0.0107187	0.0155359
0.0113415	0.0148092
0.0118824	0.0140962
0.0124	0.0133865
0.0129822	0.0126915
0.0137104	0.0120004
0.0144176	0.0113271
0.0152374	0.0106588
0.0160606	0.0100098
0.0169216	0.0093677
0.0179391	0.00874669
0.0180363	8.24209e-05
0.0190913	0.00813306
0.0200056	0.00754529
0.020928	0.00696551
0.0211046	0.00011253
0.0217211	0.00641152
0.022582	0.00586785
0.0237897	0.00534934
0.0240984	0.000166752
0.0253338	0.00484274
0.0265844	0.00436711
0.0267353	0.00024267
0.0279017	0.00390581
0.0288473	0.000341303
0.0289943	0.00347298
0.0299476	0.00305901
0.0305429	0.000456433
0.0309857	0.00267424
0.0319681	0.00059126
0.0324716	0.00230864
0.0331248	0.000736003
0.0338868	0.000896333
0.0339712	0.00212956
0.0344069	0.00195389
0.0344993	0.00105995
0.0349144	0.00123677
0.034928	0.0017695
0.035174	0.00140978
0.0353236	0.00159315
)
