(title "Skin Friction Coefficient")
(labels "Skin Friction Coefficient" "Position")

((xy/key/label "middleplane_suctionside")
7.25229e-05	0.0425965
8.84632e-05	0.0418887
0.000172095	0.0433041
0.000239163	0.0411723
0.000266875	0.0583304
0.00027499	0.0440029
0.000355505	0.0447016
0.00038633	0.0575074
0.000395192	0.0404558
0.00042741	0.0453912
0.000483692	0.0591524
0.000493094	0.0460808
0.000550838	0.0468912
0.000565955	0.039731
0.000615581	0.0477015
0.000654203	0.0525887
0.000676016	0.0485143
0.000684422	0.0517727
0.00068803	0.149343
0.000698684	0.0534074
0.000708812	0.0566866
0.000711701	0.0493266
0.000719495	0.0509558
0.000733994	0.0501416
0.000743177	0.039006
0.000745302	0.148972
0.000794739	0.148601
0.000800114	0.0599766
0.000803718	0.0542254
0.000805791	0.149549
0.000819215	0.0632753
0.000850198	0.130371
0.000862276	0.14823
0.000878627	0.0550455
0.000910206	0.123205
0.000919521	0.0558648
0.000927221	0.0382731
0.000950732	0.131162
0.000956258	0.147469
0.000962523	0.124006
0.000974991	0.0657532
0.000977847	0.131951
0.0010086	0.129579
0.00107553	0.132739
0.00107801	0.0607997
0.00109855	0.0649273
0.00113294	0.128786
0.00113316	0.0375401
0.00113882	0.0641003
0.0011778	0.149652
0.0012955	0.122404
0.00132668	0.133526
0.00133488	0.0367996
0.00134406	0.146708
0.00138735	0.134312
0.00152223	0.0624492
0.00152566	0.119191
0.00154728	0.119994
0.00156465	0.0360589
0.00160358	0.124806
0.00161729	0.118386
0.00162829	0.1216
0.00162946	0.137444
0.0016549	0.127992
0.00165701	0.120799
0.00168769	0.138223
0.00173776	0.061625
0.00173856	0.149704
0.0017863	0.11758
0.00178737	0.0353113
0.00181332	0.107841
0.00181332	0.107841
0.00184066	0.108655
0.00191976	0.114345
0.00192328	0.113533
0.00194243	0.107024
0.00195571	0.116772
0.00196374	0.109472
0.00196862	0.115153
0.00199594	0.112724
0.00201192	0.115964
0.00202439	0.0345636
0.00203827	0.110285
0.00205076	0.1111
0.00205812	0.111912
0.00215973	0.136663
0.00220486	0.141328
0.00221437	0.145944
0.00227409	0.0338094
0.00232688	0.139002
0.00233711	0.0690626
0.00234464	0.106209
0.00236624	0.142101
0.00237302	0.14973
0.00242426	0.140555
0.00244837	0.0665807
0.00246451	0.125604
0.00249418	0.135097
0.00251145	0.0330552
0.00251145	0.0330552
0.00252585	0.127197
0.00258528	0.139779
0.00260799	0.0707182
0.00270887	0.100474
0.00275647	0.142873
0.00279269	0.0322952
0.00280409	0.0996547
0.00287231	0.101296
0.00289173	0.126401
0.00292355	0.149743
0.00292517	0.145179
0.00292611	0.0947171
0.00296064	0.135881
0.0029911	0.143643
0.00299925	0.105392
0.00300746	0.0938908
0.00305869	0.0315354
0.00309175	0.144411
0.00312703	0.0955387
0.00317877	0.098833
0.00318473	0.0682353
0.00320047	0.075688
0.00320943	0.102114
0.00326115	0.0765191
0.00332934	0.0307708
0.00341191	0.0963647
0.00348243	0.0715473
0.00351071	0.149749
0.00353517	0.0980108
0.00356981	0.0814909
0.00357804	0.0930684
0.00358842	0.0971866
0.00359078	0.104574
0.00359496	0.0300065
0.00364865	0.102936
0.00384185	0.082317
0.00384637	0.103754
0.00385424	0.0292382
0.00400311	0.0698909
0.00414123	0.0284702
0.00425317	0.0864586
0.00441629	0.0276991
0.00442402	0.0773463
0.00445904	0.0748616
0.0045622	0.0806604
0.00461026	0.067407
0.00474317	0.0269284
0.00479622	0.0922427
0.00479622	0.0922427
0.00485732	0.0856305
0.00504201	0.0261561
0.005045	0.0872836
0.00507598	0.0831475
0.00534001	0.0253844
0.00537933	0.0848036
0.00567781	0.0839744
0.0057082	0.0246121
0.00608216	0.0238405
0.00638705	0.0781767
0.00639855	0.091418
0.00642144	0.0230708
0.00651969	0.0740311
0.00664286	0.079834
0.00672124	0.0223023
0.00701221	0.0881126
0.00709415	0.0215355
0.00717483	0.0723754
0.00752547	0.0207706
0.00774661	0.0790047
0.00778775	0.0905909
0.00791849	0.0200097
0.00801632	0.0732043
0.0081666	0.0889371
0.00836706	0.0897658
0.00836745	0.019251
0.00878153	0.0184982
0.00918774	0.017748
0.00966051	0.0170054
0.0101639	0.0162654
0.0107343	0.0155359
0.0113621	0.0148092
0.0118955	0.0140962
0.0124147	0.0133865
0.0130038	0.0126915
0.0137234	0.0120004
0.0144303	0.0113271
0.0152477	0.0106588
0.0160706	0.0100098
0.0169302	0.0093677
0.0178584	8.24209e-05
0.0179447	0.00874669
0.0191004	0.00813306
0.0200028	0.00754529
0.0209279	0.00696551
0.0209336	0.00011253
0.0217211	0.00641152
0.0225747	0.00586785
0.0237839	0.00534934
0.0239379	0.000166752
0.0253213	0.00484274
0.0265679	0.00436711
0.0266058	0.00024267
0.0278807	0.00390581
0.0287287	0.000341303
0.0289649	0.00347298
0.029914	0.00305901
0.0304298	0.000456433
0.0309468	0.00267424
0.0318593	0.00059126
0.0324257	0.00230864
0.0330241	0.000736003
0.0337896	0.000896333
0.0339173	0.00212956
0.0343476	0.00195389
0.0344049	0.00105995
0.0348275	0.00123677
0.0348594	0.0017695
0.0350959	0.00140978
0.0352484	0.00159315
)
