(title "Skin Friction Coefficient")
(labels "Skin Friction Coefficient" "Position")

((xy/key/label "middleplane_suctionside")
6.13869e-05	0.0425965
0.000111712	0.0433041
0.000129631	0.0583304
0.000140071	0.0418887
0.00021152	0.0440029
0.000231215	0.0591524
0.000288942	0.0447016
0.000289177	0.0411723
0.000304811	0.0575074
0.000356847	0.0453912
0.000414604	0.0460808
0.00044002	0.0404558
0.000489521	0.0468912
0.00055069	0.0477015
0.000585767	0.0517727
0.000591068	0.0525887
0.000594492	0.0599766
0.000608979	0.0485143
0.000611701	0.039731
0.000622516	0.0566866
0.000626224	0.0509558
0.000629905	0.0534074
0.000634637	0.0493266
0.000638199	0.0501416
0.000647763	0.138223
0.000670415	0.139002
0.000713062	0.0542254
0.000716815	0.137444
0.000738159	0.139779
0.000738346	0.0550455
0.000748596	0.0558648
0.000778331	0.133526
0.000779468	0.039006
0.000784575	0.128786
0.000788472	0.127992
0.000788632	0.132739
0.000803479	0.131162
0.000808747	0.131951
0.000823827	0.134312
0.000849053	0.130371
0.000903083	0.129579
0.000937123	0.144411
0.000941667	0.136663
0.000948592	0.0632753
0.000957804	0.145179
0.000966213	0.0382731
0.000973507	0.0607997
0.000983596	0.135097
0.00101154	0.0641003
0.00102594	0.127197
0.00104815	0.140555
0.00109553	0.135881
0.00112803	0.116772
0.00116388	0.0375401
0.00124418	0.061625
0.00128355	0.145944
0.00132509	0.143643
0.00136514	0.0367996
0.00136807	0.0872836
0.00139117	0.11758
0.00150322	0.108655
0.00150945	0.141328
0.00154032	0.109472
0.00154926	0.0881126
0.00156202	0.0624492
0.00158494	0.126401
0.00158693	0.115964
0.00159351	0.0360589
0.00161921	0.14823
0.00162212	0.110285
0.00163314	0.0665807
0.00167598	0.122404
0.00167605	0.142873
0.00169248	0.146708
0.00173997	0.142101
0.00176031	0.107841
0.00176031	0.107841
0.00176756	0.147469
0.00177002	0.0864586
0.00177323	0.148601
0.00178732	0.1111
0.00179416	0.0657532
0.0018079	0.0353113
0.0018617	0.111912
0.00186923	0.112724
0.00189656	0.118386
0.00191129	0.123205
0.001921	0.082317
0.0019236	0.0814909
0.0019296	0.1216
0.00205151	0.0345636
0.00208492	0.113533
0.0021264	0.119191
0.00215639	0.115153
0.00217311	0.120799
0.00219053	0.148972
0.0022095	0.0649273
0.0022217	0.119994
0.00228791	0.0338094
0.00232596	0.114345
0.00238333	0.125604
0.00244734	0.107024
0.00246336	0.0698909
0.00252944	0.0330552
0.00252944	0.0330552
0.00253359	0.124006
0.00278643	0.124806
0.00280589	0.0322952
0.00280893	0.0856305
0.00283371	0.0690626
0.00288974	0.149343
0.00301817	0.106209
0.00306608	0.0315354
0.0030662	0.0889371
0.0030927	0.100474
0.00311623	0.101296
0.00317577	0.104574
0.00318058	0.105392
0.0033445	0.0307708
0.00339276	0.067407
0.00343605	0.103754
0.00348798	0.0996547
0.00350579	0.0831475
0.00351417	0.102114
0.00359755	0.0300065
0.00361481	0.149549
0.0036659	0.0806604
0.00373167	0.102936
0.00386522	0.0292382
0.00400752	0.098833
0.00413405	0.149652
0.00414467	0.0284702
0.00430052	0.0765191
0.00430297	0.0848036
0.00441645	0.0276991
0.00444628	0.0980108
0.00446756	0.0715473
0.00463291	0.075688
0.0046733	0.0682353
0.0046994	0.0839744
0.00474981	0.0269284
0.0048235	0.149704
0.00503698	0.0261561
0.00509241	0.0773463
0.00514226	0.0971866
0.00534461	0.0253844
0.00539156	0.0707182
0.00562471	0.0897658
0.00570615	0.0246121
0.00580713	0.14973
0.00598591	0.079834
0.00607939	0.0238405
0.00621965	0.0748616
0.00627142	0.0963647
0.00642502	0.0230708
0.00671359	0.0223023
0.0067955	0.0723754
0.00684291	0.149743
0.00709338	0.0215355
0.00752274	0.0207706
0.0078578	0.0955387
0.00791231	0.0200097
0.00798973	0.0781767
0.00818922	0.0790047
0.00830193	0.0905909
0.0083664	0.019251
0.0087759	0.0184982
0.00882759	0.149749
0.0091857	0.017748
0.00965689	0.0170054
0.00972665	0.0947171
0.0101601	0.0162654
0.0105837	0.091418
0.010732	0.0155359
0.0110253	0.0740311
0.011358	0.0148092
0.0113606	0.0938908
0.0118921	0.0140962
0.0119971	0.0922427
0.0119971	0.0922427
0.012227	0.0930684
0.012411	0.0133865
0.012512	0.0732043
0.0129999	0.0126915
0.0137215	0.0120004
0.0144297	0.0113271
0.0152453	0.0106588
0.0160716	0.0100098
0.0169319	0.0093677
0.0179473	0.00874669
0.0179907	8.24209e-05
0.0191052	0.00813306
0.0200079	0.00754529
0.0209347	0.00696551
0.0210659	0.00011253
0.0217293	0.00641152
0.0225846	0.00586785
0.0237969	0.00534934
0.0240687	0.000166752
0.0253373	0.00484274
0.0265869	0.00436711
0.0267232	0.00024267
0.0279048	0.00390581
0.0288393	0.000341303
0.0289948	0.00347298
0.0299476	0.00305901
0.0305341	0.000456433
0.0309849	0.00267424
0.0319583	0.00059126
0.0324693	0.00230864
0.0331159	0.000736003
0.0338773	0.000896333
0.0339681	0.00212956
0.0344032	0.00195389
0.0344895	0.00105995
0.0349063	0.00123677
0.0349231	0.0017695
0.0351676	0.00140978
0.0353178	0.00159315
)
