(title "Skin Friction Coefficient")
(labels "Skin Friction Coefficient" "Position")

((xy/key/label "middleplane_suctionside")
6.58893e-05	0.0425965
0.000119549	0.0418887
0.000124983	0.0433041
0.000235823	0.0440029
0.000248921	0.0411723
0.000258747	0.0607997
0.000328012	0.0447016
0.000405553	0.0404558
0.000423544	0.0453912
0.000472914	0.0460808
0.000473452	0.0558648
0.000479791	0.0599766
0.000523039	0.0468912
0.000526975	0.0566866
0.000563828	0.0550455
0.000566548	0.039731
0.000569469	0.0477015
0.000570321	0.0542254
0.000581145	0.0485143
0.000620243	0.0493266
0.000631339	0.061625
0.000631676	0.0534074
0.000643872	0.0501416
0.000667254	0.0591524
0.000676231	0.0624492
0.000679386	0.0509558
0.00069613	0.0517727
0.000707353	0.0525887
0.000727899	0.0575074
0.000740728	0.142873
0.000745105	0.039006
0.000748179	0.142101
0.000784842	0.125604
0.000809813	0.0583304
0.000859049	0.124806
0.000866705	0.143643
0.000887946	0.128786
0.000899581	0.141328
0.000943636	0.0382731
0.000954395	0.126401
0.000958601	0.129579
0.000959262	0.139002
0.000976317	0.127992
0.000994054	0.138223
0.00102516	0.127197
0.00102845	0.144411
0.00103688	0.139779
0.00104115	0.0632753
0.00104284	0.140555
0.001056	0.0657532
0.00107748	0.133526
0.00113622	0.0375401
0.00114613	0.137444
0.00116115	0.147469
0.00116672	0.146708
0.00116922	0.107841
0.00116922	0.107841
0.00116988	0.124006
0.00117644	0.134312
0.0011779	0.145179
0.00120755	0.107024
0.00121059	0.14823
0.00122492	0.145944
0.0012388	0.108655
0.00125972	0.130371
0.00128018	0.132739
0.00131335	0.136663
0.00134139	0.148601
0.00134293	0.135097
0.00135574	0.0367996
0.00137738	0.123205
0.00139853	0.135881
0.00140736	0.109472
0.00145577	0.106209
0.00152357	0.122404
0.00156254	0.0360589
0.00156863	0.0665807
0.00157591	0.110285
0.00159894	0.131162
0.00160813	0.131951
0.00162381	0.1216
0.00166525	0.148972
0.0016935	0.1111
0.00171448	0.120799
0.001748	0.0848036
0.00178843	0.119994
0.00179053	0.0353113
0.00180076	0.111912
0.00181183	0.0856305
0.00182967	0.119191
0.00186636	0.118386
0.00187274	0.116772
0.00188577	0.11758
0.00190117	0.115964
0.00190924	0.112724
0.0019458	0.105392
0.00198971	0.115153
0.00202228	0.0345636
0.00204972	0.113533
0.00208236	0.114345
0.00214374	0.0649273
0.00219882	0.0732043
0.00220523	0.098833
0.00225696	0.0338094
0.00227802	0.149343
0.00232129	0.0980108
0.00235624	0.0839744
0.00236482	0.0641003
0.0023959	0.0996547
0.00251963	0.0330552
0.00251963	0.0330552
0.00252786	0.104574
0.00266325	0.0971866
0.00277303	0.0322952
0.00280532	0.0690626
0.00289203	0.0740311
0.00290284	0.0831475
0.00291656	0.0723754
0.0029266	0.100474
0.0030056	0.0864586
0.00305203	0.149549
0.00306718	0.0315354
0.00310742	0.103754
0.00324815	0.0682353
0.00332288	0.0307708
0.00333402	0.0922427
0.00333402	0.0922427
0.00335353	0.067407
0.0034188	0.0963647
0.00342936	0.101296
0.00352454	0.102936
0.00358264	0.0300065
0.00363158	0.102114
0.00381366	0.0930684
0.00386153	0.0292382
0.00389926	0.149652
0.00398816	0.091418
0.00399791	0.0872836
0.00402817	0.0889371
0.00403926	0.079834
0.00410905	0.0284702
0.00412412	0.082317
0.00413858	0.0881126
0.00432066	0.0897658
0.00440712	0.0790047
0.0044233	0.0276991
0.00445449	0.0955387
0.00457026	0.0905909
0.00472357	0.0269284
0.00479951	0.0715473
0.0048296	0.0938908
0.00497347	0.0698909
0.00502931	0.0261561
0.00508309	0.149704
0.00513802	0.0947171
0.00522613	0.0806604
0.00534881	0.0253844
0.00536536	0.0748616
0.00548896	0.0814909
0.00567467	0.0246121
0.00609251	0.0238405
0.00630545	0.0707182
0.00639894	0.0230708
0.00650234	0.14973
0.00657317	0.0781767
0.00670601	0.0223023
0.00710547	0.0215355
0.00749832	0.0207706
0.00784561	0.149743
0.00792778	0.0200097
0.00834971	0.019251
0.00842463	0.075688
0.00876211	0.0184982
0.00881509	0.0773463
0.00901803	0.149749
0.00918932	0.017748
0.00963373	0.0170054
0.00970108	0.0765191
0.0101659	0.0162654
0.0107304	0.0155359
0.0113569	0.0148092
0.011896	0.0140962
0.0123982	0.0133865
0.012994	0.0126915
0.0137095	0.0120004
0.0144338	0.0113271
0.015244	0.0106588
0.0160536	0.0100098
0.0169354	0.0093677
0.0179115	8.24209e-05
0.0179334	0.00874669
0.0191003	0.00813306
0.0200073	0.00754529
0.0209141	0.00696551
0.0209847	0.00011253
0.0217269	0.00641152
0.0225742	0.00586785
0.0237826	0.00534934
0.0239889	0.000166752
0.0253279	0.00484274
0.0265693	0.00436711
0.0266524	0.00024267
0.0278857	0.00390581
0.0287719	0.000341303
0.0289729	0.00347298
0.0299226	0.00305901
0.0304693	0.000456433
0.0309573	0.00267424
0.0318957	0.00059126
0.0324383	0.00230864
0.033057	0.000736003
0.03382	0.000896333
0.0339323	0.00212956
0.0343645	0.00195389
0.0344336	0.00105995
0.0348537	0.00123677
0.0348793	0.0017695
0.035119	0.00140978
0.0352705	0.00159315
)
