(title "Skin Friction Coefficient")
(labels "Skin Friction Coefficient" "Position")

((xy/key/label "middleplane_suctionside")
7.35753e-05	0.0425965
7.92334e-05	0.0418887
0.000169653	0.0433041
0.000208691	0.0411723
0.000241851	0.0599766
0.000273971	0.0440029
0.0003101	0.0591524
0.000352527	0.0404558
0.000362673	0.0447016
0.000439633	0.0453912
0.00047935	0.0550455
0.000501032	0.0460808
0.000503507	0.0534074
0.000519691	0.039731
0.00052762	0.0542254
0.000541291	0.0468912
0.000556811	0.0477015
0.000568841	0.0558648
0.000581666	0.0485143
0.00061505	0.0493266
0.000625527	0.0525887
0.000630296	0.0583304
0.000648575	0.130371
0.000670603	0.0501416
0.000698934	0.039006
0.000701606	0.129579
0.000728429	0.0509558
0.000755067	0.0607997
0.000757299	0.0517727
0.00077666	0.131162
0.000843594	0.0566866
0.000885231	0.0382731
0.000932949	0.0575074
0.000940948	0.128786
0.00102143	0.0649273
0.00103872	0.061625
0.00109372	0.0375401
0.0011334	0.146708
0.00114875	0.126401
0.00118186	0.131951
0.00122054	0.134312
0.00123356	0.127992
0.00123372	0.139779
0.00123625	0.109472
0.00126371	0.127197
0.00126561	0.110285
0.00127848	0.145944
0.00128326	0.147469
0.00129301	0.0367996
0.00135041	0.133526
0.0013508	0.125604
0.00136017	0.108655
0.00144106	0.135097
0.00147042	0.1111
0.00148144	0.132739
0.00151904	0.0360589
0.0015919	0.091418
0.00160767	0.0881126
0.00163988	0.107841
0.00163988	0.107841
0.00165158	0.145179
0.00173398	0.14823
0.00173762	0.0353113
0.00174581	0.0624492
0.0017576	0.140555
0.00177239	0.0872836
0.0017841	0.0905909
0.00179761	0.0889371
0.00183214	0.0641003
0.00188079	0.0848036
0.00190602	0.135881
0.00190615	0.0971866
0.00190992	0.0922427
0.00190992	0.0922427
0.00191454	0.107024
0.00192493	0.139002
0.00194309	0.124806
0.00194664	0.0980108
0.00196001	0.0897658
0.00197367	0.0345636
0.00203479	0.111912
0.00206012	0.0856305
0.002072	0.144411
0.00207277	0.0864586
0.00214385	0.0707182
0.00215572	0.141328
0.00219178	0.0963647
0.00219804	0.106209
0.00222646	0.0338094
0.00227955	0.136663
0.00228635	0.0657532
0.00228679	0.142101
0.00229248	0.098833
0.0022987	0.0732043
0.00231307	0.142873
0.00231489	0.143643
0.00232263	0.0839744
0.00237699	0.0723754
0.00244223	0.148601
0.0024656	0.0330552
0.0024656	0.0330552
0.00256927	0.105392
0.00263992	0.0930684
0.00264113	0.067407
0.00264871	0.0996547
0.00265284	0.124006
0.00267725	0.137444
0.00270533	0.0955387
0.00275253	0.0322952
0.00280421	0.0632753
0.00280851	0.112724
0.00287156	0.0715473
0.00289308	0.100474
0.00290515	0.138223
0.00294526	0.104574
0.00298281	0.101296
0.00301927	0.0315354
0.00305935	0.119191
0.00308056	0.102114
0.00316377	0.0938908
0.00317042	0.0947171
0.00320309	0.103754
0.00322714	0.118386
0.0032324	0.102936
0.00324791	0.123205
0.00326051	0.119994
0.00328965	0.0307708
0.00329866	0.0665807
0.0033471	0.148972
0.00338464	0.0831475
0.00347286	0.113533
0.0035388	0.0781767
0.00355592	0.120799
0.00355903	0.0300065
0.00360049	0.122404
0.00360581	0.0814909
0.00369191	0.1216
0.00374253	0.11758
0.00377024	0.0773463
0.0038128	0.0292382
0.00388501	0.082317
0.00389357	0.0682353
0.00391327	0.114345
0.00394332	0.0806604
0.00410505	0.115153
0.00410801	0.0284702
0.00415322	0.116772
0.00418963	0.115964
0.00430022	0.0790047
0.00438447	0.0276991
0.00442079	0.0698909
0.00448153	0.149343
0.00462512	0.0765191
0.00468008	0.079834
0.00471019	0.0269284
0.00474463	0.0740311
0.00502045	0.0261561
0.00530933	0.0253844
0.00538512	0.075688
0.00565774	0.149549
0.00568288	0.0246121
0.0060012	0.0748616
0.00606067	0.0238405
0.00639056	0.0230708
0.00639382	0.0690626
0.00670773	0.0223023
0.0068603	0.149652
0.00707475	0.0215355
0.00750703	0.0207706
0.00791013	0.0200097
0.00830554	0.149704
0.00834187	0.019251
0.00877052	0.0184982
0.00917371	0.017748
0.00964243	0.0170054
0.00973916	0.14973
0.00979722	0.149749
0.0101615	0.0162654
0.0107203	0.0155359
0.0109604	0.149743
0.0113573	0.0148092
0.0118867	0.0140962
0.012401	0.0133865
0.0129976	0.0126915
0.0137114	0.0120004
0.0144313	0.0113271
0.0152405	0.0106588
0.0160604	0.0100098
0.0169336	0.0093677
0.0179337	8.24209e-05
0.0179377	0.00874669
0.0191043	0.00813306
0.020006	0.00754529
0.0209217	0.00696551
0.0210106	0.00011253
0.021729	0.00641152
0.022578	0.00586785
0.0237895	0.00534934
0.024017	0.000166752
0.0253326	0.00484274
0.0265771	0.00436711
0.0266817	0.00024267
0.0278947	0.00390581
0.0288016	0.000341303
0.028983	0.00347298
0.0299343	0.00305901
0.0304982	0.000456433
0.0309701	0.00267424
0.0319237	0.00059126
0.0324527	0.00230864
0.0330839	0.000736003
0.0338458	0.000896333
0.0339489	0.00212956
0.0343825	0.00195389
0.0344586	0.00105995
0.0348774	0.00123677
0.0348993	0.0017695
0.0351411	0.00140978
0.0352921	0.00159315
)
