(title "Skin Friction Coefficient")
(labels "Skin Friction Coefficient" "Position")

((xy/key/label "middleplane_suctionside")
7.00344e-05	0.0583304
7.33957e-05	0.0425965
8.20037e-05	0.0418887
0.000153198	0.0575074
0.000162391	0.0433041
0.000230746	0.0411723
0.000262529	0.0440029
0.000314778	0.0591524
0.000336574	0.0447016
0.000389793	0.0404558
0.000408142	0.0453912
0.000464548	0.0460808
0.000506773	0.0525887
0.000507093	0.0468912
0.000511538	0.0566866
0.000551464	0.039731
0.000559666	0.0517727
0.000578599	0.0599766
0.000584422	0.0477015
0.000606852	0.0534074
0.000642107	0.0485143
0.000647542	0.0632753
0.000650655	0.0509558
0.000679833	0.0493266
0.000682838	0.0501416
0.000702792	0.0657532
0.000723399	0.0542254
0.000737033	0.039006
0.000828608	0.0558648
0.000830268	0.0550455
0.000869159	0.0607997
0.000879128	0.0624492
0.000883858	0.137444
0.000905294	0.136663
0.000914414	0.0382731
0.000976822	0.0649273
0.001099	0.135881
0.00111363	0.149549
0.00111826	0.0375401
0.001194	0.138223
0.00120503	0.149343
0.0012284	0.0641003
0.00128326	0.127992
0.00132426	0.0367996
0.00134171	0.061625
0.00143963	0.149652
0.00148744	0.102114
0.0014987	0.135097
0.00154161	0.0360589
0.00160294	0.101296
0.00165222	0.128786
0.00167184	0.127197
0.00168615	0.148972
0.0017765	0.0665807
0.00177729	0.0353113
0.00178905	0.102936
0.00189501	0.134312
0.00196372	0.139002
0.00198587	0.103754
0.00200349	0.0345636
0.00200888	0.143643
0.00206275	0.104574
0.00214272	0.133526
0.00217285	0.148601
0.00221441	0.149704
0.00223062	0.129579
0.00224228	0.100474
0.00224743	0.132739
0.0022623	0.0338094
0.00231492	0.145944
0.00232581	0.105392
0.00234586	0.131951
0.00237847	0.144411
0.00242205	0.142873
0.00244469	0.0690626
0.00248969	0.131162
0.00250067	0.0330552
0.00250067	0.0330552
0.00250704	0.145179
0.00251275	0.130371
0.00251536	0.126401
0.00253067	0.14823
0.00260053	0.146708
0.0026654	0.139779
0.00272858	0.0682353
0.00276732	0.106209
0.00277367	0.0322952
0.00282971	0.147469
0.00292308	0.122404
0.00293595	0.1216
0.00294359	0.140555
0.00299591	0.0996547
0.00299815	0.123205
0.0030543	0.0315354
0.00306845	0.125604
0.00310238	0.124006
0.00311757	0.120799
0.0031764	0.124806
0.00318714	0.142101
0.0031872	0.107024
0.00320676	0.14973
0.0032262	0.141328
0.00330948	0.0307708
0.00341786	0.0707182
0.00342567	0.119994
0.00343778	0.067407
0.00346446	0.107841
0.00346446	0.107841
0.0035338	0.114345
0.00353923	0.108655
0.00356601	0.115153
0.00358991	0.0300065
0.00359027	0.109472
0.00365813	0.098833
0.00368824	0.0698909
0.00370338	0.113533
0.00378582	0.110285
0.00383595	0.115964
0.00383886	0.119191
0.00384213	0.0292382
0.00390433	0.112724
0.00397767	0.1111
0.00401893	0.111912
0.00410031	0.149743
0.00412957	0.0284702
0.00414754	0.116772
0.00419453	0.118386
0.00428953	0.0980108
0.0043011	0.11758
0.00441789	0.0276991
0.0047266	0.0269284
0.00502865	0.149749
0.00504464	0.0261561
0.00507464	0.0971866
0.00533008	0.0253844
0.00536245	0.0740311
0.0056237	0.0748616
0.00567392	0.0715473
0.00569994	0.0246121
0.00573677	0.0963647
0.00574651	0.091418
0.00577368	0.0864586
0.00579531	0.0922427
0.00579531	0.0922427
0.00595115	0.0930684
0.00598864	0.0872836
0.00601023	0.0955387
0.0060323	0.0856305
0.00607224	0.0938908
0.00608574	0.0238405
0.0061087	0.0947171
0.00614142	0.0905909
0.00620292	0.075688
0.00640573	0.0230708
0.00655959	0.0881126
0.00664627	0.0897658
0.00672576	0.0223023
0.00687334	0.0889371
0.0070923	0.0215355
0.00728488	0.0732043
0.00752285	0.0207706
0.00754791	0.0848036
0.00792342	0.0200097
0.00835816	0.019251
0.00859192	0.0765191
0.00878483	0.0184982
0.0088047	0.0723754
0.00904246	0.0806604
0.00918572	0.017748
0.00965889	0.0170054
0.0100457	0.0814909
0.0101152	0.079834
0.0101685	0.0162654
0.0105281	0.0839744
0.0107192	0.0773463
0.0107299	0.0155359
0.0113636	0.0148092
0.011495	0.0781767
0.0116406	0.0790047
0.0118922	0.0140962
0.0120341	0.082317
0.0124105	0.0133865
0.0126094	0.0831475
0.0130077	0.0126915
0.0137204	0.0120004
0.0144284	0.0113271
0.0152437	0.0106588
0.0160665	0.0100098
0.0169262	0.0093677
0.017752	8.24209e-05
0.0179375	0.00874669
0.0190951	0.00813306
0.0199905	0.00754529
0.0208316	0.00011253
0.0209164	0.00696551
0.0217095	0.00641152
0.0225594	0.00586785
0.023768	0.00534934
0.0238329	0.000166752
0.0253004	0.00484274
0.0265055	0.00024267
0.0265447	0.00436711
0.0278528	0.00390581
0.0286304	0.000341303
0.0289312	0.00347298
0.0298768	0.00305901
0.030335	0.000456433
0.0309046	0.00267424
0.0317672	0.00059126
0.0323789	0.00230864
0.0329366	0.000736003
0.0337054	0.000896333
0.0338645	0.00212956
0.0342904	0.00195389
0.0343231	0.00105995
0.0347499	0.00123677
0.0347947	0.0017695
0.0350235	0.00140978
0.0351777	0.00159315
)
