(title "Skin Friction Coefficient")
(labels "Skin Friction Coefficient" "Position")

((xy/key/label "middleplane_suctionside")
7.10561e-05	0.0425965
7.24242e-05	0.0418887
0.000164798	0.0433041
0.000210991	0.0411723
0.000268202	0.0440029
0.000351875	0.0447016
0.000375043	0.0404558
0.000397837	0.0566866
0.000447786	0.0453912
0.000499121	0.0575074
0.000513572	0.0460808
0.000538633	0.039731
0.000540862	0.0558648
0.000567076	0.0468912
0.00063832	0.0477015
0.000651502	0.0485143
0.000667706	0.0493266
0.000671831	0.0501416
0.000679676	0.0509558
0.000689412	0.0517727
0.000703483	0.0583304
0.000707206	0.0550455
0.000716978	0.0525887
0.000729945	0.039006
0.000734023	0.0542254
0.0007422	0.061625
0.000743729	0.0534074
0.00080763	0.136663
0.000815419	0.135881
0.000886401	0.148601
0.000895302	0.0607997
0.000903167	0.146708
0.000912419	0.0591524
0.000917104	0.0382731
0.000954634	0.0624492
0.000963458	0.137444
0.000977714	0.14823
0.000991255	0.135097
0.000997125	0.131951
0.00100795	0.0632753
0.00101212	0.147469
0.00102417	0.148972
0.00102418	0.132739
0.00102629	0.110285
0.00102812	0.131162
0.00104117	0.0599766
0.00110051	0.133526
0.00110091	0.109472
0.00111212	0.125604
0.00111641	0.0375401
0.00113575	0.134312
0.00115435	0.126401
0.00118602	0.130371
0.00119997	0.145944
0.00120387	0.138223
0.00129738	0.108655
0.00130926	0.149343
0.00132919	0.0367996
0.0014308	0.124806
0.00143159	0.149549
0.00143995	0.139002
0.00145727	0.129579
0.00146475	0.142101
0.00146555	0.140555
0.00146645	0.141328
0.00147767	0.1111
0.00150129	0.0665807
0.00150644	0.127197
0.00151279	0.139779
0.00151947	0.0806604
0.00153431	0.149652
0.00153643	0.0360589
0.00154276	0.0641003
0.00154629	0.107841
0.00154629	0.107841
0.00166728	0.142873
0.00168884	0.128786
0.00171405	0.079834
0.00173281	0.127992
0.00176611	0.145179
0.0017752	0.0353113
0.00178606	0.124006
0.0019983	0.0345636
0.0020064	0.143643
0.00203196	0.107024
0.00204853	0.149704
0.00206484	0.144411
0.00206495	0.123205
0.00224315	0.067407
0.00225266	0.122404
0.00225357	0.0338094
0.00233372	0.0732043
0.00235439	0.1216
0.00239191	0.119994
0.00239641	0.120799
0.0024026	0.0839744
0.00242791	0.119191
0.00246365	0.0814909
0.00250411	0.0330552
0.00250411	0.0330552
0.00252536	0.0649273
0.0025639	0.0848036
0.00257955	0.111912
0.00258205	0.0657532
0.0026592	0.118386
0.00273065	0.0723754
0.00276586	0.0322952
0.00277623	0.0831475
0.00285762	0.14973
0.00296382	0.0740311
0.00301992	0.082317
0.003026	0.106209
0.00305997	0.0315354
0.00309695	0.114345
0.00312798	0.11758
0.00315006	0.115153
0.00330423	0.0307708
0.00336717	0.0856305
0.00342956	0.0790047
0.00348756	0.112724
0.00351424	0.113533
0.00351702	0.0889371
0.00358581	0.0300065
0.00361618	0.115964
0.00361671	0.116772
0.00365112	0.149743
0.0038438	0.0292382
0.00386186	0.0690626
0.00410324	0.0881126
0.00411098	0.0284702
0.00414903	0.0748616
0.00420951	0.0698909
0.00423431	0.0955387
0.0042473	0.105392
0.0042585	0.0864586
0.00430517	0.0947171
0.00438357	0.0963647
0.00442134	0.0276991
0.00457455	0.149749
0.00465022	0.0938908
0.00471475	0.0269284
0.00471879	0.0971866
0.00476257	0.0872836
0.00488491	0.0781767
0.00500394	0.0682353
0.00504189	0.0261561
0.00506894	0.0897658
0.00507083	0.104574
0.00511545	0.102114
0.00515627	0.101296
0.00519622	0.0715473
0.00522185	0.0980108
0.00529823	0.102936
0.00533204	0.0253844
0.0053699	0.100474
0.00537801	0.103754
0.00545364	0.0930684
0.00549345	0.0996547
0.00550232	0.098833
0.00567997	0.0246121
0.00581368	0.075688
0.005891	0.0773463
0.00608989	0.0238405
0.00638978	0.0230708
0.00657108	0.0922427
0.00657108	0.0922427
0.00660546	0.0765191
0.00671966	0.0223023
0.00695997	0.0707182
0.00703539	0.0905909
0.00709368	0.0215355
0.00741204	0.091418
0.00750731	0.0207706
0.00792796	0.0200097
0.00834133	0.019251
0.00877562	0.0184982
0.00918154	0.017748
0.00964123	0.0170054
0.0101698	0.0162654
0.0107227	0.0155359
0.0113621	0.0148092
0.0118896	0.0140962
0.0124017	0.0133865
0.0130027	0.0126915
0.013711	0.0120004
0.0144366	0.0113271
0.0152409	0.0106588
0.0160613	0.0100098
0.0169367	0.0093677
0.0179381	0.00874669
0.0179818	8.24209e-05
0.0191113	0.00813306
0.0200046	0.00754529
0.0209236	0.00696551
0.0210537	0.00011253
0.0217331	0.00641152
0.0225791	0.00586785
0.0237943	0.00534934
0.0240535	0.000166752
0.025336	0.00484274
0.0265798	0.00436711
0.0267064	0.00024267
0.0279007	0.00390581
0.0288214	0.000341303
0.0289887	0.00347298
0.0299405	0.00305901
0.0305158	0.000456433
0.0309773	0.00267424
0.0319403	0.00059126
0.0324601	0.00230864
0.0330983	0.000736003
0.0338599	0.000896333
0.0339571	0.00212956
0.0343913	0.00195389
0.0344727	0.00105995
0.0348903	0.00123677
0.0349098	0.0017695
0.035153	0.00140978
0.0353036	0.00159315
)
