(title "Skin Friction Coefficient")
(labels "Skin Friction Coefficient" "Position")

((xy/key/label "middleplane_suctionside")
7.38575e-05	0.0425965
0.00010352	0.0418887
0.000143705	0.0583304
0.000144833	0.0433041
0.000163488	0.0575074
0.000246159	0.0440029
0.0002507	0.0411723
0.000318884	0.0447016
0.000395475	0.0453912
0.000415328	0.0404558
0.000451302	0.0460808
0.000467216	0.0591524
0.000476983	0.0566866
0.000498338	0.0468912
0.000523702	0.0525887
0.000544246	0.0517727
0.000574989	0.039731
0.000589203	0.0477015
0.000634332	0.0509558
0.000651086	0.0485143
0.000663481	0.0534074
0.000667354	0.136663
0.000680462	0.0501416
0.000687799	0.0493266
0.000718183	0.135881
0.000720181	0.137444
0.000760827	0.039006
0.000767128	0.138223
0.000794225	0.0542254
0.000824904	0.0624492
0.000855231	0.0558648
0.0008562	0.0641003
0.000880485	0.135097
0.000897404	0.0550455
0.000907515	0.0632753
0.000942336	0.0382731
0.000961919	0.0599766
0.000980478	0.0649273
0.0010125	0.139002
0.00106277	0.134312
0.00113969	0.0375401
0.00115389	0.143643
0.00119167	0.144411
0.00126854	0.133526
0.00128972	0.061625
0.00132492	0.130371
0.00133805	0.131951
0.00134209	0.131162
0.00135111	0.132739
0.00135135	0.0367996
0.00138893	0.0607997
0.00139663	0.139779
0.00147916	0.142873
0.00148134	0.129579
0.00148233	0.067407
0.00156131	0.0360589
0.00162205	0.140555
0.00163362	0.142101
0.00164983	0.141328
0.00174425	0.149652
0.00180053	0.0353113
0.0018583	0.0657532
0.00190564	0.128786
0.00197765	0.149549
0.00202494	0.0345636
0.00203862	0.149704
0.00204445	0.145179
0.00217299	0.0682353
0.00219883	0.0665807
0.00227754	0.0338094
0.00237224	0.149343
0.00237609	0.0698909
0.00240591	0.127992
0.00252468	0.0330552
0.00252468	0.0330552
0.00278624	0.0322952
0.0028981	0.14973
0.00294385	0.114345
0.0029619	0.127197
0.00298252	0.115153
0.00299371	0.148972
0.00301295	0.113533
0.00302067	0.0690626
0.00302146	0.079834
0.00307351	0.0315354
0.00309566	0.0790047
0.00310752	0.115964
0.00319851	0.116772
0.00320379	0.0707182
0.00323548	0.082317
0.00325496	0.112724
0.00326424	0.0848036
0.00328221	0.0839744
0.0032862	0.0831475
0.00330615	0.145944
0.00331621	0.11758
0.00332314	0.0307708
0.00345186	0.126401
0.00346435	0.124006
0.00349352	0.123205
0.0035491	0.118386
0.0035815	0.0856305
0.00358453	0.124806
0.0036025	0.111912
0.00360251	0.0300065
0.00365355	0.125604
0.00365624	0.122404
0.00367664	0.148601
0.00370064	0.0872836
0.00372945	0.119191
0.00374642	0.0732043
0.00375783	0.149743
0.00377	0.0864586
0.00378724	0.1216
0.0037876	0.119994
0.00380784	0.120799
0.00381283	0.0881126
0.00382801	0.0814909
0.00385638	0.1111
0.00385849	0.0292382
0.0038834	0.0806604
0.00405313	0.110285
0.0040824	0.0740311
0.00413359	0.0284702
0.00417898	0.14823
0.00423917	0.0889371
0.00424209	0.146708
0.00424344	0.109472
0.00432005	0.0723754
0.00443252	0.0276991
0.00447047	0.0715473
0.0044879	0.108655
0.00449299	0.147469
0.00466698	0.149749
0.00473229	0.0269284
0.0048316	0.107841
0.0048316	0.107841
0.00484661	0.0897658
0.00494503	0.0980108
0.00498608	0.104574
0.00500558	0.0971866
0.00503139	0.098833
0.00505313	0.0261561
0.00506874	0.107024
0.00507261	0.105392
0.00507541	0.103754
0.00511309	0.106209
0.0051152	0.0963647
0.00512867	0.0955387
0.00515704	0.0996547
0.0051826	0.0947171
0.00527921	0.0938908
0.00533852	0.100474
0.00534029	0.0253844
0.00534479	0.102936
0.0054195	0.0905909
0.00545213	0.0930684
0.0055009	0.101296
0.00551135	0.102114
0.00570001	0.0246121
0.00573736	0.0922427
0.00573736	0.0922427
0.00575282	0.091418
0.00582641	0.0781767
0.0060952	0.0238405
0.00640801	0.0230708
0.00655203	0.0748616
0.00672886	0.0223023
0.0070976	0.0215355
0.0075256	0.0207706
0.00792877	0.0200097
0.00835895	0.019251
0.00878738	0.0184982
0.00918738	0.017748
0.00966046	0.0170054
0.0101711	0.0162654
0.0103473	0.0773463
0.010709	0.075688
0.0107316	0.0155359
0.0113667	0.0148092
0.0118956	0.0140962
0.0124156	0.0133865
0.0127868	0.0765191
0.0130102	0.0126915
0.0137266	0.0120004
0.0144355	0.0113271
0.0152498	0.0106588
0.0160779	0.0100098
0.0169383	0.0093677
0.0179529	0.00874669
0.0180097	8.24209e-05
0.0191143	0.00813306
0.0200119	0.00754529
0.0209415	0.00696551
0.0210854	0.00011253
0.0217365	0.00641152
0.0225904	0.00586785
0.0238049	0.00534934
0.0240877	0.000166752
0.0253443	0.00484274
0.0265944	0.00436711
0.0267405	0.00024267
0.0279133	0.00390581
0.0288558	0.000341303
0.0290032	0.00347298
0.0299567	0.00305901
0.03055	0.000456433
0.0309944	0.00267424
0.0319736	0.00059126
0.032479	0.00230864
0.0331302	0.000736003
0.0338915	0.000896333
0.0339783	0.00212956
0.0344139	0.00195389
0.0345037	0.00105995
0.0349196	0.00123677
0.0349347	0.0017695
0.0351803	0.00140978
0.0353302	0.00159315
)
