(title "Skin Friction Coefficient")
(labels "Skin Friction Coefficient" "Position")

((xy/key/label "middleplane_suctionside")
6.49711e-05	0.0418887
7.16763e-05	0.0425965
0.000142331	0.0575074
0.000145646	0.0583304
0.000171753	0.0433041
0.000210485	0.0411723
0.00027054	0.0440029
0.000344305	0.0447016
0.000372408	0.0566866
0.000374553	0.0404558
0.000424823	0.0453912
0.000458598	0.0591524
0.000485936	0.0460808
0.000532436	0.0468912
0.000535707	0.039731
0.000547206	0.0525887
0.000564159	0.0517727
0.00061395	0.0477015
0.000630739	0.0509558
0.000655855	0.0485143
0.000668903	0.0501416
0.000669718	0.0534074
0.000678171	0.0493266
0.000725653	0.039006
0.000744871	0.135097
0.00076517	0.0558648
0.00076695	0.0542254
0.000797706	0.134312
0.000844034	0.0550455
0.000906792	0.0382731
0.000911597	0.135881
0.000918323	0.0599766
0.00100069	0.136663
0.00108563	0.133526
0.00110767	0.0375401
0.00117774	0.145944
0.00120011	0.0624492
0.00125036	0.145179
0.00125036	0.137444
0.00126809	0.124006
0.00127102	0.0607997
0.0012954	0.132739
0.00129706	0.0632753
0.00131083	0.0657532
0.00131741	0.0367996
0.00137036	0.131951
0.00143038	0.140555
0.00143162	0.127197
0.00143631	0.146708
0.00146125	0.142873
0.0014725	0.0649273
0.00148187	0.131162
0.0014843	0.144411
0.00151183	0.141328
0.00151892	0.124806
0.0015205	0.142101
0.00152782	0.0360589
0.00153251	0.143643
0.00154237	0.127992
0.00154842	0.123205
0.0015857	0.139779
0.00161641	0.126401
0.00163542	0.061625
0.0016758	0.0839744
0.00168642	0.130371
0.00172373	0.138223
0.00176829	0.0353113
0.00177932	0.128786
0.00179758	0.125604
0.00183379	0.129579
0.00185938	0.139002
0.00187376	0.147469
0.00187823	0.122404
0.00199058	0.0345636
0.00207859	0.1216
0.00210543	0.0831475
0.00212441	0.0641003
0.00218029	0.120799
0.00219248	0.119994
0.00223477	0.14823
0.00224981	0.0338094
0.00234445	0.100474
0.00240217	0.091418
0.00243294	0.148601
0.00245519	0.0996547
0.0024615	0.0872836
0.00249561	0.0330552
0.00249561	0.0330552
0.00258582	0.0848036
0.00261645	0.119191
0.00262974	0.148972
0.00263878	0.0881126
0.00267617	0.101296
0.00274654	0.0905909
0.00276017	0.0322952
0.00284467	0.0690626
0.00291433	0.098833
0.00291601	0.0682353
0.00300302	0.0864586
0.00303076	0.149343
0.00305121	0.0315354
0.00308406	0.0665807
0.00310782	0.0814909
0.0031609	0.0856305
0.00317406	0.102114
0.0032504	0.0980108
0.00328388	0.0922427
0.00328388	0.0922427
0.00329704	0.0307708
0.00331437	0.0971866
0.0034031	0.0963647
0.00345312	0.082317
0.0035052	0.149549
0.00358255	0.0300065
0.00359399	0.0889371
0.00362448	0.118386
0.00365817	0.102936
0.00369526	0.0955387
0.00373103	0.0897658
0.00383529	0.0292382
0.0039268	0.0947171
0.00393419	0.149652
0.00394376	0.0930684
0.00394425	0.103754
0.00397802	0.075688
0.0039999	0.0938908
0.0040211	0.0748616
0.00411085	0.0284702
0.00416366	0.104574
0.00429127	0.0806604
0.00435981	0.105392
0.00441086	0.067407
0.00441572	0.0276991
0.00448351	0.112724
0.00450637	0.106209
0.00455706	0.149704
0.00455836	0.0707182
0.00459802	0.111912
0.00460068	0.113533
0.00466627	0.0715473
0.00467221	0.11758
0.00471101	0.0269284
0.00483123	0.1111
0.00483662	0.107024
0.00483875	0.114345
0.00503917	0.0261561
0.00508843	0.115153
0.00525077	0.110285
0.00532441	0.0253844
0.0053299	0.116772
0.00533077	0.14973
0.00533192	0.107841
0.00533192	0.107841
0.00539304	0.115964
0.00566026	0.0698909
0.00568093	0.0246121
0.00570201	0.109472
0.00573592	0.0740311
0.00573835	0.108655
0.00605728	0.0765191
0.00608443	0.0238405
0.00609023	0.149743
0.00633021	0.149749
0.00638776	0.0230708
0.00671752	0.0223023
0.00708697	0.0215355
0.007509	0.0207706
0.00792272	0.0200097
0.00834151	0.019251
0.00860049	0.079834
0.00877564	0.0184982
0.00889573	0.0723754
0.00895168	0.0732043
0.00917801	0.017748
0.00964501	0.0170054
0.00994066	0.0773463
0.0101663	0.0162654
0.0107204	0.0155359
0.0113592	0.0148092
0.0118858	0.0140962
0.0119227	0.0790047
0.0124016	0.0133865
0.0124517	0.0781767
0.0130033	0.0126915
0.0137121	0.0120004
0.0144309	0.0113271
0.0152392	0.0106588
0.0160638	0.0100098
0.0169314	0.0093677
0.0179385	0.00874669
0.0179433	8.24209e-05
0.019107	0.00813306
0.0199983	0.00754529
0.0209243	0.00696551
0.021012	0.00011253
0.0217265	0.00641152
0.0225744	0.00586785
0.0237897	0.00534934
0.0240107	0.000166752
0.0253274	0.00484274
0.0265736	0.00436711
0.0266653	0.00024267
0.0278919	0.00390581
0.0287826	0.000341303
0.028978	0.00347298
0.0299291	0.00305901
0.0304799	0.000456433
0.0309642	0.00267424
0.0319072	0.00059126
0.0324458	0.00230864
0.0330684	0.000736003
0.0338315	0.000896333
0.0339411	0.00212956
0.0343738	0.00195389
0.0344453	0.00105995
0.0348652	0.00123677
0.0348895	0.0017695
0.0351299	0.00140978
0.0352813	0.00159315
)
