(title "Skin Friction Coefficient")
(labels "Skin Friction Coefficient" "Position")

((xy/key/label "middleplane_suctionside")
8.44428e-05	0.0425965
0.000134656	0.0418887
0.000151579	0.0433041
0.000255244	0.0440029
0.0002602	0.0411723
0.000311521	0.0591524
0.00033791	0.0447016
0.000349614	0.0599766
0.000370068	0.0607997
0.000392013	0.061625
0.000403811	0.0404558
0.000406572	0.0453912
0.000443294	0.0460808
0.00048549	0.0583304
0.00049451	0.0468912
0.000519457	0.0534074
0.000534088	0.0477015
0.000562704	0.0542254
0.000566743	0.039731
0.000582325	0.0485143
0.000588484	0.0525887
0.000617827	0.0550455
0.000633992	0.0493266
0.000653383	0.0517727
0.000662919	0.0501416
0.000679913	0.0558648
0.000682545	0.0509558
0.00071399	0.143643
0.000731464	0.039006
0.0007634	0.0575074
0.000790084	0.142101
0.00080556	0.142873
0.000806878	0.0566866
0.000852641	0.144411
0.000855898	0.141328
0.000879885	0.129579
0.000883461	0.128786
0.000926983	0.0382731
0.000965547	0.132739
0.00098762	0.127992
0.000988447	0.140555
0.000990904	0.130371
0.0010441	0.133526
0.00106019	0.131951
0.00106753	0.139779
0.00109111	0.131162
0.00112228	0.0375401
0.00113618	0.139002
0.00114077	0.14823
0.00116332	0.147469
0.00119244	0.148601
0.00119896	0.0649273
0.00120068	0.146708
0.00122576	0.127197
0.0012297	0.134312
0.00122977	0.0897658
0.00124056	0.145179
0.00127338	0.148972
0.00128454	0.0889371
0.00130644	0.138223
0.00131205	0.145944
0.0013212	0.135097
0.00133204	0.0624492
0.00133572	0.0367996
0.00134097	0.149343
0.00139321	0.135881
0.00147341	0.136663
0.00147408	0.137444
0.00148012	0.0905909
0.00155924	0.0360589
0.00164224	0.126401
0.0016668	0.149549
0.00177507	0.0353113
0.00179016	0.091418
0.0020139	0.0922427
0.0020139	0.0922427
0.00202033	0.0345636
0.00206128	0.119994
0.00208728	0.119191
0.00209712	0.0930684
0.00210632	0.0881126
0.00215768	0.0938908
0.00216068	0.125604
0.00218112	0.0641003
0.00224752	0.0338094
0.00235513	0.118386
0.00237187	0.0947171
0.00238142	0.0657532
0.00247049	0.120799
0.00248616	0.149652
0.00250398	0.0330552
0.00250398	0.0330552
0.00270184	0.11758
0.00270441	0.0632753
0.002763	0.124806
0.00277092	0.0322952
0.00285548	0.0955387
0.00304382	0.0315354
0.00304694	0.0715473
0.00306234	0.0996547
0.00309536	0.1216
0.00311972	0.100474
0.00313542	0.0707182
0.00314518	0.098833
0.00314579	0.067407
0.00315771	0.116772
0.00321106	0.0723754
0.00332086	0.0980108
0.00332433	0.0307708
0.00333228	0.124006
0.00335473	0.101296
0.00336224	0.0806604
0.00336956	0.0963647
0.00339121	0.0872836
0.00346752	0.0839744
0.00351092	0.0971866
0.00357249	0.0300065
0.00362142	0.122404
0.00366769	0.115964
0.00370133	0.123205
0.00374682	0.0848036
0.00375948	0.079834
0.00376554	0.0773463
0.00377054	0.102114
0.00380625	0.0682353
0.00384319	0.149704
0.00385587	0.0292382
0.00411402	0.0732043
0.00411687	0.0284702
0.00414921	0.0781767
0.00420577	0.0814909
0.00424778	0.115153
0.0043435	0.0665807
0.00437661	0.102936
0.00438782	0.0790047
0.00440478	0.0276991
0.00440997	0.0864586
0.00460681	0.0856305
0.00473254	0.0269284
0.00476815	0.0765191
0.00489293	0.0831475
0.0050162	0.0261561
0.00504902	0.114345
0.00506756	0.103754
0.0053461	0.0253844
0.00540376	0.14973
0.00546484	0.082317
0.00556129	0.104574
0.00564919	0.106209
0.00565588	0.105392
0.00568649	0.0246121
0.00592002	0.107024
0.0059326	0.113533
0.00607974	0.0238405
0.00640089	0.107841
0.00640089	0.107841
0.00641506	0.0230708
0.00653198	0.0740311
0.0065787	0.112724
0.00659038	0.0698909
0.00661841	0.075688
0.00669364	0.0223023
0.00672908	0.108655
0.00676253	0.110285
0.00678098	0.109472
0.00681651	0.1111
0.00683674	0.111912
0.0068615	0.149743
0.00709989	0.0215355
0.00747851	0.0748616
0.00750775	0.0207706
0.00784017	0.0690626
0.00791391	0.0200097
0.00836462	0.019251
0.00840038	0.149749
0.00876051	0.0184982
0.0091903	0.017748
0.00964557	0.0170054
0.010158	0.0162654
0.0107345	0.0155359
0.011351	0.0148092
0.0118978	0.0140962
0.0124075	0.0133865
0.012991	0.0126915
0.013717	0.0120004
0.0144265	0.0113271
0.0152473	0.0106588
0.0160612	0.0100098
0.0169279	0.0093677
0.0178649	8.24209e-05
0.0179395	0.00874669
0.0190892	0.00813306
0.0200073	0.00754529
0.0209204	0.00696551
0.0209405	0.00011253
0.021717	0.00641152
0.0225749	0.00586785
0.0237765	0.00534934
0.0239435	0.000166752
0.025319	0.00484274
0.0265651	0.00436711
0.0266096	0.00024267
0.0278755	0.00390581
0.0287307	0.000341303
0.0289615	0.00347298
0.0299102	0.00305901
0.0304302	0.000456433
0.0309425	0.00267424
0.0318583	0.00059126
0.0324218	0.00230864
0.0330222	0.000736003
0.033787	0.000896333
0.0339135	0.00212956
0.0343438	0.00195389
0.0344019	0.00105995
0.0348242	0.00123677
0.0348557	0.0017695
0.035092	0.00140978
0.0352445	0.00159315
)
