(title "Skin Friction Coefficient")
(labels "Skin Friction Coefficient" "Position")

((xy/key/label "middleplane_suctionside")
7.32514e-05	0.0425965
0.000103056	0.0418887
0.000136777	0.0433041
0.000238561	0.0440029
0.000240806	0.0411723
0.000321548	0.0447016
0.000339034	0.0566866
0.000365043	0.0575074
0.000402555	0.0404558
0.0004152	0.0453912
0.000482902	0.0460808
0.000538304	0.0468912
0.000564224	0.039731
0.000590944	0.0558648
0.000611643	0.0477015
0.000627807	0.0485143
0.000644238	0.0493266
0.00064976	0.0501416
0.00065274	0.0509558
0.000659459	0.0517727
0.000680287	0.0583304
0.000701615	0.0525887
0.000754265	0.039006
0.000761979	0.0550455
0.000762212	0.0534074
0.000769772	0.0542254
0.000854488	0.149704
0.000856526	0.146708
0.000906134	0.061625
0.00091293	0.147469
0.000938709	0.14973
0.000939812	0.0382731
0.00110391	0.0591524
0.00110436	0.145944
0.00111678	0.14823
0.0011381	0.0375401
0.00114298	0.149652
0.00118868	0.148972
0.00120412	0.148601
0.00122899	0.149343
0.00124557	0.115153
0.00127279	0.149549
0.00127749	0.142873
0.00127752	0.142101
0.00130673	0.115964
0.00131263	0.0641003
0.00134955	0.0607997
0.00134963	0.0367996
0.00135547	0.0624492
0.00137789	0.0632753
0.00138791	0.149743
0.00140821	0.0599766
0.00141606	0.143643
0.00143248	0.114345
0.001437	0.141328
0.00151848	0.145179
0.00155522	0.0360589
0.00163775	0.116772
0.00163838	0.113533
0.00164136	0.144411
0.00179223	0.0353113
0.00189005	0.140555
0.00193308	0.0665807
0.00201036	0.112724
0.00201462	0.0345636
0.00202649	0.11758
0.00205705	0.149749
0.00220366	0.067407
0.00226749	0.0338094
0.00237854	0.118386
0.00240019	0.139779
0.00245587	0.111912
0.00251724	0.0330552
0.00251724	0.0330552
0.00261921	0.129579
0.00263604	0.127992
0.00263717	0.128786
0.00264406	0.127197
0.00269978	0.139002
0.00270131	0.0649273
0.0027041	0.1111
0.00271882	0.126401
0.00272144	0.130371
0.00272977	0.119191
0.0027735	0.135881
0.00277764	0.0322952
0.00277892	0.138223
0.00279142	0.135097
0.00279298	0.125604
0.0028139	0.137444
0.00281431	0.136663
0.00282028	0.110285
0.00282843	0.124806
0.0028444	0.134312
0.00286847	0.124006
0.00290844	0.0905909
0.00292417	0.123205
0.00293699	0.131162
0.00294991	0.122404
0.00296338	0.133526
0.0030065	0.109472
0.00302354	0.119994
0.00303173	0.1216
0.00306994	0.131951
0.00307035	0.0315354
0.00307325	0.132739
0.00310287	0.0980108
0.00312131	0.120799
0.00324502	0.098833
0.00330919	0.108655
0.00331463	0.0307708
0.0033857	0.0657532
0.00340936	0.0971866
0.00351843	0.0897658
0.00353793	0.0996547
0.00356626	0.107841
0.00356626	0.107841
0.00358851	0.102114
0.00359459	0.0300065
0.00360108	0.102936
0.00368054	0.082317
0.00369393	0.101296
0.00370423	0.107024
0.00372248	0.100474
0.00372971	0.103754
0.00378936	0.106209
0.00382569	0.104574
0.00385226	0.0292382
0.00385481	0.105392
0.00404902	0.0698909
0.00410309	0.0690626
0.004118	0.0284702
0.00418875	0.091418
0.00426249	0.0963647
0.00442833	0.0276991
0.0047204	0.0269284
0.00500972	0.0831475
0.00503225	0.0889371
0.00504654	0.0261561
0.00506381	0.0682353
0.00519865	0.0814909
0.00533802	0.0253844
0.00540435	0.0955387
0.00542323	0.0715473
0.00565656	0.0839744
0.0056834	0.0246121
0.00580123	0.0707182
0.00609389	0.0238405
0.00639371	0.0230708
0.00640728	0.0922427
0.00640728	0.0922427
0.00643514	0.0848036
0.00644922	0.0881126
0.00672227	0.0223023
0.00673286	0.0947171
0.00692632	0.0864586
0.00705354	0.0856305
0.00709701	0.0215355
0.00713279	0.0872836
0.00722264	0.0723754
0.0075092	0.0207706
0.00763341	0.0748616
0.00769603	0.0765191
0.00780617	0.0930684
0.00782586	0.0938908
0.00785133	0.075688
0.00791892	0.0773463
0.00793037	0.0200097
0.00834355	0.019251
0.00840303	0.0740311
0.00877626	0.0184982
0.00897586	0.0732043
0.00918341	0.017748
0.00964187	0.0170054
0.009856	0.0781767
0.00998122	0.0806604
0.0101705	0.0162654
0.0107239	0.0155359
0.011362	0.0148092
0.0118895	0.0140962
0.0123999	0.0133865
0.0130019	0.0126915
0.0137083	0.0120004
0.0139644	0.0790047
0.0144351	0.0113271
0.0149257	0.079834
0.0152388	0.0106588
0.0160563	0.0100098
0.0169322	0.0093677
0.0178554	8.24209e-05
0.0179311	0.00874669
0.0191041	0.00813306
0.019995	0.00754529
0.0209127	0.00696551
0.0209315	0.00011253
0.0217218	0.00641152
0.0225655	0.00586785
0.0237788	0.00534934
0.0239354	0.000166752
0.0253176	0.00484274
0.0265591	0.00436711
0.0266026	0.00024267
0.0278755	0.00390581
0.0287246	0.000341303
0.0289589	0.00347298
0.0299075	0.00305901
0.0304249	0.000456433
0.0309404	0.00267424
0.0318536	0.00059126
0.032419	0.00230864
0.0330179	0.000736003
0.033783	0.000896333
0.0339103	0.00212956
0.0343405	0.00195389
0.0343982	0.00105995
0.0348205	0.00123677
0.0348522	0.0017695
0.0350888	0.00140978
0.0352411	0.00159315
)
