(title "Skin Friction Coefficient")
(labels "Skin Friction Coefficient" "Position")

((xy/key/label "middleplane_suctionside")
5.65548e-05	0.0425965
8.50372e-05	0.0418887
0.000153892	0.0433041
0.000215251	0.0411723
0.000265177	0.0440029
0.000356548	0.0447016
0.000357077	0.0558648
0.000361705	0.0404558
0.000438659	0.0453912
0.000481761	0.0460808
0.000487519	0.0550455
0.000489472	0.0566866
0.000524076	0.0599766
0.000525893	0.039731
0.000533742	0.127992
0.000534588	0.0468912
0.000554684	0.0542254
0.00055779	0.0607997
0.00056193	0.0477015
0.000573023	0.0485143
0.000596701	0.0534074
0.000597533	0.128786
0.00059976	0.0493266
0.000621566	0.0501416
0.000653915	0.127197
0.000668042	0.0509558
0.000697141	0.039006
0.000706715	0.0525887
0.000710131	0.0517727
0.000730022	0.129579
0.000790192	0.0575074
0.000826442	0.0591524
0.00086006	0.130371
0.000876907	0.126401
0.000897388	0.0382731
0.000903195	0.149704
0.000938009	0.149652
0.00094528	0.0583304
0.000945648	0.14973
0.000965691	0.131162
0.00102157	0.149743
0.00103399	0.123205
0.00104912	0.125604
0.00104926	0.131951
0.00105287	0.149549
0.00106512	0.0624492
0.00107366	0.124006
0.00109232	0.0375401
0.00112441	0.124806
0.0011537	0.135097
0.00119	0.132739
0.0011908	0.135881
0.00120616	0.0632753
0.00122287	0.149343
0.00124916	0.134312
0.00125113	0.122404
0.00127575	0.0657532
0.00129668	0.133526
0.00130948	0.0367996
0.00135716	0.143643
0.00136603	0.116772
0.00136656	0.061625
0.00139709	0.144411
0.00144807	0.148972
0.00145979	0.136663
0.00152356	0.142873
0.00152563	0.0360589
0.0015463	0.104574
0.00158605	0.149749
0.00169457	0.148601
0.0017295	0.142101
0.0017318	0.11758
0.00174574	0.0353113
0.00179645	0.0665807
0.00182782	0.115964
0.00183016	0.105392
0.00183306	0.0971866
0.00185362	0.145179
0.00187319	0.1216
0.00191909	0.137444
0.00193144	0.141328
0.00198577	0.103754
0.0019883	0.0345636
0.00204655	0.14823
0.00208433	0.0790047
0.00212143	0.079834
0.00217051	0.140555
0.00218543	0.0980108
0.00221749	0.0338094
0.00224453	0.098833
0.00225722	0.0963647
0.00236834	0.138223
0.00239156	0.120799
0.0024052	0.118386
0.00244163	0.139779
0.00244304	0.145944
0.00248193	0.0330552
0.00248193	0.0330552
0.00250055	0.147469
0.00250208	0.119994
0.00254925	0.115153
0.0025653	0.139002
0.00258601	0.119191
0.00264186	0.102936
0.00267775	0.146708
0.00268818	0.0649273
0.00272117	0.106209
0.0027432	0.0322952
0.00275615	0.0641003
0.00282379	0.0996547
0.00283591	0.0781767
0.00285535	0.0732043
0.00302692	0.0315354
0.00304368	0.0690626
0.00313218	0.0806604
0.00318882	0.114345
0.00325905	0.102114
0.00330048	0.0307708
0.00355114	0.0300065
0.00361354	0.100474
0.00367658	0.113533
0.00374082	0.101296
0.00374652	0.107024
0.00378844	0.0682353
0.003838	0.0292382
0.00384377	0.0773463
0.00403808	0.112724
0.00409166	0.0284702
0.00413876	0.067407
0.00424044	0.111912
0.00424513	0.1111
0.004362	0.110285
0.00439331	0.0276991
0.00446971	0.107841
0.00446971	0.107841
0.00460721	0.109472
0.00461857	0.0955387
0.00466626	0.0723754
0.00470034	0.108655
0.0047111	0.0269284
0.0047724	0.0814909
0.00500347	0.0261561
0.00533432	0.0253844
0.00566592	0.0246121
0.0057956	0.0740311
0.00591073	0.0698909
0.00607474	0.0238405
0.00639425	0.0230708
0.0066851	0.0223023
0.00699112	0.082317
0.00700129	0.0947171
0.00709506	0.0215355
0.00749148	0.0207706
0.0077148	0.0765191
0.00791341	0.0200097
0.00803015	0.0848036
0.00810069	0.0715473
0.00816087	0.0831475
0.00832215	0.0839744
0.00834834	0.019251
0.00855318	0.0938908
0.00875061	0.0184982
0.00903865	0.0707182
0.00908957	0.0856305
0.00918403	0.017748
0.00963035	0.0170054
0.0101563	0.0162654
0.0106345	0.0930684
0.0107271	0.0155359
0.0113479	0.0148092
0.0118923	0.0140962
0.0121777	0.0864586
0.0123953	0.0133865
0.0125432	0.0748616
0.0129859	0.0126915
0.013353	0.0922427
0.013353	0.0922427
0.0135216	0.075688
0.0137073	0.0120004
0.0144266	0.0113271
0.0149609	0.0872836
0.0152415	0.0106588
0.0153192	0.091418
0.0160503	0.0100098
0.0162126	0.0905909
0.0162744	0.0897658
0.0164007	0.0889371
0.016405	0.0881126
0.0169293	0.0093677
0.0178865	8.24209e-05
0.0179307	0.00874669
0.0190909	0.00813306
0.0200055	0.00754529
0.0209105	0.00696551
0.0209616	0.00011253
0.0217203	0.00641152
0.0225707	0.00586785
0.0237758	0.00534934
0.0239663	0.000166752
0.0253221	0.00484274
0.0265641	0.00436711
0.0266323	0.00024267
0.0278782	0.00390581
0.0287533	0.000341303
0.0289656	0.00347298
0.0299148	0.00305901
0.0304519	0.000456433
0.0309488	0.00267424
0.0318791	0.00059126
0.0324294	0.00230864
0.0330417	0.000736003
0.0338053	0.000896333
0.0339227	0.00212956
0.0343542	0.00195389
0.0344192	0.00105995
0.0348401	0.00123677
0.0348679	0.0017695
0.0351062	0.00140978
0.0352581	0.00159315
)
