(title "Skin Friction Coefficient")
(labels "Skin Friction Coefficient" "Position")

((xy/key/label "middleplane_suctionside")
6.70756e-05	0.0425965
7.91687e-05	0.0418887
0.000181164	0.0433041
0.000206886	0.0411723
0.000293726	0.0440029
0.000351735	0.0404558
0.000379479	0.0447016
0.000447452	0.0453912
0.000453991	0.0558648
0.000467862	0.0550455
0.000469041	0.0599766
0.000486381	0.0460808
0.00051153	0.0542254
0.000516649	0.039731
0.000519056	0.0534074
0.000535352	0.0468912
0.000548039	0.137444
0.000558249	0.0477015
0.000588322	0.0485143
0.000590764	0.138223
0.000593097	0.142873
0.000598802	0.136663
0.000609237	0.143643
0.000624492	0.0493266
0.00065247	0.0525887
0.000658847	0.142101
0.00065915	0.0566866
0.000660473	0.135881
0.000661001	0.0501416
0.000679725	0.144411
0.000683318	0.039006
0.000711717	0.0509558
0.000712802	0.0607997
0.000722136	0.139002
0.000728068	0.145179
0.000734146	0.0517727
0.000740382	0.141328
0.000750226	0.135097
0.000807216	0.140555
0.000814024	0.139779
0.000837964	0.0591524
0.000881075	0.0382731
0.000886529	0.134312
0.00089783	0.145944
0.000917912	0.0575074
0.000955883	0.0583304
0.00103384	0.133526
0.00107901	0.0375401
0.00113534	0.146708
0.00115055	0.129579
0.00116479	0.130371
0.00118234	0.132739
0.00118749	0.110285
0.00119459	0.109472
0.00120062	0.147469
0.00124322	0.14823
0.00126394	0.131162
0.00128312	0.131951
0.00129351	0.0367996
0.00129842	0.149549
0.00130021	0.148601
0.00131469	0.148972
0.00132473	0.149343
0.00135213	0.149652
0.00138502	0.128786
0.00139986	0.1111
0.00149278	0.120799
0.00150252	0.119994
0.00152042	0.0360589
0.00153235	0.061625
0.00167351	0.111912
0.00167565	0.108655
0.00168684	0.149704
0.00171961	0.119191
0.00172701	0.127992
0.00173677	0.0353113
0.0017619	0.0624492
0.00176726	0.1216
0.00186378	0.118386
0.00188298	0.0657532
0.00196014	0.127197
0.00198531	0.0345636
0.00199349	0.112724
0.00203467	0.11758
0.00212622	0.126401
0.00214678	0.122404
0.00221078	0.14973
0.00221551	0.0338094
0.00231547	0.113533
0.0023163	0.125604
0.00232595	0.116772
0.00243232	0.0649273
0.00243405	0.107841
0.00243405	0.107841
0.00244594	0.0723754
0.00247255	0.0330552
0.00247255	0.0330552
0.00247858	0.114345
0.00250151	0.115964
0.00250179	0.115153
0.00252566	0.123205
0.00254762	0.124806
0.00265921	0.0632753
0.00268761	0.124006
0.00271895	0.149743
0.00274436	0.0322952
0.00283844	0.101296
0.0028551	0.100474
0.0030162	0.0315354
0.00303461	0.102114
0.00306904	0.107024
0.00310809	0.0740311
0.00322089	0.102936
0.00323979	0.149749
0.00330072	0.0307708
0.00334788	0.103754
0.00334979	0.0732043
0.0033632	0.0996547
0.00345119	0.0922427
0.00345119	0.0922427
0.00345259	0.106209
0.00346762	0.104574
0.00355016	0.0300065
0.00356169	0.105392
0.00359863	0.0715473
0.00364358	0.0641003
0.00379897	0.0930684
0.0038342	0.0292382
0.00389266	0.091418
0.00390729	0.0748616
0.00410025	0.0284702
0.00423309	0.098833
0.00431293	0.0665807
0.0043859	0.0276991
0.00446402	0.0682353
0.00464311	0.0938908
0.00471884	0.0269284
0.00488849	0.0905909
0.0050033	0.0261561
0.00520425	0.0980108
0.00533174	0.0253844
0.00555219	0.067407
0.00563455	0.075688
0.00564515	0.0947171
0.00567669	0.0246121
0.00576728	0.0765191
0.00580443	0.0897658
0.00602468	0.0773463
0.00606698	0.0238405
0.00607556	0.0848036
0.00617029	0.0971866
0.00634942	0.0889371
0.00639717	0.0955387
0.00640677	0.0230708
0.00650858	0.0839744
0.00664632	0.0963647
0.00665209	0.0856305
0.006686	0.0223023
0.00670425	0.0881126
0.00685936	0.0831475
0.00706492	0.082317
0.0070741	0.0872836
0.00709008	0.0215355
0.00715242	0.0690626
0.00719914	0.0864586
0.00750322	0.0207706
0.00790646	0.0200097
0.00816366	0.0781767
0.00819837	0.0814909
0.00834672	0.0707182
0.00835948	0.019251
0.00875714	0.0184982
0.00918472	0.017748
0.00920846	0.0806604
0.00964249	0.0170054
0.00986388	0.079834
0.00993707	0.0790047
0.0101536	0.0162654
0.0107318	0.0155359
0.0108045	0.0698909
0.0113494	0.0148092
0.011897	0.0140962
0.0124083	0.0133865
0.0129892	0.0126915
0.0137183	0.0120004
0.0144295	0.0113271
0.0152509	0.0106588
0.0160652	0.0100098
0.016933	0.0093677
0.0179462	0.00874669
0.0180335	8.24209e-05
0.0190971	0.00813306
0.0200197	0.00754529
0.0209326	0.00696551
0.0211058	0.00011253
0.0217305	0.00641152
0.0225918	0.00586785
0.0237941	0.00534934
0.0241028	0.000166752
0.0253422	0.00484274
0.0265912	0.00436711
0.0267461	0.00024267
0.0279066	0.00390581
0.0288575	0.000341303
0.0289997	0.00347298
0.0299526	0.00305901
0.0305504	0.000456433
0.0309901	0.00267424
0.0319728	0.00059126
0.032475	0.00230864
0.0331279	0.000736003
0.0338897	0.000896333
0.0339743	0.00212956
0.0344098	0.00195389
0.0345021	0.00105995
0.0349171	0.00123677
0.0349309	0.0017695
0.0351767	0.00140978
0.0353265	0.00159315
)
