(title "Skin Friction Coefficient")
(labels "Skin Friction Coefficient" "Position")

((xy/key/label "middleplane_suctionside")
6.47004e-05	0.0425965
8.11408e-05	0.0418887
0.000149331	0.0433041
0.000194391	0.0566866
0.000211895	0.0411723
0.000253273	0.0440029
0.000338719	0.0447016
0.000362575	0.0575074
0.000371521	0.0404558
0.000417655	0.0558648
0.000434856	0.0453912
0.000492186	0.0460808
0.000531509	0.039731
0.00054462	0.0468912
0.000605176	0.0477015
0.000610335	0.0485143
0.000624012	0.0493266
0.000624429	0.0501416
0.000630338	0.0509558
0.000654295	0.0517727
0.000656722	0.0550455
0.00066643	0.128786
0.000711329	0.0542254
0.00071575	0.039006
0.000728246	0.0525887
0.000747727	0.0534074
0.000762821	0.127992
0.000767323	0.0583304
0.000825011	0.061625
0.000862863	0.129579
0.000909296	0.0382731
0.000918292	0.149343
0.000921254	0.0607997
0.000939291	0.144411
0.000977925	0.149549
0.00101918	0.127197
0.00102224	0.132739
0.00103896	0.148972
0.00104915	0.131951
0.00109078	0.0591524
0.00110236	0.0375401
0.00111131	0.130371
0.00112901	0.104574
0.00113089	0.131162
0.00114727	0.133526
0.00116167	0.145179
0.00116553	0.0599766
0.0012427	0.0641003
0.00128607	0.148601
0.00129928	0.126401
0.0013205	0.0367996
0.00132205	0.149652
0.00142297	0.143643
0.00145706	0.134312
0.00149796	0.0632753
0.00150159	0.14823
0.00152401	0.0360589
0.00157685	0.103754
0.00161212	0.0624492
0.00163569	0.125604
0.00166758	0.136663
0.00167913	0.135881
0.00168407	0.145944
0.00171335	0.135097
0.00175819	0.0353113
0.00177741	0.147469
0.00183559	0.137444
0.00192941	0.146708
0.001961	0.138223
0.00197833	0.142873
0.00198651	0.0345636
0.00199767	0.141328
0.0020565	0.149704
0.00206173	0.142101
0.00208616	0.139002
0.00208659	0.124806
0.00209185	0.140555
0.00217297	0.139779
0.00217364	0.067407
0.00217709	0.105392
0.00222732	0.0338094
0.0024293	0.0665807
0.00248959	0.0330552
0.00248959	0.0330552
0.00249068	0.0649273
0.00250211	0.124006
0.00261515	0.119191
0.00266229	0.119994
0.00266818	0.118386
0.00273492	0.11758
0.0027432	0.0322952
0.00280616	0.123205
0.00282511	0.120799
0.00293198	0.1216
0.00294174	0.116772
0.0029434	0.122404
0.00298187	0.14973
0.00300421	0.0897658
0.00301739	0.082317
0.00304157	0.0315354
0.00316102	0.102936
0.00326513	0.115964
0.00328955	0.0657532
0.00329219	0.0307708
0.00339137	0.106209
0.00344673	0.0814909
0.00355453	0.115153
0.00355908	0.0300065
0.0036915	0.100474
0.00375528	0.0905909
0.00380047	0.114345
0.00383367	0.0292382
0.00389114	0.149743
0.00393417	0.0889371
0.00394024	0.113533
0.0039633	0.101296
0.00398715	0.0698909
0.0040265	0.0996547
0.00403623	0.112724
0.00408638	0.0284702
0.0040979	0.0856305
0.00410654	0.102114
0.00413654	0.107024
0.00415992	0.111912
0.00419195	0.0831475
0.00420331	0.079834
0.00423475	0.0864586
0.00424597	0.1111
0.0042955	0.0690626
0.00430889	0.0682353
0.00434314	0.110285
0.00440242	0.0276991
0.0044241	0.0806604
0.00443668	0.0848036
0.00444588	0.0740311
0.0044522	0.109472
0.00452324	0.107841
0.00452324	0.107841
0.00455183	0.108655
0.00469668	0.0732043
0.00469956	0.0269284
0.00477437	0.0839744
0.00480115	0.0872836
0.00492258	0.0881126
0.00501509	0.0261561
0.00504393	0.0790047
0.00505271	0.098833
0.00532533	0.0253844
0.00544636	0.091418
0.00565526	0.149749
0.00565614	0.0246121
0.00607471	0.0238405
0.00625636	0.0748616
0.00637756	0.0230708
0.0066301	0.0922427
0.0066301	0.0922427
0.00667793	0.0980108
0.00669476	0.0223023
0.00679412	0.0781767
0.00684771	0.0707182
0.00693924	0.0723754
0.00702571	0.0773463
0.0070861	0.0215355
0.00727934	0.0930684
0.00746157	0.0765191
0.00748456	0.0207706
0.00779534	0.0938908
0.00791461	0.0200097
0.00796484	0.075688
0.00833123	0.019251
0.00842382	0.0971866
0.00851856	0.0715473
0.00853481	0.0947171
0.00875324	0.0184982
0.00917298	0.017748
0.00919698	0.0955387
0.00930336	0.0963647
0.0096221	0.0170054
0.0101555	0.0162654
0.0107148	0.0155359
0.0113477	0.0148092
0.0118812	0.0140962
0.0123872	0.0133865
0.012986	0.0126915
0.0136992	0.0120004
0.0144266	0.0113271
0.0152318	0.0106588
0.0160469	0.0100098
0.0169298	0.0093677
0.0179273	0.00874669
0.017997	8.24209e-05
0.0190999	0.00813306
0.0200017	0.00754529
0.0209117	0.00696551
0.0210705	0.00011253
0.0217279	0.00641152
0.0225738	0.00586785
0.0237872	0.00534934
0.0240705	0.000166752
0.0253331	0.00484274
0.0265755	0.00436711
0.0267201	0.00024267
0.0278977	0.00390581
0.0288343	0.000341303
0.028988	0.00347298
0.0299402	0.00305901
0.0305287	0.000456433
0.0309781	0.00267424
0.0319527	0.00059126
0.0324627	0.00230864
0.0331099	0.000736003
0.0338714	0.000896333
0.0339613	0.00212956
0.0343964	0.00195389
0.0344839	0.00105995
0.0349001	0.00123677
0.0349162	0.0017695
0.035161	0.00140978
0.035311	0.00159315
)
