(title "Skin Friction Coefficient")
(labels "Skin Friction Coefficient" "Position")

((xy/key/label "middleplane_suctionside")
6.77681e-05	0.0425965
0.000106582	0.0418887
0.000148433	0.0433041
0.000208031	0.0607997
0.000242219	0.0411723
0.000261358	0.0440029
0.000348318	0.0447016
0.000366148	0.0599766
0.000400205	0.0404558
0.000436047	0.0453912
0.000440559	0.14823
0.000471344	0.061625
0.000476216	0.0460808
0.00052228	0.0468912
0.000529944	0.0591524
0.000530112	0.147469
0.000558023	0.039731
0.000580779	0.0477015
0.000615346	0.0485143
0.000627299	0.0534074
0.000637019	0.0542254
0.000661122	0.0525887
0.000661131	0.0624492
0.000677007	0.0493266
0.000680151	0.0558648
0.000692553	0.0583304
0.000693913	0.0517727
0.000700203	0.0550455
0.000704863	0.0501416
0.000710345	0.148601
0.000712509	0.0566866
0.000725718	0.0509558
0.000734246	0.039006
0.000755228	0.0575074
0.000910647	0.146708
0.000929206	0.0382731
0.00105545	0.148972
0.00107981	0.0897658
0.00112162	0.0375401
0.00123854	0.0657532
0.00125379	0.139002
0.00132226	0.139779
0.00134366	0.0367996
0.00134972	0.145944
0.00135313	0.138223
0.00136045	0.149343
0.00136837	0.0632753
0.00142172	0.0905909
0.0014575	0.0889371
0.00148347	0.129579
0.00153348	0.137444
0.00155178	0.0360589
0.00156226	0.149549
0.00156757	0.130371
0.00168871	0.149652
0.00169839	0.0996547
0.00172693	0.136663
0.001732	0.140555
0.00175074	0.100474
0.00178264	0.0353113
0.00182116	0.0864586
0.00182232	0.149704
0.00193445	0.114345
0.0019553	0.135881
0.00197458	0.14973
0.00198049	0.0881126
0.00198517	0.128786
0.00199492	0.098833
0.00201389	0.0345636
0.0020582	0.149749
0.00206992	0.101296
0.00210362	0.113533
0.00211012	0.149743
0.00213747	0.145179
0.00214925	0.0872836
0.00216647	0.0665807
0.00221839	0.135097
0.00224785	0.0338094
0.00225361	0.131162
0.00225612	0.0649273
0.00229732	0.0856305
0.00236365	0.106209
0.00236655	0.127992
0.00244201	0.134312
0.00244875	0.115153
0.00246027	0.107024
0.00248175	0.0980108
0.00250808	0.105392
0.00250997	0.0330552
0.00250997	0.0330552
0.00253711	0.112724
0.00254595	0.141328
0.00254987	0.119191
0.00256099	0.102114
0.00260785	0.079834
0.00260845	0.091418
0.00262273	0.118386
0.00263122	0.0641003
0.00269178	0.107841
0.00269178	0.107841
0.00273027	0.0682353
0.00276131	0.0322952
0.00279252	0.127197
0.00279356	0.0790047
0.00279457	0.104574
0.00279756	0.133526
0.00288263	0.131951
0.00291524	0.0971866
0.00296246	0.102936
0.00296583	0.111912
0.00297767	0.115964
0.00299325	0.108655
0.00300542	0.0806604
0.00301574	0.103754
0.00305607	0.0315354
0.00310051	0.11758
0.00313647	0.132739
0.00317184	0.116772
0.0032625	0.144411
0.00328583	0.0781767
0.00328996	0.1111
0.00329762	0.109472
0.00331352	0.0307708
0.00334643	0.119994
0.00336452	0.0963647
0.00337816	0.126401
0.00341994	0.110285
0.00354805	0.142101
0.00357355	0.0300065
0.00366561	0.0922427
0.00366561	0.0922427
0.00369127	0.0690626
0.0038393	0.0955387
0.0038545	0.0292382
0.00404006	0.067407
0.00408881	0.125604
0.00410116	0.0284702
0.00411292	0.143643
0.00420737	0.0930684
0.00420874	0.0740311
0.00421257	0.142873
0.0042939	0.0732043
0.0043448	0.120799
0.00436222	0.0947171
0.0043728	0.0848036
0.00440846	0.0814909
0.0044138	0.0276991
0.00456028	0.0938908
0.00464639	0.124806
0.00471556	0.0269284
0.00478092	0.123205
0.00479515	0.124006
0.00482429	0.1216
0.00486543	0.122404
0.00501937	0.0261561
0.00512197	0.0723754
0.00534172	0.0253844
0.00565099	0.0773463
0.00566741	0.0246121
0.00600017	0.0748616
0.00608469	0.0238405
0.00635796	0.082317
0.00639396	0.0230708
0.00660967	0.0839744
0.00669493	0.0223023
0.00681025	0.0715473
0.00709868	0.0215355
0.00743759	0.0831475
0.00749271	0.0207706
0.00791885	0.0200097
0.00832584	0.0698909
0.00834764	0.019251
0.00875455	0.0184982
0.0088417	0.075688
0.00887396	0.0765191
0.00899597	0.0707182
0.00918465	0.017748
0.00963072	0.0170054
0.0101572	0.0162654
0.0107261	0.0155359
0.0113481	0.0148092
0.0118928	0.0140962
0.0123988	0.0133865
0.0129873	0.0126915
0.0137111	0.0120004
0.0144277	0.0113271
0.0152439	0.0106588
0.0160581	0.0100098
0.0169321	0.0093677
0.0179399	0.00874669
0.0180278	8.24209e-05
0.0190983	0.00813306
0.0200142	0.00754529
0.0209265	0.00696551
0.0211036	0.00011253
0.0217304	0.00641152
0.0225862	0.00586785
0.0237941	0.00534934
0.0241045	0.000166752
0.0253421	0.00484274
0.0265891	0.00436711
0.0267529	0.00024267
0.0279078	0.00390581
0.0288662	0.000341303
0.0290009	0.00347298
0.0299542	0.00305901
0.0305594	0.000456433
0.030993	0.00267424
0.0319818	0.00059126
0.032479	0.00230864
0.0331373	0.000736003
0.0338984	0.000896333
0.0339792	0.00212956
0.0344154	0.00195389
0.0345103	0.00105995
0.0349249	0.00123677
0.0349374	0.0017695
0.0351842	0.00140978
0.0353338	0.00159315
)
