(title "Skin Friction Coefficient")
(labels "Skin Friction Coefficient" "Position")

((xy/key/label "middleplane_suctionside")
6.60848e-05	0.0425965
7.708e-05	0.0418887
0.00017384	0.0433041
0.00020942	0.0411723
0.000277321	0.0440029
0.000334846	0.0558648
0.000359685	0.0447016
0.000365806	0.0404558
0.000372662	0.0566866
0.000407433	0.136663
0.000443104	0.0453912
0.000491394	0.0460808
0.000518876	0.137444
0.000539178	0.039731
0.000547584	0.0550455
0.000563889	0.0468912
0.000564147	0.0607997
0.000588143	0.135881
0.000620329	0.0477015
0.000633262	0.0485143
0.000636905	0.0542254
0.000638867	0.0501416
0.000639141	0.138223
0.000645945	0.0493266
0.000659291	0.0509558
0.000693744	0.0575074
0.000697916	0.0534074
0.000704206	0.0517727
0.000709161	0.039006
0.000709259	0.0599766
0.000760663	0.0525887
0.00084883	0.135097
0.000854741	0.139002
0.000906177	0.0382731
0.000931243	0.0591524
0.000948053	0.130371
0.000960492	0.0583304
0.00102071	0.134312
0.0010992	0.0375401
0.00124484	0.139779
0.00125172	0.129579
0.00125553	0.061625
0.0013085	0.0367996
0.00135514	0.0624492
0.00147448	0.133526
0.00152827	0.131162
0.00153448	0.0360589
0.00157875	0.140555
0.00162811	0.128786
0.00166859	0.0632753
0.00175201	0.0353113
0.00175749	0.127992
0.00186884	0.0657532
0.00192884	0.141328
0.00200214	0.0345636
0.00205798	0.132739
0.00211408	0.0665807
0.00218695	0.131951
0.00219899	0.0790047
0.00219927	0.127197
0.0022364	0.0338094
0.00234116	0.142101
0.00244158	0.149652
0.00245894	0.149704
0.00248876	0.0330552
0.00248876	0.0330552
0.00249574	0.149549
0.00258966	0.14973
0.00263812	0.142873
0.00263844	0.149343
0.00276342	0.0322952
0.00279839	0.149743
0.00281006	0.143643
0.00281445	0.0723754
0.00283848	0.148972
0.00302839	0.0315354
0.00305938	0.126401
0.00309119	0.148601
0.00310679	0.144411
0.00311051	0.149749
0.00322214	0.0897658
0.0033072	0.0307708
0.00338267	0.0682353
0.00340903	0.0641003
0.0034503	0.14823
0.00345318	0.0930684
0.00349107	0.0905909
0.0035072	0.0938908
0.00356218	0.0300065
0.00358211	0.0740311
0.00359155	0.0922427
0.00359155	0.0922427
0.00359279	0.145179
0.00359814	0.0649273
0.00360209	0.0732043
0.00362026	0.0781767
0.00368502	0.091418
0.00377035	0.082317
0.00377063	0.0715473
0.00377874	0.0947171
0.00383323	0.0292382
0.00384407	0.0889371
0.00389626	0.147469
0.00403629	0.145944
0.0040389	0.0955387
0.00404776	0.125604
0.00411339	0.0284702
0.00416123	0.146708
0.00418283	0.079834
0.00420826	0.0963647
0.00423456	0.0814909
0.00425613	0.114345
0.00430491	0.0971866
0.00439182	0.0276991
0.00439977	0.115153
0.00442059	0.0748616
0.0044447	0.113533
0.00446436	0.0980108
0.00457135	0.0690626
0.00472206	0.0269284
0.00472875	0.098833
0.00474987	0.115964
0.00475088	0.067407
0.00492646	0.107024
0.00501169	0.106209
0.00501548	0.0261561
0.005032	0.124806
0.00503386	0.0996547
0.00503778	0.116772
0.00505286	0.112724
0.00505934	0.107841
0.00505934	0.107841
0.00515522	0.105392
0.00524144	0.11758
0.00531877	0.0806604
0.00532217	0.0253844
0.00532657	0.104574
0.00534483	0.100474
0.00541717	0.108655
0.00549488	0.0881126
0.00561449	0.103754
0.0056404	0.111912
0.00564592	0.101296
0.00568331	0.0246121
0.00583411	0.109472
0.00584908	0.102936
0.00585085	0.102114
0.00587463	0.124006
0.00593072	0.1111
0.00594943	0.118386
0.00602192	0.110285
0.00606175	0.0238405
0.00622973	0.0831475
0.00640006	0.0230708
0.0064768	0.075688
0.00659687	0.123205
0.00666973	0.119191
0.00670072	0.0223023
0.0068964	0.0773463
0.00703611	0.0872836
0.00707926	0.0215355
0.00713516	0.119994
0.00718816	0.122404
0.00747671	0.1216
0.00748842	0.120799
0.00750695	0.0207706
0.00790565	0.0200097
0.0079192	0.0765191
0.00801927	0.0864586
0.00834781	0.019251
0.00856658	0.0707182
0.00876658	0.0184982
0.00917164	0.017748
0.00919218	0.0856305
0.00935541	0.0839744
0.00964519	0.0170054
0.00993221	0.0698909
0.0101535	0.0162654
0.0102396	0.0848036
0.0107186	0.0155359
0.0113518	0.0148092
0.0118823	0.0140962
0.0124038	0.0133865
0.0129938	0.0126915
0.0137155	0.0120004
0.0144219	0.0113271
0.0152377	0.0106588
0.0160673	0.0100098
0.0169283	0.0093677
0.0179439	0.00874669
0.0180591	8.24209e-05
0.0191032	0.00813306
0.0200095	0.00754529
0.0209329	0.00696551
0.0211324	0.00011253
0.0217318	0.00641152
0.0225871	0.00586785
0.0237993	0.00534934
0.0241292	0.000166752
0.0253437	0.00484274
0.0265926	0.00436711
0.0267701	0.00024267
0.0279134	0.00390581
0.0288812	0.000341303
0.0290062	0.00347298
0.0299605	0.00305901
0.0305742	0.000456433
0.0309998	0.00267424
0.0319965	0.00059126
0.0324867	0.00230864
0.0331511	0.000736003
0.0339127	0.000896333
0.0339884	0.00212956
0.0344253	0.00195389
0.0345245	0.00105995
0.0349383	0.00123677
0.0349486	0.0017695
0.0351963	0.00140978
0.0353457	0.00159315
)
