(title "Skin Friction Coefficient")
(labels "Skin Friction Coefficient" "Position")

((xy/key/label "middleplane_suctionside")
6.87768e-05	0.0425965
8.79641e-05	0.0418887
0.000156985	0.0433041
0.000223775	0.0411723
0.00027135	0.0440029
0.000362647	0.0447016
0.000383432	0.0404558
0.000459924	0.124006
0.00046068	0.0453912
0.000465422	0.0607997
0.000516104	0.0460808
0.000523365	0.124806
0.000528716	0.142101
0.000536673	0.0566866
0.000542394	0.0558648
0.000543132	0.039731
0.000549126	0.061625
0.00055984	0.0468912
0.00057145	0.123205
0.000597005	0.141328
0.000616589	0.0477015
0.000629974	0.0485143
0.000652941	0.0550455
0.00066807	0.0542254
0.000673272	0.0493266
0.00070319	0.0534074
0.000703671	0.0501416
0.000708963	0.0575074
0.000730502	0.039006
0.000732391	0.125604
0.000736742	0.0509558
0.000741711	0.0525887
0.000745193	0.0517727
0.000761787	0.122404
0.000773407	0.0599766
0.000874925	0.0583304
0.000882661	0.0591524
0.000892319	0.126401
0.000913572	0.0624492
0.000923664	0.0382731
0.000974252	0.140555
0.000974875	0.091418
0.0010376	0.127197
0.00104498	0.130371
0.00107611	0.131162
0.00107783	0.1216
0.00112298	0.0375401
0.00113991	0.0922427
0.00113991	0.0922427
0.001147	0.142873
0.00119885	0.127992
0.00120118	0.129579
0.00121603	0.0632753
0.001241	0.131951
0.00128833	0.148972
0.0013272	0.128786
0.00134248	0.0367996
0.00134622	0.135881
0.00134855	0.139779
0.00137824	0.0905909
0.00139915	0.135097
0.00145598	0.120799
0.00150729	0.136663
0.00151889	0.0665807
0.0015489	0.0360589
0.0015703	0.0930684
0.0015836	0.148601
0.00159754	0.132739
0.00162535	0.0806604
0.00165814	0.134312
0.00168071	0.139002
0.00172235	0.143643
0.00174914	0.137444
0.00176797	0.079834
0.00178508	0.0353113
0.00182081	0.133526
0.00185313	0.138223
0.00186674	0.149343
0.00193171	0.119994
0.00193865	0.0740311
0.00200265	0.14823
0.00200912	0.0345636
0.00202052	0.0748616
0.00203154	0.116772
0.0020546	0.115964
0.00214779	0.0641003
0.00215465	0.0938908
0.00220291	0.0897658
0.0022553	0.0338094
0.00226926	0.144411
0.0022797	0.0732043
0.00241816	0.067407
0.00243341	0.0864586
0.00245551	0.11758
0.00249812	0.115153
0.00249986	0.119191
0.00251214	0.0330552
0.00251214	0.0330552
0.00255816	0.0657532
0.00258287	0.147469
0.00269188	0.0790047
0.00274492	0.0814909
0.00276063	0.118386
0.00276871	0.0322952
0.0027758	0.0856305
0.00283125	0.0947171
0.00289555	0.114345
0.00292519	0.0649273
0.00303978	0.113533
0.00306828	0.0315354
0.00307111	0.112724
0.00310818	0.0889371
0.00313715	0.145179
0.00318495	0.111912
0.00324197	0.0872836
0.00326106	0.146708
0.0032873	0.149549
0.00331538	0.0307708
0.00342666	0.0955387
0.0034392	0.0690626
0.00349858	0.145944
0.0035123	0.1111
0.00358823	0.0300065
0.00362251	0.0881126
0.00381557	0.0963647
0.00385441	0.110285
0.00385713	0.0292382
0.00396023	0.109472
0.00402159	0.0971866
0.00404991	0.108655
0.00411151	0.0284702
0.00421986	0.0980108
0.00438918	0.107841
0.00438918	0.107841
0.00442769	0.0276991
0.00445958	0.098833
0.00454629	0.0698909
0.00455683	0.0682353
0.00459963	0.0848036
0.00464682	0.0723754
0.00465568	0.075688
0.00472094	0.0269284
0.00472731	0.0996547
0.0048641	0.107024
0.00501511	0.100474
0.00504111	0.0261561
0.00524814	0.101296
0.00534667	0.106209
0.00534767	0.0253844
0.00535693	0.102114
0.00542207	0.102936
0.00547526	0.082317
0.00552217	0.103754
0.00556613	0.149652
0.00564238	0.104574
0.00565395	0.105392
0.00565588	0.0781767
0.00567943	0.0246121
0.00609877	0.0238405
0.00639821	0.0230708
0.00644052	0.0839744
0.00671686	0.0223023
0.00696922	0.0831475
0.00710804	0.0215355
0.00750534	0.0207706
0.0079363	0.0200097
0.00835208	0.019251
0.00835634	0.0715473
0.008727	0.0765191
0.00877198	0.0184982
0.00877314	0.0707182
0.0088643	0.0773463
0.00915013	0.149704
0.00919418	0.017748
0.00963945	0.0170054
0.0101733	0.0162654
0.0107344	0.0155359
0.0113638	0.0148092
0.0119011	0.0140962
0.0124044	0.0133865
0.0127693	0.14973
0.0130009	0.0126915
0.0137154	0.0120004
0.0144401	0.0113271
0.0152499	0.0106588
0.0158464	0.149743
0.0160601	0.0100098
0.01694	0.0093677
0.0179225	8.24209e-05
0.0179391	0.00874669
0.0191045	0.00813306
0.0200135	0.00754529
0.0206192	0.149749
0.0209211	0.00696551
0.0209955	0.00011253
0.0217311	0.00641152
0.0225802	0.00586785
0.0237869	0.00534934
0.0239978	0.000166752
0.0253335	0.00484274
0.0265752	0.00436711
0.0266589	0.00024267
0.0278905	0.00390581
0.0287772	0.000341303
0.0289783	0.00347298
0.0299282	0.00305901
0.030474	0.000456433
0.0309628	0.00267424
0.0319004	0.00059126
0.0324436	0.00230864
0.0330615	0.000736003
0.0338248	0.000896333
0.0339377	0.00212956
0.0343699	0.00195389
0.0344388	0.00105995
0.034859	0.00123677
0.0348849	0.0017695
0.0351246	0.00140978
0.0352762	0.00159315
)
