(title "Skin Friction Coefficient")
(labels "Skin Friction Coefficient" "Position")

((xy/key/label "middleplane_suctionside")
6.4206e-05	0.0425965
0.000110083	0.0433041
0.000147443	0.0591524
0.000152012	0.0418887
0.000214877	0.0440029
0.000247103	0.0583304
0.000296288	0.0447016
0.000298913	0.0411723
0.000301758	0.0599766
0.000364853	0.0453912
0.000414797	0.0460808
0.000448867	0.0404558
0.000481711	0.0468912
0.000484982	0.0607997
0.000536817	0.0477015
0.000556596	0.0534074
0.000573676	0.0575074
0.000587735	0.0525887
0.000595266	0.0485143
0.000619719	0.039731
0.00062976	0.0517727
0.000636248	0.0493266
0.000636529	0.0542254
0.000661743	0.0501416
0.000664453	0.0509558
0.000703116	0.0550455
0.000736327	0.124006
0.000781875	0.0558648
0.000787311	0.039006
0.000819958	0.0566866
0.000895543	0.123205
0.000977593	0.0382731
0.0010226	0.061625
0.00109806	0.147469
0.0011208	0.105392
0.00115215	0.124806
0.00115337	0.14823
0.00117517	0.0375401
0.00120991	0.104574
0.00121799	0.106209
0.00123775	0.141328
0.00128911	0.145179
0.00129041	0.0641003
0.00137218	0.144411
0.00138038	0.0367996
0.00138512	0.146708
0.00143248	0.107024
0.00143539	0.145944
0.00144093	0.148601
0.00147933	0.140555
0.00150918	0.103754
0.00157703	0.142101
0.00159373	0.122404
0.00160799	0.0360589
0.00161971	0.143643
0.00167841	0.107841
0.00167841	0.107841
0.00172672	0.148972
0.00178093	0.142873
0.00178713	0.139002
0.00182312	0.0353113
0.00188928	0.139779
0.00190161	0.102936
0.00193468	0.108655
0.00194935	0.149343
0.00202157	0.0632753
0.00206799	0.0345636
0.00207049	0.125604
0.002083	0.149549
0.00213609	0.127992
0.00216682	0.0665807
0.00221077	0.149652
0.0022175	0.102114
0.00222004	0.0649273
0.0022261	0.0624492
0.00227209	0.109472
0.00230087	0.0338094
0.00232471	0.128786
0.00235205	0.075688
0.00243908	0.149704
0.00244365	0.1216
0.00246938	0.101296
0.00248369	0.127197
0.00251978	0.0657532
0.00253466	0.136663
0.00254727	0.0330552
0.00254727	0.0330552
0.00260368	0.119191
0.00261447	0.0831475
0.00263854	0.110285
0.00267366	0.119994
0.0026822	0.126401
0.00278021	0.120799
0.00279514	0.14973
0.00281105	0.135881
0.0028207	0.0322952
0.00284398	0.100474
0.00289298	0.1111
0.00289935	0.118386
0.00294864	0.112724
0.00295479	0.113533
0.00296825	0.0698909
0.00297188	0.111912
0.00302057	0.082317
0.00304614	0.114345
0.00306847	0.0748616
0.00308382	0.0315354
0.003172	0.129579
0.00319803	0.149743
0.0032473	0.115153
0.00326951	0.11758
0.00336317	0.0307708
0.0033873	0.138223
0.00344325	0.115964
0.00346247	0.116772
0.00347635	0.0996547
0.00361326	0.0300065
0.00364795	0.0765191
0.00365418	0.0864586
0.00386102	0.149749
0.00387548	0.0872836
0.00388578	0.0292382
0.00404689	0.0839744
0.00409099	0.0905909
0.00409398	0.0897658
0.00410431	0.130371
0.00414038	0.0856305
0.00416	0.0284702
0.00419625	0.067407
0.00431246	0.0881126
0.00432374	0.098833
0.00433111	0.0889371
0.00438133	0.137444
0.00440254	0.091418
0.00442096	0.0690626
0.00443442	0.131162
0.00443528	0.0276991
0.0044505	0.131951
0.00448054	0.0773463
0.00452579	0.135097
0.00457815	0.132739
0.00460282	0.0848036
0.00465998	0.133526
0.0046915	0.0922427
0.0046915	0.0922427
0.00473395	0.134312
0.00476785	0.0269284
0.00480596	0.0715473
0.00505253	0.0261561
0.00507823	0.0980108
0.00509203	0.0707182
0.00524213	0.0930684
0.00536574	0.0253844
0.00558371	0.0971866
0.00572194	0.0246121
0.00607947	0.0963647
0.00609527	0.0938908
0.0060983	0.0238405
0.00622767	0.0781767
0.00633994	0.0740311
0.00636969	0.0814909
0.00644199	0.0230708
0.00651981	0.0955387
0.00658368	0.0947171
0.00667069	0.0723754
0.00672914	0.0223023
0.00692929	0.0682353
0.00711318	0.0215355
0.007538	0.0207706
0.00793175	0.0200097
0.008383	0.019251
0.00866637	0.0732043
0.0087914	0.0184982
0.00920281	0.017748
0.00960096	0.0790047
0.00967125	0.0170054
0.0101757	0.0162654
0.0107467	0.0155359
0.0108226	0.0806604
0.0113723	0.0148092
0.011907	0.0140962
0.012285	0.079834
0.0124241	0.0133865
0.0130144	0.0126915
0.0137349	0.0120004
0.0144386	0.0113271
0.0152571	0.0106588
0.0160806	0.0100098
0.0169381	0.0093677
0.0178583	8.24209e-05
0.0179539	0.00874669
0.0191054	0.00813306
0.0200118	0.00754529
0.0209362	0.00696551
0.0209394	0.00011253
0.0217258	0.00641152
0.0225823	0.00586785
0.0237882	0.00534934
0.0239418	0.000166752
0.0253253	0.00484274
0.0265723	0.00436711
0.0266082	0.00024267
0.0278827	0.00390581
0.0287283	0.000341303
0.0289662	0.00347298
0.0299148	0.00305901
0.0304271	0.000456433
0.0309461	0.00267424
0.0318549	0.00059126
0.0324238	0.00230864
0.0330186	0.000736003
0.0337838	0.000896333
0.0339146	0.00212956
0.0343443	0.00195389
0.0343992	0.00105995
0.0348221	0.00123677
0.0348555	0.0017695
0.0350908	0.00140978
0.0352437	0.00159315
)
