(title "Skin Friction Coefficient")
(labels "Skin Friction Coefficient" "Position")

((xy/key/label "middleplane_suctionside")
6.5235e-05	0.0425965
0.00011525	0.0418887
0.000150042	0.0433041
0.000198794	0.0591524
0.000201978	0.0583304
0.000258703	0.0411723
0.000259042	0.0440029
0.000343314	0.0447016
0.000408315	0.0404558
0.000412621	0.0453912
0.000420057	0.0599766
0.000444635	0.0575074
0.000458469	0.0460808
0.000521709	0.0468912
0.000576156	0.039731
0.000576684	0.0477015
0.000607086	0.0525887
0.000609973	0.0534074
0.000637443	0.0485143
0.000641296	0.0607997
0.00065752	0.0517727
0.000666827	0.145944
0.000684434	0.0493266
0.00071013	0.0542254
0.000710772	0.0501416
0.000714421	0.0509558
0.000726044	0.143643
0.000729968	0.0641003
0.000742872	0.039006
0.000781774	0.142873
0.000786056	0.0550455
0.000786445	0.145179
0.000786473	0.0566866
0.000819964	0.144411
0.000866065	0.0558648
0.000893936	0.142101
0.000896127	0.137444
0.000936712	0.0382731
0.000937272	0.061625
0.000939086	0.136663
0.000945168	0.141328
0.000950715	0.138223
0.000978091	0.126401
0.0010383	0.139002
0.00105355	0.127197
0.00106925	0.0665807
0.00107648	0.140555
0.00111608	0.0632753
0.00112763	0.139779
0.0011307	0.146708
0.00113395	0.0375401
0.00113519	0.135881
0.00121266	0.129579
0.00128274	0.130371
0.00128793	0.131162
0.00129415	0.128786
0.00131699	0.131951
0.0013456	0.0367996
0.00135768	0.127992
0.00136199	0.135097
0.00139566	0.125604
0.0015527	0.134312
0.00156131	0.132739
0.0015711	0.0360589
0.00158921	0.0624492
0.00163105	0.0649273
0.00169612	0.133526
0.00178803	0.0353113
0.00181341	0.0657532
0.00181443	0.124806
0.00203253	0.0345636
0.00208754	0.067407
0.00209175	0.147469
0.00221782	0.124006
0.00226127	0.0338094
0.00251417	0.0330552
0.00251417	0.0330552
0.0027108	0.11758
0.00272007	0.116772
0.00272916	0.123205
0.00273772	0.115964
0.00274644	0.118386
0.00278175	0.0322952
0.00278916	0.0831475
0.00282807	0.115153
0.00284401	0.119191
0.00289003	0.14823
0.00297408	0.082317
0.00305254	0.0315354
0.00308124	0.0955387
0.00309136	0.119994
0.00309932	0.0963647
0.00313121	0.114345
0.00319668	0.122404
0.00331926	0.0765191
0.0033318	0.0307708
0.00334215	0.120799
0.00336061	0.148601
0.00338729	0.1216
0.00358001	0.0300065
0.00358116	0.113533
0.00363706	0.148972
0.00365891	0.0971866
0.00386164	0.0292382
0.00386409	0.0698909
0.00395391	0.149343
0.00404529	0.112724
0.00412327	0.0284702
0.00413587	0.0839744
0.0041684	0.0947171
0.00425532	0.0773463
0.00429311	0.0980108
0.00434402	0.0690626
0.00440913	0.0276991
0.0044552	0.111912
0.00448299	0.102936
0.00450228	0.149549
0.00453458	0.102114
0.00461096	0.0996547
0.00461451	0.098833
0.00464692	0.100474
0.00466211	0.101296
0.00473622	0.0269284
0.00482307	0.103754
0.00486515	0.0682353
0.00486767	0.0715473
0.00489486	0.0723754
0.00493417	0.1111
0.00495261	0.0848036
0.00502014	0.0261561
0.00532869	0.149652
0.00534802	0.0253844
0.00542761	0.075688
0.00565339	0.110285
0.0056895	0.0246121
0.0057164	0.104574
0.00588212	0.0856305
0.00589144	0.0707182
0.00608162	0.0238405
0.00617917	0.0814909
0.00619379	0.0881126
0.00641641	0.0230708
0.00645231	0.0938908
0.00651576	0.109472
0.00655193	0.0872836
0.0066876	0.149704
0.00669509	0.0223023
0.00688379	0.0864586
0.00689322	0.105392
0.0070999	0.0215355
0.00730738	0.108655
0.00750845	0.0207706
0.00774612	0.106209
0.00791279	0.107841
0.00791279	0.107841
0.0079136	0.0200097
0.00793562	0.0889371
0.00802688	0.0781767
0.00808462	0.107024
0.00825152	0.14973
0.00836421	0.019251
0.0087609	0.0184982
0.00896978	0.0732043
0.00918918	0.017748
0.00939224	0.0930684
0.00964423	0.0170054
0.00970137	0.149743
0.0100146	0.0748616
0.0101557	0.0162654
0.0104133	0.149749
0.0106444	0.0806604
0.0107333	0.0155359
0.0113505	0.0148092
0.0113953	0.0897658
0.0118968	0.0140962
0.0119794	0.0740311
0.0124077	0.0133865
0.0129626	0.0922427
0.0129626	0.0922427
0.0129893	0.0126915
0.0130997	0.0790047
0.013716	0.0120004
0.0142551	0.079834
0.0144264	0.0113271
0.0150542	0.0905909
0.0152468	0.0106588
0.0158021	0.091418
0.0160612	0.0100098
0.0169282	0.0093677
0.0179	8.24209e-05
0.0179402	0.00874669
0.019092	0.00813306
0.0200072	0.00754529
0.0209223	0.00696551
0.0209737	0.00011253
0.0217198	0.00641152
0.0225764	0.00586785
0.0237813	0.00534934
0.0239779	0.000166752
0.0253237	0.00484274
0.0265704	0.00436711
0.0266423	0.00024267
0.0278831	0.00390581
0.0287626	0.000341303
0.0289704	0.00347298
0.0299202	0.00305901
0.0304606	0.000456433
0.0309542	0.00267424
0.0318875	0.00059126
0.032435	0.00230864
0.0330496	0.000736003
0.033813	0.000896333
0.0339286	0.00212956
0.0343604	0.00195389
0.0344269	0.00105995
0.0348476	0.00123677
0.0348746	0.0017695
0.0351134	0.00140978
0.0352652	0.00159315
)
