(title "Skin Friction Coefficient")
(labels "Skin Friction Coefficient" "Position")

((xy/key/label "middleplane_suctionside")
6.86816e-05	0.0425965
7.96671e-05	0.0433041
0.000166176	0.0418887
0.000194363	0.0440029
0.000277176	0.0607997
0.000288437	0.0447016
0.000298018	0.0411723
0.000390307	0.0453912
0.000446862	0.0460808
0.000456518	0.0404558
0.000466212	0.0599766
0.000493132	0.0468912
0.000523352	0.0558648
0.000547652	0.0477015
0.00055051	0.061625
0.000555402	0.0542254
0.000557612	0.0485143
0.000560644	0.0550455
0.000565499	0.0624492
0.000570082	0.0566866
0.000603475	0.0493266
0.000614447	0.039731
0.000642065	0.0501416
0.000643355	0.0534074
0.000686172	0.0509558
0.000707228	0.0517727
0.000714621	0.0525887
0.000726433	0.0591524
0.000784522	0.0575074
0.000798311	0.039006
0.000904569	0.0583304
0.000941751	0.148972
0.000982707	0.149343
0.000992615	0.0382731
0.00103118	0.145944
0.00112487	0.145179
0.00116904	0.0632753
0.00117189	0.148601
0.00118638	0.0375401
0.00122071	0.0657532
0.00122969	0.149549
0.00124267	0.146708
0.00139895	0.144411
0.0014048	0.0367996
0.00141251	0.14823
0.00145971	0.147469
0.00153629	0.149652
0.00160622	0.0360589
0.00163356	0.125604
0.00166443	0.126401
0.0017639	0.129579
0.001776	0.124806
0.00178118	0.143643
0.00183685	0.0353113
0.00186444	0.149704
0.00187586	0.130371
0.00190892	0.131162
0.00191868	0.127197
0.00192229	0.128786
0.00195718	0.131951
0.00197477	0.124006
0.00205999	0.0345636
0.00207953	0.127992
0.00212716	0.0649273
0.00216007	0.14973
0.00222621	0.142873
0.00229752	0.0338094
0.00230562	0.123205
0.0024222	0.149743
0.00248992	0.116772
0.00249634	0.142101
0.00252779	0.0665807
0.00255521	0.0330552
0.00255521	0.0330552
0.0025786	0.132739
0.00257966	0.115964
0.00258084	0.141328
0.00262609	0.140555
0.0026491	0.0682353
0.00267499	0.122404
0.00272959	0.11758
0.00273613	0.0641003
0.00275582	0.149749
0.00278677	0.139779
0.00280555	0.0322952
0.00284868	0.1216
0.00293698	0.120799
0.00301508	0.115153
0.00302264	0.118386
0.00302551	0.119994
0.00309468	0.119191
0.00310207	0.0315354
0.00327476	0.0930684
0.00328136	0.133526
0.0032947	0.0715473
0.00334825	0.0307708
0.0033733	0.067407
0.00349815	0.135097
0.0035173	0.139002
0.00353217	0.0922427
0.00353217	0.0922427
0.00353993	0.134312
0.00361232	0.0300065
0.00363599	0.135881
0.00376463	0.114345
0.00386277	0.0938908
0.00388362	0.0292382
0.00395387	0.0723754
0.00412983	0.0284702
0.00416605	0.0707182
0.00418689	0.0831475
0.00420934	0.0690626
0.00425328	0.136663
0.00432044	0.0773463
0.00444539	0.0276991
0.00445001	0.138223
0.00450903	0.0947171
0.00454958	0.0732043
0.00459895	0.113533
0.00464303	0.0781767
0.00472188	0.137444
0.00473774	0.0269284
0.00496603	0.0955387
0.00502195	0.091418
0.0050503	0.0261561
0.00507693	0.0839744
0.00515387	0.0765191
0.00528121	0.0963647
0.00536187	0.0253844
0.00539709	0.112724
0.00547571	0.082317
0.00548386	0.0971866
0.00549278	0.0790047
0.00557252	0.0980108
0.00559214	0.0996547
0.00559231	0.098833
0.0056865	0.0246121
0.00578323	0.100474
0.00602189	0.111912
0.00603164	0.102936
0.00605192	0.103754
0.00608524	0.101296
0.00610551	0.0238405
0.0061207	0.079834
0.00614242	0.102114
0.00622354	0.0698909
0.00626095	0.0872836
0.0063128	0.1111
0.00636565	0.104574
0.00637272	0.108655
0.00638067	0.109472
0.00639465	0.0864586
0.00640512	0.0230708
0.0064077	0.110285
0.00649003	0.0806604
0.0064967	0.0740311
0.00659355	0.107841
0.00659355	0.107841
0.00664652	0.0848036
0.00671828	0.0223023
0.00676385	0.0814909
0.00682888	0.0905909
0.00682932	0.075688
0.00684277	0.105392
0.00684371	0.107024
0.00699083	0.106209
0.00711258	0.0215355
0.007134	0.0856305
0.00749315	0.0748616
0.00750511	0.0207706
0.00755022	0.0881126
0.00793652	0.0200097
0.00813439	0.0897658
0.0083527	0.019251
0.0084811	0.0889371
0.00876896	0.0184982
0.00919348	0.017748
0.00963649	0.0170054
0.0101708	0.0162654
0.010733	0.0155359
0.0113611	0.0148092
0.0118992	0.0140962
0.012401	0.0133865
0.0129977	0.0126915
0.0137144	0.0120004
0.01444	0.0113271
0.0152488	0.0106588
0.0160602	0.0100098
0.0169437	0.0093677
0.0179424	0.00874669
0.0180538	8.24209e-05
0.0191112	0.00813306
0.020021	0.00754529
0.0209289	0.00696551
0.021132	0.00011253
0.0217422	0.00641152
0.0225925	0.00586785
0.0238031	0.00534934
0.024134	0.000166752
0.0253534	0.00484274
0.026598	0.00436711
0.026781	0.00024267
0.0279196	0.00390581
0.0288939	0.000341303
0.0290137	0.00347298
0.0299678	0.00305901
0.030587	0.000456433
0.0310081	0.00267424
0.0320089	0.00059126
0.0324953	0.00230864
0.0331632	0.000736003
0.0339242	0.000896333
0.033997	0.00212956
0.0344344	0.00195389
0.0345358	0.00105995
0.034949	0.00123677
0.0349581	0.0017695
0.0352069	0.00140978
0.0353559	0.00159315
)
