(title "Skin Friction Coefficient")
(labels "Skin Friction Coefficient" "Position")

((xy/key/label "middleplane_suctionside")
6.74866e-05	0.0425965
9.24622e-05	0.0418887
0.00014358	0.0433041
0.000202864	0.0566866
0.000226758	0.0411723
0.00024713	0.0440029
0.000314914	0.0575074
0.000331967	0.0447016
0.000390531	0.0404558
0.000429277	0.0453912
0.00045662	0.0558648
0.000490394	0.0460808
0.000543827	0.114345
0.000547281	0.0468912
0.000553387	0.039731
0.000564239	0.115153
0.000616417	0.0477015
0.000626396	0.0485143
0.000630614	0.0509558
0.000631253	0.0501416
0.000636316	0.0493266
0.000649304	0.0517727
0.000698023	0.0550455
0.000701817	0.113533
0.000718821	0.0583304
0.000726409	0.0525887
0.000740219	0.039006
0.000753991	0.0542254
0.00075592	0.112724
0.000764701	0.143643
0.000769599	0.144411
0.000770561	0.0534074
0.000787867	0.111912
0.000800107	0.142873
0.000810086	0.145179
0.000838305	0.061625
0.000838697	0.145944
0.000839504	0.1111
0.000872859	0.115964
0.000933568	0.142101
0.000934276	0.0382731
0.000964701	0.127992
0.00100617	0.128786
0.00107124	0.0607997
0.00108095	0.127197
0.00108155	0.0591524
0.001088	0.146708
0.00112669	0.110285
0.00112867	0.0375401
0.00113473	0.0632753
0.00114723	0.116772
0.0012148	0.126401
0.00125514	0.0599766
0.00128261	0.147469
0.00130587	0.14823
0.00130876	0.129579
0.00132109	0.125604
0.0013276	0.123205
0.00133494	0.141328
0.00134459	0.122404
0.00134724	0.0367996
0.00136147	0.124006
0.00136854	0.11758
0.00136883	0.124806
0.00142234	0.0624492
0.00145633	0.0641003
0.00145852	0.1216
0.00148536	0.148601
0.0015211	0.109472
0.00155221	0.0360589
0.00156802	0.118386
0.00160714	0.107841
0.00160714	0.107841
0.00161491	0.138223
0.00161935	0.120799
0.00162357	0.130371
0.00162913	0.108655
0.00166916	0.137444
0.00170215	0.119191
0.00170627	0.107024
0.00172451	0.119994
0.00174616	0.131162
0.00178082	0.131951
0.00178452	0.132739
0.00178838	0.0353113
0.00179424	0.139002
0.00184033	0.140555
0.00185285	0.0806604
0.0018698	0.136663
0.00189202	0.133526
0.00190189	0.0814909
0.00191828	0.148972
0.00199392	0.139779
0.00201713	0.0345636
0.00205894	0.106209
0.00206028	0.135881
0.00208507	0.134312
0.00212883	0.0665807
0.00214696	0.135097
0.00225324	0.067407
0.00226028	0.0338094
0.00232952	0.082317
0.00252127	0.0330552
0.00252127	0.0330552
0.00253065	0.0856305
0.00275538	0.105392
0.00276836	0.149343
0.00277691	0.0322952
0.00295983	0.079834
0.00307435	0.0315354
0.00312472	0.0864586
0.00312931	0.0848036
0.00317066	0.0690626
0.00317806	0.0831475
0.00318162	0.0723754
0.00332356	0.0307708
0.00339227	0.0649273
0.00350255	0.0732043
0.00358126	0.0682353
0.00359352	0.0300065
0.00368022	0.104574
0.00374875	0.0657532
0.0037679	0.0839744
0.00380822	0.149549
0.00386481	0.0292382
0.00393254	0.0872836
0.00412014	0.0284702
0.00433247	0.0881126
0.00443555	0.0276991
0.00465281	0.103754
0.00472423	0.0889371
0.00473073	0.0269284
0.00479306	0.0715473
0.00487356	0.0698909
0.00494962	0.149652
0.0050492	0.0261561
0.00512263	0.0971866
0.0051363	0.0980108
0.0053549	0.0253844
0.00542882	0.0740311
0.0054501	0.102936
0.00549425	0.0897658
0.00568821	0.0246121
0.0058429	0.102114
0.00591541	0.0963647
0.00601977	0.098833
0.00604644	0.101296
0.00606497	0.0790047
0.00610492	0.0238405
0.00627118	0.100474
0.00635745	0.0996547
0.00637613	0.149704
0.00640733	0.0230708
0.00649719	0.0707182
0.00660969	0.0905909
0.00672763	0.0223023
0.00677591	0.0955387
0.00704138	0.0748616
0.00711385	0.0215355
0.00751527	0.0207706
0.00776973	0.0947171
0.00783741	0.14973
0.00786837	0.091418
0.00794281	0.0200097
0.00800398	0.075688
0.00835759	0.019251
0.008529	0.0938908
0.00878218	0.0184982
0.00885613	0.0922427
0.00885613	0.0922427
0.00904036	0.0930684
0.00915915	0.149743
0.00919832	0.017748
0.00958967	0.0781767
0.0096416	0.149749
0.00964883	0.0170054
0.00965382	0.0765191
0.0101806	0.0162654
0.0107381	0.0155359
0.0108508	0.0773463
0.0113713	0.0148092
0.0119025	0.0140962
0.0124078	0.0133865
0.0130085	0.0126915
0.0137157	0.0120004
0.0144423	0.0113271
0.0152483	0.0106588
0.0160589	0.0100098
0.0169379	0.0093677
0.0177533	8.24209e-05
0.0179333	0.00874669
0.0191031	0.00813306
0.0199981	0.00754529
0.0208365	0.00011253
0.0209077	0.00696551
0.0217197	0.00641152
0.0225606	0.00586785
0.0237694	0.00534934
0.023838	0.000166752
0.025307	0.00484274
0.0265108	0.00024267
0.0265442	0.00436711
0.0278553	0.00390581
0.0286349	0.000341303
0.0289334	0.00347298
0.0298782	0.00305901
0.0303385	0.000456433
0.0309064	0.00267424
0.0317697	0.00059126
0.0323802	0.00230864
0.0329385	0.000736003
0.0337069	0.000896333
0.0338653	0.00212956
0.034291	0.00195389
0.0343245	0.00105995
0.0347512	0.00123677
0.0347955	0.0017695
0.0350247	0.00140978
0.0351789	0.00159315
)
