(title "Skin Friction Coefficient")
(labels "Skin Friction Coefficient" "Position")

((xy/key/label "middleplane_suctionside")
7.00188e-05	0.0425965
8.68129e-05	0.0418887
0.000170545	0.0433041
0.000232145	0.0411723
0.000235915	0.0583304
0.000271444	0.0440029
0.00033173	0.148601
0.000349017	0.0447016
0.000382025	0.0575074
0.000383701	0.0404558
0.000385549	0.0591524
0.000390814	0.14823
0.000416899	0.0453912
0.0004593	0.148972
0.000478426	0.0460808
0.000538499	0.0468912
0.000553129	0.039731
0.000599508	0.0477015
0.000624481	0.0525887
0.000635403	0.147469
0.000650351	0.0534074
0.000651036	0.0517727
0.000656903	0.0485143
0.000668059	0.0599766
0.000687222	0.0493266
0.000687794	0.0509558
0.000693402	0.0566866
0.000694509	0.149343
0.000706032	0.0501416
0.000725028	0.039006
0.000752186	0.0542254
0.000811285	0.0550455
0.000857939	0.0558648
0.000876963	0.149549
0.000892291	0.146708
0.000905332	0.0607997
0.000909853	0.0382731
0.00101478	0.139779
0.00102206	0.0641003
0.00104621	0.140555
0.00104679	0.0632753
0.00105768	0.145944
0.0010853	0.0657532
0.00111228	0.0375401
0.00113124	0.139002
0.00113453	0.145179
0.00117837	0.144411
0.00121489	0.141328
0.00124564	0.149652
0.00126754	0.138223
0.00130967	0.143643
0.00131311	0.0367996
0.00133127	0.137444
0.00136148	0.132739
0.00140324	0.0649273
0.0014056	0.136663
0.00140774	0.142101
0.001434	0.111912
0.00145069	0.142873
0.00150597	0.061625
0.00154263	0.0360589
0.00156495	0.133526
0.00160711	0.135881
0.00166355	0.112724
0.00167186	0.1111
0.00172114	0.131951
0.00174995	0.0624492
0.00176066	0.0353113
0.00191218	0.135097
0.00197035	0.134312
0.00200079	0.0345636
0.00202374	0.113533
0.00205531	0.131162
0.0021944	0.130371
0.00224021	0.149704
0.0022451	0.0338094
0.00225659	0.114345
0.00227483	0.0665807
0.00231395	0.110285
0.0024044	0.105392
0.00242923	0.0814909
0.00243511	0.129579
0.00246915	0.075688
0.00248365	0.0330552
0.00248365	0.0330552
0.00249658	0.124006
0.00249779	0.115153
0.002509	0.0690626
0.00252714	0.124806
0.00256932	0.123205
0.00262091	0.106209
0.00270675	0.122404
0.00271855	0.0881126
0.00274987	0.125604
0.00276399	0.0322952
0.00276736	0.128786
0.00282286	0.1216
0.00284113	0.104574
0.0029591	0.126401
0.002963	0.120799
0.0029711	0.115964
0.00297309	0.127992
0.0029866	0.0707182
0.00300854	0.127197
0.00301532	0.109472
0.00302783	0.0315354
0.00314419	0.107024
0.00320618	0.082317
0.00322245	0.0806604
0.00323402	0.119994
0.00330219	0.0307708
0.00332057	0.0765191
0.00337374	0.0715473
0.00345097	0.108655
0.00345617	0.0748616
0.00348967	0.107841
0.00348967	0.107841
0.00355565	0.116772
0.0035633	0.0300065
0.00360561	0.103754
0.00361543	0.14973
0.00363917	0.119191
0.00367325	0.0889371
0.00375215	0.0698909
0.00382678	0.0292382
0.00395124	0.11758
0.00397362	0.118386
0.00408878	0.0872836
0.0041106	0.0284702
0.00425395	0.102936
0.00425771	0.0839744
0.00427158	0.0848036
0.00438539	0.0276991
0.00441683	0.0682353
0.00462625	0.0831475
0.00471586	0.0269284
0.00482353	0.149743
0.00494025	0.0938908
0.00495495	0.0947171
0.00499644	0.0955387
0.00500973	0.0261561
0.00502576	0.067407
0.00503538	0.102114
0.00509315	0.0963647
0.00514267	0.079834
0.00519306	0.0930684
0.00530667	0.0856305
0.00531344	0.0253844
0.00536726	0.0971866
0.00546611	0.0864586
0.00567868	0.0246121
0.00567965	0.0980108
0.00569182	0.0897658
0.00577015	0.098833
0.00579005	0.101296
0.00581142	0.0996547
0.00585558	0.0922427
0.00585558	0.0922427
0.0059018	0.0740311
0.00596103	0.100474
0.00605254	0.0238405
0.00607647	0.149749
0.0063957	0.0230708
0.00654319	0.0773463
0.00656308	0.091418
0.00665204	0.0905909
0.00669088	0.0223023
0.00706845	0.0215355
0.00716472	0.0723754
0.00749865	0.0207706
0.00789157	0.0200097
0.00801972	0.0790047
0.00807142	0.0732043
0.00834309	0.019251
0.0087552	0.0184982
0.00900492	0.0781767
0.00916438	0.017748
0.00963606	0.0170054
0.0101405	0.0162654
0.0107124	0.0155359
0.01134	0.0148092
0.0118751	0.0140962
0.0123952	0.0133865
0.0129824	0.0126915
0.0137057	0.0120004
0.0144128	0.0113271
0.0152297	0.0106588
0.0160572	0.0100098
0.0169164	0.0093677
0.0179337	0.00874669
0.0180173	8.24209e-05
0.0190899	0.00813306
0.0199958	0.00754529
0.0209227	0.00696551
0.0210868	0.00011253
0.0217158	0.00641152
0.0225733	0.00586785
0.0237842	0.00534934
0.0240815	0.000166752
0.0253254	0.00484274
0.026575	0.00436711
0.0267233	0.00024267
0.0278929	0.00390581
0.0288339	0.000341303
0.0289838	0.00347298
0.0299365	0.00305901
0.0305265	0.000456433
0.0309734	0.00267424
0.0319493	0.00059126
0.0324577	0.00230864
0.0331051	0.000736003
0.0338669	0.000896333
0.033956	0.00212956
0.0343909	0.00195389
0.0344795	0.00105995
0.0348952	0.00123677
0.034911	0.0017695
0.0351558	0.00140978
0.0353058	0.00159315
)
