(title "Skin Friction Coefficient")
(labels "Skin Friction Coefficient" "Position")

((xy/key/label "middleplane_suctionside")
6.84838e-05	0.0425965
9.58594e-05	0.0418887
0.000134347	0.0433041
0.000232291	0.0411723
0.000240052	0.0440029
0.000329167	0.0447016
0.000352028	0.0566866
0.000391113	0.0404558
0.000424772	0.0453912
0.000468356	0.0575074
0.000493048	0.0460808
0.000499812	0.0558648
0.000509384	0.061625
0.000540586	0.0468912
0.000552149	0.039731
0.000599988	0.0477015
0.000604639	0.0485143
0.00061889	0.0493266
0.000625969	0.0550455
0.000635132	0.0501416
0.000657963	0.0509558
0.000673322	0.0542254
0.000693455	0.0517727
0.000721606	0.0583304
0.000728014	0.0525887
0.000731158	0.0534074
0.000743111	0.039006
0.000748814	0.0632753
0.000762956	0.0607997
0.000844227	0.0624492
0.000919425	0.0591524
0.000920609	0.0599766
0.000923682	0.0641003
0.000929014	0.0382731
0.000930356	0.1216
0.000956834	0.120799
0.00101036	0.11758
0.00101293	0.122404
0.00106863	0.119994
0.00112949	0.0375401
0.00113258	0.118386
0.00116129	0.0665807
0.00118589	0.119191
0.0012398	0.116772
0.00134011	0.0367996
0.00134145	0.067407
0.00135271	0.123205
0.00138578	0.0938908
0.00145151	0.102936
0.00150521	0.139002
0.00151848	0.102114
0.00152049	0.0947171
0.00154554	0.0360589
0.00155847	0.129579
0.0015626	0.130371
0.00158434	0.103754
0.00159627	0.0930684
0.00172324	0.138223
0.00173958	0.113533
0.00174213	0.101296
0.00175375	0.131162
0.0017819	0.0353113
0.00178464	0.115964
0.00179702	0.139779
0.00181915	0.112724
0.00182737	0.124006
0.00185175	0.131951
0.00185837	0.132739
0.00186084	0.0955387
0.00190638	0.104574
0.0019217	0.114345
0.00194954	0.137444
0.00196294	0.136663
0.00197447	0.128786
0.00197634	0.133526
0.00200172	0.0345636
0.00200189	0.100474
0.00203121	0.115153
0.00215362	0.0732043
0.00216279	0.0649273
0.00216812	0.149549
0.00221144	0.149652
0.0022263	0.111912
0.00222777	0.0922427
0.00222777	0.0922427
0.00225572	0.0338094
0.00229629	0.135881
0.00229745	0.0657532
0.00232055	0.124806
0.00232436	0.105392
0.00234851	0.0996547
0.00238645	0.149343
0.0024016	0.0963647
0.00243391	0.134312
0.00248647	0.149704
0.0025041	0.0330552
0.0025041	0.0330552
0.00255285	0.127992
0.00258508	0.1111
0.00261472	0.140555
0.00262892	0.142101
0.0026792	0.106209
0.00268107	0.144411
0.00270339	0.108655
0.00270982	0.109472
0.002724	0.110285
0.0027251	0.135097
0.00276594	0.0322952
0.00278097	0.125604
0.00281617	0.142873
0.00281726	0.107841
0.00281726	0.107841
0.00281928	0.098833
0.00286166	0.107024
0.0028964	0.148972
0.00290417	0.0971866
0.00293768	0.0740311
0.00297186	0.14973
0.00298816	0.127197
0.0030327	0.141328
0.00303454	0.145179
0.00303942	0.091418
0.00305772	0.143643
0.00305815	0.126401
0.00305981	0.0315354
0.00307295	0.0980108
0.00330263	0.0307708
0.00334515	0.148601
0.00340829	0.0848036
0.003507	0.149743
0.00354105	0.14823
0.00358394	0.0300065
0.00360136	0.0905909
0.00364438	0.145944
0.00367302	0.0698909
0.00367949	0.147469
0.00368697	0.0748616
0.00375575	0.0889371
0.0037675	0.0682353
0.00377344	0.0897658
0.00379387	0.146708
0.00383969	0.0292382
0.00387136	0.075688
0.00389056	0.0723754
0.00395703	0.0856305
0.00397392	0.0881126
0.00410572	0.0284702
0.00417205	0.0765191
0.00427111	0.0690626
0.00441666	0.0839744
0.00441711	0.0276991
0.00448898	0.149749
0.00458668	0.0872836
0.00461369	0.0806604
0.00470827	0.0269284
0.00482128	0.0864586
0.00494152	0.0814909
0.0050369	0.0261561
0.00532757	0.0253844
0.00563531	0.0831475
0.00567182	0.0246121
0.00587878	0.082317
0.0060844	0.0238405
0.00630312	0.0707182
0.00638189	0.0230708
0.00644532	0.0773463
0.00671169	0.0223023
0.00699612	0.079834
0.00708837	0.0215355
0.00728077	0.0715473
0.00749782	0.0207706
0.00792261	0.0200097
0.00833375	0.019251
0.00876606	0.0184982
0.00914748	0.0781767
0.00917647	0.017748
0.00945814	0.0790047
0.00963009	0.0170054
0.0101634	0.0162654
0.0107173	0.0155359
0.0113552	0.0148092
0.0118846	0.0140962
0.0123928	0.0133865
0.0129941	0.0126915
0.0137042	0.0120004
0.0144314	0.0113271
0.015235	0.0106588
0.0160527	0.0100098
0.0169329	0.0093677
0.0179311	0.00874669
0.0180093	8.24209e-05
0.0191043	0.00813306
0.0200028	0.00754529
0.0209159	0.00696551
0.0210772	0.00011253
0.0217293	0.00641152
0.0225752	0.00586785
0.0237885	0.00534934
0.0240708	0.000166752
0.0253333	0.00484274
0.0265759	0.00436711
0.0267114	0.00024267
0.0278965	0.00390581
0.0288226	0.000341303
0.0289859	0.00347298
0.0299376	0.00305901
0.0305166	0.000456433
0.0309742	0.00267424
0.0319408	0.00059126
0.0324577	0.00230864
0.0330979	0.000736003
0.0338603	0.000896333
0.0339551	0.00212956
0.0343895	0.00195389
0.0344736	0.00105995
0.0348902	0.00123677
0.0349082	0.0017695
0.0351516	0.00140978
0.035302	0.00159315
)
