(title "Skin Friction Coefficient")
(labels "Skin Friction Coefficient" "Position")

((xy/key/label "middleplane_suctionside")
7.04632e-05	0.0425965
8.01779e-05	0.0418887
0.000138914	0.0575074
0.0001588	0.0433041
0.00022858	0.0411723
0.000234529	0.0583304
0.000255518	0.0440029
0.000330957	0.0447016
0.000338045	0.0566866
0.000386447	0.0404558
0.000407317	0.0453912
0.000471773	0.0460808
0.000522736	0.0468912
0.000551914	0.039731
0.00057504	0.147469
0.000591219	0.0517727
0.000594832	0.0525887
0.000599479	0.0477015
0.0006243	0.0509558
0.000624757	0.0591524
0.000641179	0.0485143
0.000653817	0.0501416
0.000658704	0.0493266
0.000672595	0.0558648
0.000685193	0.0534074
0.000736142	0.039006
0.000745342	0.0542254
0.000787198	0.0550455
0.000814888	0.146708
0.000869434	0.14823
0.000913279	0.0382731
0.000966381	0.127992
0.000974228	0.0599766
0.000996676	0.0624492
0.00104642	0.127197
0.0010776	0.128786
0.00109364	0.061625
0.00111779	0.0375401
0.00114575	0.126401
0.00114578	0.145944
0.00114816	0.148601
0.00116856	0.0607997
0.00117222	0.132739
0.00118977	0.144411
0.00119113	0.145179
0.00119168	0.141328
0.0011978	0.142101
0.00124065	0.131951
0.00124502	0.143643
0.00124689	0.120799
0.00126364	0.0649273
0.00127003	0.142873
0.0012989	0.148972
0.00131884	0.0367996
0.00137	0.133526
0.00139524	0.119994
0.00141813	0.129579
0.00142435	0.125604
0.00143442	0.149343
0.00145917	0.131162
0.00147304	0.1216
0.00148583	0.149549
0.0015317	0.140555
0.00153774	0.0360589
0.00154336	0.149652
0.00159756	0.130371
0.00162338	0.134312
0.00165924	0.119191
0.00172122	0.0632753
0.00176973	0.0353113
0.00177514	0.149704
0.0017869	0.0641003
0.0018168	0.124806
0.00182121	0.109472
0.00182443	0.108655
0.00183918	0.103754
0.0019075	0.135097
0.00198002	0.107841
0.00198002	0.107841
0.00198506	0.110285
0.00199677	0.0345636
0.00201051	0.102936
0.0020172	0.124006
0.00201898	0.122404
0.00206678	0.118386
0.00207365	0.104574
0.00213742	0.107024
0.00216626	0.123205
0.00216906	0.14973
0.00217174	0.1111
0.00218062	0.0682353
0.00218767	0.0657532
0.00219091	0.135881
0.00225464	0.0338094
0.00226964	0.106209
0.00227618	0.139779
0.00229198	0.067407
0.0023044	0.111912
0.00230487	0.105392
0.00240072	0.112724
0.00240264	0.11758
0.00249065	0.0330552
0.00249065	0.0330552
0.00250656	0.102114
0.00253524	0.113533
0.00256993	0.136663
0.00257372	0.149743
0.00260212	0.116772
0.00271976	0.114345
0.00276682	0.0322952
0.0027694	0.115964
0.0028294	0.115153
0.0029589	0.101296
0.00304217	0.0315354
0.00304753	0.139002
0.00307327	0.149749
0.00313445	0.137444
0.0031991	0.0698909
0.00322369	0.100474
0.00329864	0.0307708
0.00339163	0.138223
0.00343906	0.0996547
0.00344111	0.0665807
0.00357612	0.0300065
0.00357684	0.098833
0.00360575	0.0980108
0.00363945	0.0707182
0.00378825	0.0971866
0.00382765	0.0292382
0.00407306	0.0773463
0.00411747	0.0284702
0.00439307	0.0963647
0.00440109	0.0276991
0.0044962	0.0765191
0.0045563	0.0690626
0.00469601	0.0922427
0.00469601	0.0922427
0.00471286	0.0269284
0.00486461	0.0781767
0.00502869	0.0261561
0.00508305	0.0955387
0.00522999	0.0930684
0.00530723	0.0790047
0.00531303	0.0253844
0.00545185	0.091418
0.00547613	0.0947171
0.00552323	0.0740311
0.00568519	0.0246121
0.00574622	0.079834
0.00576549	0.0938908
0.00577751	0.0748616
0.00580666	0.075688
0.00606759	0.0238405
0.00630149	0.0905909
0.00639002	0.0230708
0.00640753	0.0732043
0.00652118	0.0897658
0.00662982	0.0889371
0.00668829	0.0872836
0.00670916	0.0223023
0.00672048	0.0881126
0.00707413	0.0215355
0.00708018	0.0864586
0.00750599	0.0207706
0.00758498	0.0806604
0.00781056	0.0856305
0.00786304	0.0715473
0.00790534	0.0200097
0.00828706	0.0723754
0.00834094	0.019251
0.00870941	0.0848036
0.00876828	0.0184982
0.00916879	0.017748
0.00964275	0.0170054
0.00984034	0.0839744
0.0101543	0.0162654
0.010241	0.0814909
0.0107153	0.0155359
0.0109828	0.0831475
0.0113515	0.0148092
0.0113885	0.082317
0.0118791	0.0140962
0.0123989	0.0133865
0.0129953	0.0126915
0.0137096	0.0120004
0.0144248	0.0113271
0.0152348	0.0106588
0.0160621	0.0100098
0.0169271	0.0093677
0.017938	0.00874669
0.0180454	8.24209e-05
0.0191049	0.00813306
0.0199993	0.00754529
0.0209269	0.00696551
0.0211134	0.00011253
0.0217277	0.00641152
0.0225781	0.00586785
0.0237943	0.00534934
0.0241054	0.000166752
0.0253342	0.00484274
0.0265821	0.00436711
0.026741	0.00024267
0.0279034	0.00390581
0.0288498	0.000341303
0.0289932	0.00347298
0.0299464	0.00305901
0.0305424	0.000456433
0.0309841	0.00267424
0.0319651	0.00059126
0.0324686	0.00230864
0.0331202	0.000736003
0.0338823	0.000896333
0.0339677	0.00212956
0.0344032	0.00195389
0.0344953	0.00105995
0.0349101	0.00123677
0.0349241	0.0017695
0.0351698	0.00140978
0.0353196	0.00159315
)
