(title "Skin Friction Coefficient")
(labels "Skin Friction Coefficient" "Position")

((xy/key/label "middleplane_suctionside")
6.98888e-05	0.0425965
0.000100769	0.0418887
0.000167567	0.0433041
0.000190508	0.0599766
0.000237292	0.0411723
0.000276474	0.0440029
0.000358873	0.0447016
0.000360581	0.0591524
0.000384532	0.0404558
0.000426366	0.0453912
0.000464576	0.0460808
0.000516686	0.0534074
0.000520681	0.0468912
0.000526748	0.127197
0.00054504	0.0542254
0.000552057	0.039731
0.00056208	0.0477015
0.000578769	0.0550455
0.000591396	0.126401
0.000610634	0.0485143
0.0006327	0.0525887
0.000654798	0.0558648
0.000654826	0.061625
0.000658841	0.0493266
0.000662262	0.0607997
0.000686808	0.0501416
0.000697058	0.127992
0.000717301	0.0517727
0.000717765	0.039006
0.000721055	0.0509558
0.000742523	0.0583304
0.000776886	0.143643
0.000803361	0.120799
0.000806289	0.130371
0.000844378	0.125604
0.00085426	0.131162
0.000882055	0.128786
0.000885725	0.144411
0.000910527	0.0382731
0.00091637	0.119994
0.000925415	0.129579
0.000942527	0.0566866
0.00100358	0.131951
0.00107563	0.0575074
0.00109651	0.147469
0.0011086	0.0375401
0.001118	0.1216
0.00112184	0.124806
0.00114832	0.132739
0.00123125	0.146708
0.00125336	0.119191
0.00126902	0.142873
0.00129268	0.145179
0.00131771	0.0367996
0.00132848	0.139779
0.00133954	0.145944
0.00136614	0.14823
0.00139938	0.124006
0.00141146	0.133526
0.00143968	0.0649273
0.00146695	0.0624492
0.00147349	0.118386
0.00148279	0.135881
0.00150193	0.135097
0.00152741	0.122404
0.00154679	0.0360589
0.00155032	0.134312
0.00160481	0.123205
0.00163089	0.139002
0.00168874	0.140555
0.0016937	0.11758
0.00170752	0.149343
0.00172555	0.149549
0.00176312	0.0353113
0.00177126	0.136663
0.00179378	0.148601
0.00182	0.142101
0.00182096	0.148972
0.00187469	0.149652
0.00196687	0.0657532
0.00199704	0.141328
0.00200656	0.0723754
0.00201067	0.0345636
0.00218076	0.137444
0.00220076	0.138223
0.00221653	0.149704
0.00221691	0.0980108
0.00222084	0.098833
0.00223447	0.0996547
0.00224336	0.116772
0.00224369	0.0338094
0.00239645	0.0732043
0.00239668	0.0971866
0.00240145	0.100474
0.00249255	0.0330552
0.00249255	0.0330552
0.00262292	0.0715473
0.00272001	0.101296
0.00274797	0.14973
0.00276906	0.0322952
0.00287601	0.0963647
0.00293427	0.102114
0.00298467	0.115964
0.00303339	0.0315354
0.00306703	0.102936
0.00310224	0.0641003
0.00310445	0.103754
0.00310769	0.104574
0.00324103	0.105392
0.00331611	0.0307708
0.00331831	0.149743
0.00342186	0.106209
0.00348504	0.0682353
0.00355678	0.115153
0.00356901	0.0300065
0.00357693	0.0790047
0.00357726	0.0632753
0.00358565	0.0740311
0.00360217	0.0955387
0.0036889	0.107024
0.0038	0.079834
0.00383719	0.114345
0.00384211	0.0292382
0.00386962	0.0665807
0.00394144	0.107841
0.00394144	0.107841
0.00398496	0.0889371
0.00400293	0.113533
0.00400896	0.108655
0.00402584	0.0781767
0.00402975	0.109472
0.00412104	0.0284702
0.00415563	0.110285
0.00421919	0.112724
0.00428896	0.1111
0.00433558	0.067407
0.00434083	0.111912
0.00435036	0.149749
0.00439639	0.0276991
0.00446604	0.0881126
0.00467236	0.0947171
0.00473135	0.0269284
0.00484956	0.0773463
0.00501909	0.0261561
0.00514522	0.0748616
0.00525347	0.0897658
0.00533185	0.0253844
0.0053998	0.0690626
0.00544001	0.0707182
0.00569167	0.0246121
0.00579501	0.0938908
0.00587359	0.0806604
0.00594869	0.0765191
0.00601598	0.0872836
0.00606789	0.0238405
0.00613226	0.075688
0.00641353	0.0230708
0.00670283	0.0223023
0.00679109	0.0930684
0.00679718	0.0905909
0.00708695	0.0215355
0.0072932	0.0848036
0.00748202	0.0864586
0.00749529	0.0922427
0.00749529	0.0922427
0.00751514	0.0207706
0.00753259	0.091418
0.00758145	0.0698909
0.00790808	0.0200097
0.00805936	0.0856305
0.00819222	0.0839744
0.008362	0.019251
0.00876985	0.0184982
0.0090843	0.0814909
0.00918325	0.017748
0.00965302	0.0170054
0.0101548	0.0162654
0.0102151	0.0831475
0.0106479	0.082317
0.0107303	0.0155359
0.011353	0.0148092
0.0118931	0.0140962
0.01241	0.0133865
0.0129933	0.0126915
0.0137217	0.0120004
0.0144211	0.0113271
0.0152432	0.0106588
0.0160658	0.0100098
0.0169225	0.0093677
0.0178011	8.24209e-05
0.0179398	0.00874669
0.0190852	0.00813306
0.020002	0.00754529
0.0208808	0.00011253
0.0209204	0.00696551
0.02171	0.00641152
0.0225697	0.00586785
0.0237703	0.00534934
0.0238849	0.000166752
0.0253096	0.00484274
0.0265558	0.00436711
0.0265569	0.00024267
0.0278639	0.00390581
0.0286813	0.000341303
0.028947	0.00347298
0.0298942	0.00305901
0.0303839	0.000456433
0.0309246	0.00267424
0.0318144	0.00059126
0.0324021	0.00230864
0.0329815	0.000736003
0.0337484	0.000896333
0.0338905	0.00212956
0.0343181	0.00195389
0.0343644	0.00105995
0.0347892	0.00123677
0.0348268	0.0017695
0.03506	0.00140978
0.0352134	0.00159315
)
