(title "Skin Friction Coefficient")
(labels "Skin Friction Coefficient" "Position")

((xy/key/label "middleplane_pressureside")
3.09349e-05	0.0648488
4.34596e-05	0.0656143
8.68234e-05	0.0640841
9.87255e-05	0.0663795
0.000146316	0.0671456
0.000164267	0.0633192
0.00019471	0.0679114
0.000218527	0.0817882
0.000229587	0
0.000243872	0.0686782
0.00024701	0.0864673
0.000249498	0.062555
0.000285783	0.0872513
0.000291991	0.0810121
0.000294863	0.0694448
0.000338151	0.0617906
0.000344889	0.0702124
0.000365518	0.0825663
0.000381383	0.0802358
0.000385938	0.0709798
0.000408771	0.0740555
0.000412604	0.0748261
0.0004146	0.0717483
0.0004146	0.0717483
0.000414708	0.0732861
0.00041899	0.0725166
0.000427573	0.0610267
0.00043629	0.0755966
0.000486073	0.0794612
0.000486073	0.0794612
0.00049113	0.0763685
0.000520092	0.0602626
0.000561586	0.0771402
0.000563989	0.0786865
0.000592231	0.0779134
0.000612345	0.059499
0.000626933	0.0856856
0.000670238	0.0888214
0.000710441	0.0833441
0.000713722	0.0587353
0.000815317	0.057972
0.000851953	0.0880352
0.000895194	0.135846
0.000912657	0.0849037
0.000923723	0.0572085
0.000942002	0.084124
0.000999174	0.136761
0.000999726	0.13493
0.00103728	0.0564453
0.00109422	0.0896076
0.00109998	0.0927671
0.0011537	0.055682
0.00127186	0.0549189
0.00127355	0.123353
0.00128868	0.0951516
0.00131136	0.0999597
0.00132171	0.0991534
0.00135814	0.091976
0.00138177	0.134021
0.00139176	0.0541558
0.00141422	0.137684
0.00146133	0.100766
0.00149029	0.106467
0.0015144	0.0533928
0.00151525	0.1471
0.00155988	0.124224
0.00156852	0.115631
0.00157617	0.122483
0.00163583	0.0526297
0.00163968	0.148061
0.00166797	0.0943548
0.00174412	0.114787
0.00176314	0.0518668
0.00177334	0.116479
0.00183045	0.146139
0.00186381	0.0983506
0.00187897	0.133113
0.0018873	0.148613
0.0018873	0.148613
0.00188975	0.0511038
0.00202208	0.0503408
0.00202532	0.145186
0.00203432	0.12863
0.00203899	0.144233
0.00207855	0.138607
0.00208529	0.127741
0.00208918	0.1251
0.00210016	0.143288
0.00210577	0.142342
0.00211185	0.108939
0.00215564	0.0495779
0.00215593	0.093561
0.00215721	0.149165
0.00217309	0.132211
0.00218238	0.131309
0.00219416	0.121618
0.00227634	0.141405
0.00227688	0.0959482
0.00229229	0.0488149
0.00236539	0.130414
0.00237044	0.117328
0.00243103	0.0480519
0.00244231	0.107288
0.00250284	0.149586
0.00251317	0.129518
0.00254045	0.139537
0.00254411	0.140467
0.00256397	0.105646
0.00256397	0.105646
0.00257241	0.047289
0.00257408	0.125976
0.00266083	0.126859
0.00266083	0.126859
0.00270814	0.113944
0.0027134	0.046526
0.00273765	0.109768
0.00274872	0.149796
0.00280266	0.0903962
0.00283913	0.120753
0.00285221	0.0975476
0.00285373	0.101576
0.00286112	0.045763
0.00290305	0.149901
0.00293921	0.096748
0.00294204	0.108114
0.00295627	0.0911848
0.00299506	0.045
0.00310846	0.0443673
0.00317056	0.149954
0.00321109	8.50803e-06
0.00322759	0.0437347
0.00324742	0.118182
0.00334451	0.0431014
0.00337727	0.119894
0.00340087	0.112266
0.00346531	0.0424681
0.00349607	0.113105
0.0035803	0.119035
0.00358747	0.0418335
0.00365144	0.111432
0.00369724	0.14998
0.00371068	0.041199
0.00383658	0.0405625
0.00396374	0.0399261
0.00408503	0.110598
0.00409396	0.0392872
0.00422451	0.0386484
0.00435557	0.0380065
0.00436164	0.149993
0.00449459	0.0373646
0.00463571	0.0367191
0.00471827	0.102385
0.00478041	0.0360737
0.0049264	0.035424
0.0050777	0.0347745
0.00519994	0.15
0.00523197	0.0341202
0.00535687	0.104829
0.00538995	0.0334661
0.005553	0.0328067
0.00571773	0.0321476
0.00588955	0.0314826
0.00606238	0.030818
0.00624298	0.0301471
0.0064245	0.0294766
0.00643458	3.39528e-05
0.00661116	0.0287994
0.00665474	0.103199
0.00680349	0.0281226
0.00699916	0.0274389
0.00720436	0.0267556
0.00725645	0.104012
0.00741337	0.026065
0.00763347	0.025375
0.00786203	0.0246774
0.00809966	0.0239806
0.00828316	7.6057e-05
0.00836057	0.0232761
0.00861455	0.0225725
0.00887906	0.0218613
0.00917458	0.021151
0.00949857	0.0204333
0.00982555	0.0197169
0.0101651	0.0189934
0.0104785	0.000134486
0.0105261	0.0182716
0.0108981	0.0175432
0.0112839	0.0168169
0.0116768	0.0160848
0.0120822	0.0153552
0.0124147	0.000208618
0.0125101	0.0146208
0.0125101	0.0146208
0.0129373	0.0138895
0.0133886	0.0131548
0.013869	0.0124237
0.0144027	0.011691
0.0144823	0.000298023
0.0150009	0.0109629
0.0156651	0.010236
0.0162541	0.000401793
0.0163963	0.00951516
0.017151	0.00879905
0.0179522	0.00809123
0.0179845	0.00051954
0.0187501	0.00739213
0.0194384	0.000650161
0.0194753	0.00670364
0.020144	0.00602788
0.0207437	0.000793382
0.0208409	0.00536561
0.0216353	0.004721
0.0218245	0.000948021
0.0224115	0.00409447
0.0226533	0.00111391
0.0229225	0.00349305
0.0230251	0.0023775
0.0232591	0.00128994
0.0233683	0.001875
0.0234426	0.00291779
0.0237186	0.00147596
0.0240769	0.00167106
)
