(title "Skin Friction Coefficient")
(labels "Skin Friction Coefficient" "Position")

((xy/key/label "middleplane_pressureside")
3.05645e-05	0.0648488
4.31008e-05	0.0656143
8.58343e-05	0.0640841
9.67909e-05	0.0663795
0.00013253	0.0856856
0.000149886	0.0671456
0.000158605	0.0633192
0.000207431	0.0679114
0.000224471	0
0.000239212	0.062555
0.000261286	0.0686782
0.000281442	0.0864673
0.00031341	0.0694448
0.00032873	0.0617906
0.000339825	0.0802358
0.000353523	0.0702124
0.000356497	0.0810121
0.000361504	0.0794612
0.000361504	0.0794612
0.000371321	0.0849037
0.000379259	0.0709798
0.000388137	0.0717483
0.000388137	0.0717483
0.000388481	0.0725166
0.000398919	0.0732861
0.000418752	0.0740555
0.000420069	0.0610267
0.000433587	0.0786865
0.000445267	0.0880352
0.000457361	0.0748261
0.000464276	0.0872513
0.000491851	0.0817882
0.000507235	0.0755966
0.00051719	0.0602626
0.000521618	0.0779134
0.000560506	0.0763685
0.000571977	0.0771402
0.00061082	0.059499
0.000710909	0.0587353
0.000779011	0.0825663
0.000804772	0.084124
0.00081349	0.057972
0.000918292	0.0572085
0.000969595	0.0833441
0.00102953	0.0564453
0.0011446	0.055682
0.00116523	0.0888214
0.00117985	0.138607
0.00124983	0.0975476
0.00126393	0.0549189
0.0013585	0.141405
0.00137618	0.130414
0.00138102	0.0911848
0.00138352	0.142342
0.00138394	0.0541558
0.00143745	0.143288
0.00147678	0.144233
0.00148968	0.140467
0.00150854	0.0533928
0.00153345	0.129518
0.00159278	0.137684
0.00160054	0.132211
0.00161158	0.145186
0.00163126	0.0526297
0.00163912	0.139537
0.00166029	0.131309
0.00172516	0.093561
0.00174403	0.096748
0.00175788	0.0518668
0.00183628	0.133113
0.0018586	0.146139
0.00188507	0.0511038
0.00189489	0.101576
0.00197028	0.091976
0.00201469	0.0503408
0.00204662	0.119894
0.00213509	0.104829
0.00214849	0.0495779
0.0021567	0.135846
0.0021795	0.104012
0.00218808	0.1471
0.00220984	0.120753
0.00225165	0.102385
0.00228335	0.0488149
0.00230143	0.115631
0.00235094	0.0903962
0.00239081	0.0943548
0.00239135	0.100766
0.00241396	0.13493
0.00242269	0.0480519
0.00243903	0.0927671
0.00244134	0.149586
0.00244978	0.103199
0.00246533	0.116479
0.00247123	0.149796
0.00248196	0.114787
0.00249623	0.149165
0.002506	0.148061
0.00252049	0.122483
0.0025248	0.12863
0.00252876	0.123353
0.00255946	0.121618
0.00256504	0.047289
0.00256871	0.148613
0.00256871	0.148613
0.00258217	0.105646
0.00258217	0.105646
0.00258272	0.0896076
0.00258638	0.0983506
0.00260264	0.136761
0.0026822	0.119035
0.00270625	0.046526
0.00270931	0.134021
0.00273613	0.117328
0.00274067	0.149901
0.00277576	0.113944
0.00285664	0.045763
0.00298733	0.118182
0.0029878	0.045
0.0030526	0.124224
0.00310115	0.0443673
0.00320516	8.50803e-06
0.00322046	0.0437347
0.0032393	0.0959482
0.00327441	0.106467
0.0033182	0.113105
0.00333751	0.0431014
0.00345849	0.0424681
0.00350377	0.149954
0.00354389	0.108114
0.00355086	0.108939
0.00358031	0.0418335
0.00368885	0.107288
0.0037042	0.041199
0.00377954	0.127741
0.00378864	0.0951516
0.00382924	0.0405625
0.00395284	0.1251
0.00395741	0.0399261
0.00403076	0.0999597
0.00407955	0.109768
0.00408668	0.0392872
0.00419739	0.112266
0.00421804	0.0386484
0.00434864	0.0380065
0.00442932	0.0991534
0.00448791	0.0373646
0.00460744	0.110598
0.00462936	0.0367191
0.00463673	0.14998
0.00466211	0.126859
0.00466211	0.126859
0.00466521	0.125976
0.00476415	0.111432
0.00477358	0.0360737
0.00492067	0.035424
0.00507081	0.0347745
0.00522646	0.0341202
0.00538309	0.0334661
0.00554703	0.0328067
0.00570387	0.149993
0.00571177	0.0321476
0.0058833	0.0314826
0.00605746	0.030818
0.0062366	0.0301471
0.00641949	0.0294766
0.00642553	0.15
0.00644497	3.39528e-05
0.00660488	0.0287994
0.00679828	0.0281226
0.00699432	0.0274389
0.00719852	0.0267556
0.00740898	0.026065
0.00762734	0.025375
0.00785748	0.0246774
0.00809566	0.0239806
0.0083024	7.6057e-05
0.00835533	0.0232761
0.00860829	0.0225725
0.00887503	0.0218613
0.00917163	0.021151
0.00949212	0.0204333
0.00982257	0.0197169
0.0101609	0.0189934
0.0105012	0.000134486
0.0105211	0.0182716
0.0108951	0.0175432
0.0112785	0.0168169
0.0116738	0.0160848
0.0120781	0.0153552
0.0124359	0.000208618
0.0125056	0.0146208
0.0125056	0.0146208
0.0129347	0.0138895
0.0133839	0.0131548
0.0138671	0.0124237
0.0143996	0.011691
0.0145015	0.000298023
0.014997	0.0109629
0.015663	0.010236
0.016271	0.000401793
0.0163927	0.00951516
0.0171504	0.00879905
0.01795	0.00809123
0.0179992	0.00051954
0.0187475	0.00739213
0.0194523	0.000650161
0.0194754	0.00670364
0.0201433	0.00602788
0.0207564	0.000793382
0.0208408	0.00536561
0.0216358	0.004721
0.0218351	0.000948021
0.0224127	0.00409447
0.0226624	0.00111391
0.0229248	0.00349305
0.0230291	0.0023775
0.0232673	0.00128994
0.0233741	0.001875
0.0234459	0.00291779
0.0237259	0.00147596
0.0240835	0.00167106
)
