(title "Skin Friction Coefficient")
(labels "Skin Friction Coefficient" "Position")

((xy/key/label "middleplane_pressureside")
3.51239e-05	0.0648488
4.21622e-05	0.0656143
7.48907e-05	0.0849037
9.50294e-05	0.0640841
9.78286e-05	0.084124
0.0001071	0.0663795
0.000167494	0.0633192
0.000171353	0.0671456
0.000225921	0.0679114
0.00023402	0.0856856
0.000235473	0
0.000242497	0.062555
0.0002703	0.0686782
0.000302813	0.0694448
0.00032513	0.0617906
0.00032586	0.0702124
0.000329982	0.0833441
0.000345891	0.0709798
0.000369234	0.0717483
0.000369234	0.0717483
0.000388087	0.0779134
0.00040989	0.0725166
0.000410038	0.0786865
0.000414305	0.0610267
0.000425905	0.0771402
0.000452386	0.0732861
0.000485201	0.0794612
0.000485201	0.0794612
0.000490012	0.0763685
0.00049336	0.0740555
0.000507768	0.0602626
0.000519792	0.0748261
0.000523272	0.0755966
0.000546823	0.124224
0.000582937	0.0802358
0.000610552	0.059499
0.000640425	0.0864673
0.000646298	0.123353
0.00065018	0.119894
0.000677009	0.0825663
0.00069009	0.0810121
0.000712581	0.0587353
0.000731628	0.135846
0.000751852	0.149586
0.000762833	0.1251
0.000789439	0.0817882
0.000819371	0.057972
0.000824639	0.149796
0.000833376	0.119035
0.000846535	0.13493
0.000850081	0.149165
0.000926052	0.149901
0.000926147	0.0572085
0.00093957	0.122483
0.000992006	0.0975476
0.00103189	0.0896076
0.00103574	0.0564453
0.00107525	0.125976
0.00114075	0.149954
0.00114796	0.055682
0.00115497	0.148613
0.00115497	0.148613
0.0011643	0.120753
0.00117834	0.0872513
0.00120635	0.121618
0.00121419	0.134021
0.00125162	0.0983506
0.00126416	0.0549189
0.00128391	0.136761
0.00128908	0.0959482
0.00131346	0.126859
0.00131346	0.126859
0.00138415	0.0541558
0.00141605	0.0951516
0.00145765	0.103199
0.00149605	0.096748
0.00150672	0.0533928
0.00155383	0.14998
0.00156266	0.113105
0.00156992	0.0888214
0.00162024	0.091976
0.00163444	0.0526297
0.00168356	0.104012
0.00170218	0.148061
0.00170654	0.127741
0.00170975	0.0903962
0.00175485	0.113944
0.00175847	0.0880352
0.00176098	0.0518668
0.00183837	0.112266
0.00187637	0.118182
0.00188676	0.142342
0.0018922	0.0511038
0.00191796	0.133113
0.00193064	0.102385
0.00202224	0.0503408
0.0020392	0.149993
0.00210613	0.0911848
0.00215461	0.0495779
0.00216286	0.146139
0.00219685	0.12863
0.00225372	0.114787
0.00229014	0.0488149
0.00229655	0.143288
0.00231148	0.1471
0.00236494	0.141405
0.00236799	0.132211
0.00240016	0.140467
0.00241857	0.104829
0.00242459	0.0480519
0.00243327	0.0927671
0.00246185	0.137684
0.00246332	0.108939
0.00249824	0.129518
0.00256487	0.131309
0.00256894	0.047289
0.00257252	0.15
0.00257647	0.108114
0.00260173	0.130414
0.00261682	0.111432
0.00265208	0.117328
0.00270729	0.046526
0.00275769	0.139537
0.00278273	0.115631
0.00286108	0.045763
0.00291517	0.145186
0.00293746	0.116479
0.00296063	0.138607
0.00299465	0.045
0.00299851	0.0943548
0.00305834	0.0991534
0.0031059	0.0443673
0.00315298	8.50803e-06
0.00316093	0.110598
0.00317601	0.109768
0.00322665	0.0437347
0.00334214	0.0431014
0.00346463	0.0424681
0.00358512	0.0418335
0.00362306	0.144233
0.00369109	0.093561
0.00371008	0.041199
0.00383449	0.0405625
0.00385829	0.101576
0.00396277	0.0399261
0.00409259	0.0392872
0.00411139	0.105646
0.00411139	0.105646
0.00422281	0.0386484
0.00425002	0.107288
0.00435504	0.0380065
0.00449233	0.0373646
0.00463573	0.0367191
0.00477828	0.0360737
0.00492639	0.035424
0.00507625	0.0347745
0.00515025	0.106467
0.00523132	0.0341202
0.0053472	0.0999597
0.00538955	0.0334661
0.00555135	0.0328067
0.00571835	0.0321476
0.00572376	0.100766
0.00588704	0.0314826
0.00606307	0.030818
0.00624092	0.0301471
0.00626975	3.39528e-05
0.00642385	0.0294766
0.00661073	0.0287994
0.00680123	0.0281226
0.00700044	0.0274389
0.00720155	0.0267556
0.00741426	0.026065
0.00763162	0.025375
0.00786007	0.0246774
0.00805813	7.6057e-05
0.00810176	0.0239806
0.00835746	0.0232761
0.00861388	0.0225725
0.00887434	0.0218613
0.00917554	0.021151
0.00949652	0.0204333
0.00982112	0.0197169
0.0101661	0.0189934
0.010241	0.000134486
0.0105202	0.0182716
0.0108976	0.0175432
0.011278	0.0168169
0.0116715	0.0160848
0.0120789	0.0153552
0.0121946	0.000208618
0.0125012	0.0146208
0.0125012	0.0146208
0.0129326	0.0138895
0.0133788	0.0131548
0.0138609	0.0124237
0.0142817	0.000298023
0.0143952	0.011691
0.0149873	0.0109629
0.0156537	0.010236
0.0160719	0.000401793
0.0163786	0.00951516
0.0171334	0.00879905
0.0178191	0.00051954
0.0179326	0.00809123
0.0187226	0.00739213
0.0192787	0.000650161
0.0194478	0.00670364
0.0201111	0.00602788
0.0205932	0.000793382
0.0208033	0.00536561
0.021594	0.004721
0.0216894	0.000948021
0.0223629	0.00409447
0.0225317	0.00111391
0.0228643	0.00349305
0.022951	0.0023775
0.0231463	0.00128994
0.0232792	0.001875
0.0233743	0.00291779
0.0236137	0.00147596
0.0239776	0.00167106
)
