(title "Skin Friction Coefficient")
(labels "Skin Friction Coefficient" "Position")

((xy/key/label "middleplane_pressureside")
2.5226e-05	0.0648488
5.8057e-05	0.0656143
6.47261e-05	0.0640841
0.000112306	0.0663795
0.000138165	0.0633192
0.000162722	0.0671456
0.000217778	0.062555
0.000218666	0.0679114
0.000230968	0
0.000231365	0.0864673
0.000250621	0.0810121
0.000271006	0.0686782
0.000278114	0.0817882
0.000306797	0.0617906
0.000317642	0.0802358
0.000323046	0.0694448
0.000363666	0.0702124
0.000392188	0.0709798
0.000396832	0.0732861
0.000396984	0.0794612
0.000396984	0.0794612
0.000397038	0.0725166
0.000397575	0.0610267
0.000400853	0.0717483
0.000400853	0.0717483
0.000404479	0.0740555
0.000432548	0.0748261
0.000478512	0.0755966
0.000494994	0.0602626
0.000500267	0.0786865
0.000537725	0.0856856
0.000547756	0.0763685
0.000557429	0.0825663
0.000561056	0.0872513
0.000570894	0.0779134
0.00058898	0.059499
0.000591668	0.0771402
0.000688478	0.0587353
0.00079211	0.057972
0.000896984	0.0572085
0.000902861	0.0849037
0.000936266	0.0833441
0.00100883	0.0564453
0.00105948	0.0943548
0.00106754	0.084124
0.00112156	0.0888214
0.00112436	0.055682
0.00112818	0.124224
0.0012162	0.0880352
0.00122772	0.141405
0.00123296	0.091976
0.00124437	0.0549189
0.00126598	0.0951516
0.00127975	0.1251
0.0013107	0.142342
0.00134988	0.0991534
0.00135732	0.123353
0.00136515	0.0541558
0.00138849	0.101576
0.0014432	0.140467
0.00147163	0.0927671
0.00149049	0.0533928
0.0014952	0.0999597
0.00151945	0.100766
0.00157602	0.139537
0.0015828	0.120753
0.0016143	0.0526297
0.00167491	0.138607
0.00170918	0.116479
0.00174152	0.0518668
0.00176409	0.122483
0.00176818	0.119894
0.00177277	0.093561
0.00182763	0.143288
0.00185863	0.121618
0.00186986	0.0511038
0.0018862	0.0896076
0.00191907	0.115631
0.0019673	0.106467
0.002	0.0503408
0.00206475	0.129518
0.00206855	0.145186
0.00208926	0.137684
0.00213461	0.0495779
0.00213943	0.107288
0.00214335	0.125976
0.00214456	0.144233
0.00218656	0.117328
0.00226318	0.146139
0.00227013	0.0488149
0.00231746	0.148061
0.00231801	0.1471
0.0023336	0.12863
0.00240057	0.102385
0.00241003	0.0480519
0.0025093	0.130414
0.00255326	0.047289
0.00257798	0.131309
0.00268526	0.0911848
0.002695	0.046526
0.00270149	0.132211
0.00274138	0.110598
0.00278483	0.136761
0.00282099	0.148613
0.00282099	0.148613
0.00284629	0.045763
0.00285854	0.119035
0.00290619	0.108114
0.00291934	0.114787
0.00297802	0.045
0.00305108	0.105646
0.00305108	0.105646
0.00306114	0.133113
0.00309189	0.0443673
0.00312	0.0983506
0.00314608	0.118182
0.00315615	8.50803e-06
0.00317785	0.109768
0.00321164	0.0437347
0.0032932	0.0959482
0.0033291	0.0431014
0.00333094	0.135846
0.00335063	0.149165
0.00337093	0.134021
0.00338179	0.126859
0.00338179	0.126859
0.00341074	0.127741
0.0034235	0.111432
0.00345052	0.0424681
0.00348357	0.0903962
0.00351033	0.13493
0.00356604	0.108939
0.00357274	0.0418335
0.00369702	0.041199
0.0037376	0.149586
0.00382244	0.0405625
0.00395099	0.0399261
0.00408054	0.0392872
0.00410642	0.112266
0.00421214	0.0386484
0.00425032	0.149796
0.00428676	0.103199
0.00432467	0.113944
0.00434313	0.0380065
0.00448254	0.0373646
0.00460633	0.113105
0.00462432	0.0367191
0.00476871	0.0360737
0.0048342	0.104829
0.00491604	0.035424
0.00506639	0.0347745
0.00522216	0.0341202
0.00524319	0.149901
0.00525111	0.096748
0.00537911	0.0334661
0.00539829	0.0975476
0.00548901	0.104012
0.00554309	0.0328067
0.00570816	0.0321476
0.00587956	0.0314826
0.00605398	0.030818
0.00623301	0.0301471
0.00629921	3.39528e-05
0.00641627	0.0294766
0.00660147	0.0287994
0.00679513	0.0281226
0.00699094	0.0274389
0.00701227	0.149954
0.00719543	0.0267556
0.00740577	0.026065
0.00762426	0.025375
0.00785436	0.0246774
0.00809203	0.0239806
0.00810205	7.6057e-05
0.00835291	0.0232761
0.0086052	0.0225725
0.00887072	0.0218613
0.00906601	0.14998
0.00916853	0.021151
0.00948849	0.0204333
0.00981845	0.0197169
0.0101568	0.0189934
0.0102865	0.000134486
0.0105161	0.0182716
0.0106167	0.15
0.0107493	0.149993
0.0108899	0.0175432
0.0112731	0.0168169
0.0116678	0.0160848
0.0120714	0.0153552
0.0122351	0.000208618
0.0124987	0.0146208
0.0124987	0.0146208
0.0129266	0.0138895
0.0133753	0.0131548
0.0138574	0.0124237
0.0143173	0.000298023
0.0143886	0.011691
0.014985	0.0109629
0.0156486	0.010236
0.0161029	0.000401793
0.0163767	0.00951516
0.0171317	0.00879905
0.0178465	0.00051954
0.0179284	0.00809123
0.0187236	0.00739213
0.0193046	0.000650161
0.0194468	0.00670364
0.0201107	0.00602788
0.0206172	0.000793382
0.0208049	0.00536561
0.0215957	0.004721
0.0217105	0.000948021
0.022366	0.00409447
0.0225497	0.00111391
0.0228694	0.00349305
0.0229593	0.0023775
0.0231622	0.00128994
0.0232906	0.001875
0.0233814	0.00291779
0.023628	0.00147596
0.0239909	0.00167106
)
