(title "Skin Friction Coefficient")
(labels "Skin Friction Coefficient" "Position")

((xy/key/label "middleplane_pressureside")
3.54327e-05	0.0648488
5.12336e-05	0.0656143
8.09744e-05	0.0640841
0.000102973	0.0663795
0.000105443	0.0825663
0.000134058	0.0817882
0.000148616	0.0671456
0.000159168	0.0633192
0.00019285	0.0679114
0.000233384	0
0.000240502	0.0686782
0.000245576	0.062555
0.000288609	0.0694448
0.000290919	0.0810121
0.000331389	0.0617906
0.000340284	0.0702124
0.000384194	0.0709798
0.000390095	0.0748261
0.000399176	0.0740555
0.000401888	0.0755966
0.000413673	0.0732861
0.000417261	0.0717483
0.000417261	0.0717483
0.000419917	0.0833441
0.000420392	0.0610267
0.000423173	0.0725166
0.000425838	0.0802358
0.000433678	0.0872513
0.000449274	0.0763685
0.000510925	0.0602626
0.000535097	0.0771402
0.00053716	0.0794612
0.00053716	0.0794612
0.000595489	0.0786865
0.00059604	0.0779134
0.000604318	0.059499
0.000606877	0.0880352
0.000704283	0.0587353
0.000805932	0.057972
0.00084703	0.084124
0.000866068	0.0864673
0.000917099	0.0572085
0.00103011	0.0564453
0.00107215	0.0856856
0.00107312	0.0849037
0.00112311	0.143288
0.00114713	0.055682
0.00123631	0.100766
0.00126464	0.0549189
0.00127451	0.093561
0.00127969	0.136761
0.00132825	0.111432
0.0013852	0.0541558
0.00146993	0.0896076
0.00149941	0.135846
0.00150636	0.0533928
0.00155219	0.112266
0.00155498	0.144233
0.00157293	0.101576
0.00159473	0.116479
0.00160224	0.0903962
0.00162877	0.0526297
0.00167027	0.0888214
0.0016742	0.142342
0.0016854	0.137684
0.0017564	0.0518668
0.00188335	0.0511038
0.001976	0.102385
0.00197943	0.117328
0.00201749	0.0503408
0.00205849	0.127741
0.00214795	0.110598
0.00215049	0.0495779
0.00217614	0.13493
0.00218048	0.0959482
0.0021822	0.138607
0.00219365	0.109768
0.00219927	0.0927671
0.00221665	0.108939
0.00222527	0.12863
0.00226585	0.146139
0.00228864	0.0488149
0.00233186	0.145186
0.00235763	0.107288
0.00242658	0.0480519
0.00243754	0.108114
0.00246762	0.126859
0.00246762	0.126859
0.00247234	0.096748
0.00248939	0.0999597
0.00249113	0.0943548
0.00256806	0.047289
0.00258231	0.115631
0.00258694	0.149901
0.0025922	0.149796
0.00267981	0.134021
0.002709	0.046526
0.00271798	0.1471
0.0027189	0.129518
0.00275306	0.121618
0.00275742	0.131309
0.0028126	0.132211
0.00282104	0.141405
0.00285602	0.045763
0.00285794	0.103199
0.00286167	0.130414
0.00286571	0.149586
0.00287247	0.139537
0.00287767	0.133113
0.00293319	0.113105
0.00299184	0.045
0.00307778	0.149954
0.00310514	0.0443673
0.00312811	0.125976
0.00314069	0.122483
0.00314579	8.50803e-06
0.00321699	0.0951516
0.00322467	0.0437347
0.00324785	0.118182
0.00329875	0.120753
0.00329963	0.106467
0.00334146	0.0431014
0.00335567	0.149165
0.00345943	0.140467
0.00346252	0.0424681
0.00355673	0.0911848
0.00358482	0.0418335
0.00360896	0.114787
0.00362365	0.148061
0.0037081	0.041199
0.00373018	0.148613
0.00373018	0.148613
0.00380932	0.113944
0.00383426	0.0405625
0.00395669	0.14998
0.0039613	0.0399261
0.00400868	0.123353
0.00402996	0.1251
0.00405241	0.119035
0.00406227	0.119894
0.00409192	0.0392872
0.00410837	0.091976
0.00416354	0.104012
0.0042222	0.0386484
0.00435369	0.0380065
0.00449259	0.0373646
0.00451031	0.124224
0.00463388	0.0367191
0.00477878	0.0360737
0.00478154	0.105646
0.00478154	0.105646
0.00483337	0.149993
0.00492453	0.035424
0.00504645	0.104829
0.0050762	0.0347745
0.00521031	0.15
0.00523	0.0341202
0.0053885	0.0334661
0.00555128	0.0328067
0.00556146	0.0975476
0.00565007	0.0991534
0.00571632	0.0321476
0.00588828	0.0314826
0.00606082	0.030818
0.00624192	0.0301471
0.00626813	3.39528e-05
0.00642266	0.0294766
0.00661031	0.0287994
0.00680167	0.0281226
0.00699822	0.0274389
0.00720282	0.0267556
0.00737357	0.0983506
0.00741195	0.026065
0.00763228	0.025375
0.00786012	0.0246774
0.00806063	7.6057e-05
0.00809869	0.0239806
0.00835805	0.0232761
0.00861271	0.0225725
0.00887716	0.0218613
0.00917196	0.021151
0.00949611	0.0204333
0.00982202	0.0197169
0.0101617	0.0189934
0.0102451	0.000134486
0.0105226	0.0182716
0.0108935	0.0175432
0.0112797	0.0168169
0.0116704	0.0160848
0.0120765	0.0153552
0.0121988	0.000208618
0.0125031	0.0146208
0.0125031	0.0146208
0.0129292	0.0138895
0.0133799	0.0131548
0.0138587	0.0124237
0.0142855	0.000298023
0.0143927	0.011691
0.0149879	0.0109629
0.0156509	0.010236
0.016075	0.000401793
0.0163793	0.00951516
0.0171315	0.00879905
0.0178215	0.00051954
0.0179301	0.00809123
0.0187238	0.00739213
0.0192808	0.000650161
0.0194456	0.00670364
0.0201094	0.00602788
0.0205948	0.000793382
0.0208026	0.00536561
0.0215925	0.004721
0.0216904	0.000948021
0.0223617	0.00409447
0.0225321	0.00111391
0.0228632	0.00349305
0.0229501	0.0023775
0.0231463	0.00128994
0.0232787	0.001875
0.0233733	0.00291779
0.0236135	0.00147596
0.0239773	0.00167106
)
