(title "Skin Friction Coefficient")
(labels "Skin Friction Coefficient" "Position")

((xy/key/label "middleplane_pressureside")
3.70182e-05	0.0648488
4.51828e-05	0.0656143
5.4664e-05	0.0825663
8.95298e-05	0.0640841
9.71981e-05	0.0663795
0.00014261	0.0671456
0.000162068	0.0817882
0.000166803	0.0633192
0.000183419	0.0679114
0.00022683	0.0686782
0.000231493	0
0.000243944	0.0833441
0.000252279	0.062555
0.000270484	0.0694448
0.00032006	0.0702124
0.000336032	0.0617906
0.000355589	0.0810121
0.000365467	0.0709798
0.000373645	0.0755966
0.000381027	0.0748261
0.000399228	0.0763685
0.000399362	0.0740555
0.000405022	0.0717483
0.000405022	0.0717483
0.000415799	0.0732861
0.000420563	0.0725166
0.000422799	0.0610267
0.000481878	0.0771402
0.000505674	0.0802358
0.000511749	0.0602626
0.000520969	0.0880352
0.000566664	0.0779134
0.000570263	0.0872513
0.000585589	0.0794612
0.000585589	0.0794612
0.00060446	0.059499
0.000607771	0.0786865
0.000655025	0.084124
0.000704637	0.0587353
0.000805841	0.057972
0.000875234	0.149165
0.000890689	0.149586
0.000916839	0.0572085
0.00100514	0.0849037
0.00101947	0.149796
0.00102977	0.0564453
0.00104755	0.148613
0.00104755	0.148613
0.00105873	0.0864673
0.00112562	0.148061
0.00114577	0.055682
0.00115756	0.0856856
0.00115982	0.093561
0.00120232	0.149901
0.00126109	0.113944
0.00126251	0.0549189
0.00128909	0.1471
0.00133569	0.100766
0.00138248	0.0541558
0.00138403	0.0999597
0.00150297	0.0533928
0.00153754	0.0888214
0.00157427	0.149954
0.00161713	0.0903962
0.00162517	0.0526297
0.00169141	0.0896076
0.00175234	0.114787
0.00175254	0.0518668
0.00187181	0.146139
0.00187313	0.113105
0.00187938	0.0511038
0.00188591	0.0927671
0.00200253	0.101576
0.00201358	0.0503408
0.00208015	0.14998
0.00214003	0.0959482
0.00214637	0.0495779
0.00222394	0.108114
0.00223888	0.132211
0.00225457	0.108939
0.00228459	0.0488149
0.00228521	0.138607
0.00229365	0.137684
0.00230603	0.0951516
0.00235436	0.0991534
0.00241719	0.0943548
0.00242215	0.0480519
0.00245545	0.1251
0.00246154	0.133113
0.00252901	0.125976
0.00252972	0.115631
0.00254762	0.112266
0.00256347	0.149993
0.00256356	0.047289
0.00258351	0.126859
0.00258351	0.126859
0.00262308	0.131309
0.00262365	0.116479
0.00262988	0.107288
0.00263817	0.136761
0.0026528	0.109768
0.00265713	0.120753
0.00269214	0.139537
0.0027043	0.046526
0.00271101	0.124224
0.00271418	0.102385
0.00273839	0.127741
0.00280872	0.121618
0.00282742	0.15
0.00285128	0.045763
0.00287859	0.134021
0.0029876	0.045
0.0029973	0.130414
0.00299923	0.135846
0.00301161	0.145186
0.00302164	0.13493
0.00304714	0.111432
0.00307531	0.0911848
0.00307721	0.106467
0.0030848	0.110598
0.00310065	0.0443673
0.00311052	0.12863
0.00312089	0.119035
0.0031854	0.129518
0.00320308	8.50803e-06
0.00320929	0.103199
0.00322036	0.0437347
0.0032234	0.119894
0.00328441	0.123353
0.00333702	0.0431014
0.003411	0.140467
0.00344219	0.122483
0.00345826	0.0424681
0.00350733	0.105646
0.00350733	0.105646
0.00358056	0.0418335
0.00364495	0.0983506
0.00366729	0.104012
0.00367956	0.091976
0.00370395	0.041199
0.00370578	0.096748
0.00381575	0.117328
0.00383024	0.0405625
0.00384082	0.104829
0.00385823	0.118182
0.00395726	0.0399261
0.00403398	0.141405
0.00408813	0.0392872
0.00421833	0.0386484
0.00423526	0.144233
0.00435009	0.0380065
0.00447125	0.0975476
0.00448895	0.0373646
0.00454421	0.142342
0.00463044	0.0367191
0.00472651	0.143288
0.00477543	0.0360737
0.00492129	0.035424
0.00507322	0.0347745
0.00522706	0.0341202
0.00538583	0.0334661
0.00554841	0.0328067
0.00571375	0.0321476
0.00588563	0.0314826
0.0060583	0.030818
0.00623983	0.0301471
0.00640305	3.39528e-05
0.00642059	0.0294766
0.00660844	0.0287994
0.00679984	0.0281226
0.0069966	0.0274389
0.00720148	0.0267556
0.00741053	0.026065
0.00763117	0.025375
0.00785896	0.0246774
0.00809805	0.0239806
0.00823902	7.6057e-05
0.00835771	0.0232761
0.00861322	0.0225725
0.00887616	0.0218613
0.00917194	0.021151
0.00949766	0.0204333
0.00982208	0.0197169
0.0101638	0.0189934
0.0104311	0.000134486
0.010524	0.0182716
0.0108958	0.0175432
0.0112826	0.0168169
0.0116735	0.0160848
0.0120808	0.0153552
0.0123704	0.000208618
0.0125072	0.0146208
0.0125072	0.0146208
0.0129343	0.0138895
0.0133858	0.0131548
0.0138653	0.0124237
0.0144006	0.011691
0.0144415	0.000298023
0.0149968	0.0109629
0.0156614	0.010236
0.0162166	0.000401793
0.0163919	0.00951516
0.0171454	0.00879905
0.0179471	0.00809123
0.0179504	0.00051954
0.0187437	0.00739213
0.0194054	0.000650161
0.019468	0.00670364
0.0201362	0.00602788
0.0207124	0.000793382
0.0208322	0.00536561
0.0216257	0.004721
0.0217964	0.000948021
0.0224007	0.00409447
0.0226279	0.00111391
0.0229095	0.00349305
0.0230091	0.0023775
0.0232354	0.00128994
0.0233494	0.001875
0.0234277	0.00291779
0.0236965	0.00147596
0.0240559	0.00167106
)
