(title "Skin Friction Coefficient")
(labels "Skin Friction Coefficient" "Position")

((xy/key/label "middleplane_pressureside")
3.59631e-05	0.0648488
6.16446e-05	0.0640841
7.85938e-05	0.0656143
9.57656e-05	0.0856856
9.58893e-05	0.0849037
9.70218e-05	0.084124
0.000133369	0.0633192
0.000145081	0.0663795
0.000201809	0.0864673
0.000206764	0.062555
0.000207967	0.0671456
0.000228736	0
0.000259113	0.0679114
0.000288182	0.0617906
0.00029952	0.0686782
0.000327002	0.0694448
0.000345142	0.0702124
0.000362326	0.0709798
0.000374123	0.0779134
0.000376316	0.0610267
0.000387143	0.0717483
0.000387143	0.0717483
0.000388582	0.0786865
0.000406149	0.0833441
0.000420897	0.0771402
0.000429553	0.0725166
0.000456107	0.0794612
0.000456107	0.0794612
0.000469106	0.0602626
0.000474898	0.0732861
0.000501705	0.0763685
0.000518997	0.0740555
0.000545119	0.0755966
0.000545735	0.0748261
0.000557361	0.0802358
0.00057105	0.059499
0.000673774	0.0587353
0.000695118	0.0810121
0.000708427	0.144233
0.000782341	0.057972
0.000796311	0.0825663
0.000802219	0.143288
0.000826676	0.0872513
0.000851607	0.0817882
0.000890008	0.0572085
0.000891997	0.145186
0.00100029	0.0564453
0.0010107	0.1471
0.00108911	0.146139
0.00111322	0.055682
0.00111983	0.113944
0.00112302	0.114787
0.00122937	0.0549189
0.00131909	0.0903962
0.00132698	0.1251
0.00134975	0.0541558
0.00139461	0.148061
0.00143573	0.0959482
0.00146408	0.136761
0.00147259	0.0533928
0.00147539	0.125976
0.00147546	0.0896076
0.00148603	0.124224
0.00148776	0.135846
0.00153624	0.142342
0.00158028	0.115631
0.00158764	0.129518
0.00159724	0.113105
0.00160103	0.0526297
0.00167561	0.137684
0.00172866	0.0518668
0.00174838	0.12863
0.00181337	0.0927671
0.00181571	0.123353
0.00183226	0.13493
0.00186089	0.0511038
0.00186545	0.126859
0.00186545	0.126859
0.00188723	0.148613
0.00188723	0.148613
0.00190808	0.0880352
0.00191829	0.138607
0.00196441	0.130414
0.00199252	0.0503408
0.00199567	0.116479
0.00199796	0.112266
0.00202565	0.127741
0.00212569	0.0495779
0.00214647	0.091976
0.00214866	0.111432
0.00220031	0.122483
0.0022107	0.139537
0.00222872	0.110598
0.0022567	0.134021
0.00226244	0.0488149
0.00226491	0.149165
0.00228601	0.117328
0.00232061	0.096748
0.00232261	0.103199
0.00232525	0.109768
0.00233602	0.104012
0.00239728	0.0480519
0.00243968	0.108939
0.00244857	0.121618
0.00246141	0.120753
0.00247119	0.118182
0.00250041	0.0888214
0.00250428	0.131309
0.00250541	0.149901
0.00253115	0.141405
0.00253262	0.149586
0.00253305	0.0975476
0.00253886	0.119894
0.00254223	0.047289
0.00254885	0.149796
0.0025871	0.140467
0.00259909	0.119035
0.00260989	0.133113
0.00264071	0.0911848
0.00268108	0.046526
0.00272431	0.0951516
0.00272966	0.0983506
0.00275061	0.132211
0.0027699	0.108114
0.00283516	0.045763
0.002952	0.149954
0.0029699	0.045
0.00298773	0.102385
0.00308171	0.0443673
0.00313254	0.104829
0.00318274	8.50803e-06
0.00320324	0.0437347
0.0033192	0.0431014
0.00331923	0.107288
0.00339393	0.093561
0.0034423	0.0424681
0.00350184	0.0991534
0.0035633	0.0418335
0.00368872	0.041199
0.00381376	0.0405625
0.00389437	0.14998
0.00394234	0.0399261
0.00407281	0.0392872
0.00420333	0.0386484
0.00422037	0.0999597
0.00425479	0.0943548
0.0043361	0.0380065
0.00435714	0.101576
0.00447384	0.0373646
0.00447715	0.106467
0.00461755	0.0367191
0.00466023	0.105646
0.00466023	0.105646
0.00476078	0.0360737
0.00486747	0.149993
0.00490904	0.035424
0.00494027	0.100766
0.00505968	0.0347745
0.00521466	0.0341202
0.00537361	0.0334661
0.00553535	0.0328067
0.00570296	0.0321476
0.00571527	0.15
0.00587196	0.0314826
0.00604842	0.030818
0.00622687	0.0301471
0.00637588	3.39528e-05
0.00640969	0.0294766
0.00659719	0.0287994
0.00678774	0.0281226
0.00698757	0.0274389
0.00718907	0.0267556
0.00740206	0.026065
0.00761973	0.025375
0.00784885	0.0246774
0.00808936	0.0239806
0.0082077	7.6057e-05
0.00834675	0.0232761
0.00860497	0.0225725
0.00886347	0.0218613
0.00916496	0.021151
0.00948843	0.0204333
0.00981187	0.0197169
0.010158	0.0189934
0.0103998	0.000134486
0.0105128	0.0182716
0.0108902	0.0175432
0.0112718	0.0168169
0.0116647	0.0160848
0.0120742	0.0153552
0.0123404	0.000208618
0.0124959	0.0146208
0.0124959	0.0146208
0.0129285	0.0138895
0.0133753	0.0131548
0.013859	0.0124237
0.0143941	0.011691
0.0144135	0.000298023
0.0149865	0.0109629
0.0156548	0.010236
0.0161899	0.000401793
0.0163811	0.00951516
0.0171382	0.00879905
0.017925	0.00051954
0.0179389	0.00809123
0.0187319	0.00739213
0.0193803	0.000650161
0.0194596	0.00670364
0.0201261	0.00602788
0.0206882	0.000793382
0.0208208	0.00536561
0.0216145	0.004721
0.0217739	0.000948021
0.0223884	0.00409447
0.0226067	0.00111391
0.0228961	0.00349305
0.0229938	0.0023775
0.0232151	0.00128994
0.0233323	0.001875
0.0234129	0.00291779
0.0236771	0.00147596
0.0240373	0.00167106
)
