(title "Skin Friction Coefficient")
(labels "Skin Friction Coefficient" "Position")

((xy/key/label "middleplane_pressureside")
2.73467e-05	0.0648488
5.02679e-05	0.0656143
7.30114e-05	0.0640841
0.000106397	0.0663795
0.000145575	0.0633192
0.000158928	0.0671456
0.000208504	0.0864673
0.000215875	0.0679114
0.000227191	0.062555
0.000228372	0
0.000270122	0.0686782
0.000275556	0.0810121
0.000300451	0.0817882
0.000316936	0.0617906
0.000322954	0.0694448
0.000326524	0.0802358
0.000366127	0.0702124
0.000393499	0.0709798
0.000398976	0.0725166
0.00040167	0.0732861
0.000401853	0.0794612
0.000401853	0.0794612
0.000403706	0.0717483
0.000403706	0.0717483
0.000409095	0.0610267
0.000413143	0.0740555
0.000443629	0.0748261
0.000464483	0.0856856
0.000492747	0.0755966
0.000505996	0.0602626
0.000507973	0.0786865
0.000523397	0.0872513
0.000532847	0.149586
0.000552764	0.0825663
0.000559867	0.0763685
0.000582832	0.0779134
0.000599627	0.059499
0.000605047	0.0771402
0.000700682	0.0587353
0.000707859	0.149796
0.000802337	0.057972
0.000862965	0.0849037
0.000907567	0.0572085
0.000920394	0.149165
0.000929443	0.0833441
0.000978721	0.0888214
0.00101923	0.0564453
0.00102538	0.135846
0.00104083	0.131309
0.00104328	0.132211
0.00106091	0.084124
0.00107466	0.0880352
0.00113488	0.055682
0.00115414	0.146139
0.00116291	0.13493
0.00118929	0.145186
0.00119127	0.133113
0.0011996	0.106467
0.00122258	0.144233
0.00124031	0.149901
0.00125464	0.0549189
0.00126353	0.130414
0.00128861	0.134021
0.00137206	0.1471
0.00137517	0.0541558
0.0013958	0.136761
0.00143617	0.091976
0.00148046	0.148613
0.00148046	0.148613
0.00150039	0.0533928
0.00156267	0.123353
0.00156548	0.129518
0.00158151	0.143288
0.00158701	0.122483
0.00162316	0.0526297
0.00163795	0.108939
0.00168101	0.148061
0.00168107	0.124224
0.00170854	0.0896076
0.00170885	0.0951516
0.00173767	0.12863
0.00175042	0.0518668
0.00180604	0.1251
0.001808	0.127741
0.00180859	0.0927671
0.00181166	0.105646
0.00181166	0.105646
0.00185212	0.121618
0.00187762	0.0511038
0.00190535	0.0943548
0.0019079	0.126859
0.0019079	0.126859
0.00191179	0.125976
0.00192356	0.0991534
0.00199662	0.137684
0.00200785	0.0503408
0.00201152	0.149954
0.00209186	0.0983506
0.0021072	0.142342
0.00211587	0.117328
0.00214201	0.0495779
0.00217797	0.108114
0.00220269	0.120753
0.00221183	0.119035
0.00221565	0.118182
0.0022364	0.107288
0.00227742	0.0488149
0.00227757	0.119894
0.00231556	0.138607
0.0023828	0.116479
0.00241745	0.0480519
0.00246046	0.0999597
0.00246775	0.139537
0.00247044	0.141405
0.00251555	0.109768
0.00255992	0.047289
0.00257431	0.140467
0.00270171	0.046526
0.00282449	0.093561
0.00285179	0.045763
0.00293555	0.0911848
0.00295711	0.14998
0.0029833	0.045
0.00309703	0.0443673
0.00320642	8.50803e-06
0.00321116	0.100766
0.00321652	0.0437347
0.00327208	0.115631
0.00333387	0.0431014
0.00335024	0.110598
0.00340236	0.0903962
0.00345494	0.0424681
0.00353886	0.0975476
0.00354478	0.0959482
0.00357709	0.0418335
0.00369365	0.104829
0.00370103	0.041199
0.00380111	0.114787
0.00382635	0.0405625
0.00382737	0.149993
0.00395462	0.0399261
0.00402649	0.111432
0.00408401	0.0392872
0.00421558	0.0386484
0.00424099	0.113944
0.00424257	0.101576
0.00434616	0.0380065
0.00437112	0.096748
0.00448573	0.0373646
0.00462595	0.102385
0.00462712	0.0367191
0.00467987	0.15
0.00477161	0.0360737
0.00477975	0.104012
0.00485016	0.103199
0.00491865	0.035424
0.00506895	0.0347745
0.00522469	0.0341202
0.00538134	0.0334661
0.00554551	0.0328067
0.00571021	0.0321476
0.00578201	0.112266
0.00582193	0.113105
0.00588188	0.0314826
0.00605593	0.030818
0.00623523	0.0301471
0.0064182	0.0294766
0.00643236	3.39528e-05
0.00660363	0.0287994
0.00679728	0.0281226
0.00699302	0.0274389
0.00719759	0.0267556
0.0074079	0.026065
0.00762651	0.025375
0.00785674	0.0246774
0.00809481	0.0239806
0.00828249	7.6057e-05
0.00835504	0.0232761
0.0086075	0.0225725
0.00887414	0.0218613
0.00917146	0.021151
0.00949178	0.0204333
0.00982225	0.0197169
0.0101606	0.0189934
0.010479	0.000134486
0.0105207	0.0182716
0.0108948	0.0175432
0.0112782	0.0168169
0.0116739	0.0160848
0.0120778	0.0153552
0.0124154	0.000208618
0.0125057	0.0146208
0.0125057	0.0146208
0.0129345	0.0138895
0.0133839	0.0131548
0.0138671	0.0124237
0.0143991	0.011691
0.0144829	0.000298023
0.014997	0.0109629
0.0156623	0.010236
0.0162544	0.000401793
0.0163923	0.00951516
0.0171496	0.00879905
0.0179487	0.00809123
0.0179846	0.00051954
0.0187466	0.00739213
0.0194383	0.000650161
0.0194737	0.00670364
0.0201412	0.00602788
0.0207433	0.000793382
0.0208385	0.00536561
0.0216331	0.004721
0.0218237	0.000948021
0.0224094	0.00409447
0.0226523	0.00111391
0.0229205	0.00349305
0.0230235	0.0023775
0.023258	0.00128994
0.023367	0.001875
0.0234408	0.00291779
0.0237174	0.00147596
0.0240756	0.00167106
)
