(title "Skin Friction Coefficient")
(labels "Skin Friction Coefficient" "Position")

((xy/key/label "middleplane_pressureside")
4.22658e-05	0.0648488
5.53963e-05	0.0656143
9.42297e-05	0.0640841
9.91689e-05	0.0833441
0.000117947	0.0663795
0.000166097	0.084124
0.000171194	0.0633192
0.000173809	0.0671456
0.000214436	0.0679114
0.000222609	0.0825663
0.000232092	0
0.000248679	0.0686782
0.000249816	0.062555
0.000278191	0.0694448
0.000311744	0.0702124
0.000329516	0.0617906
0.000351215	0.0709798
0.000389014	0.0771402
0.000392415	0.0763685
0.000399066	0.0717483
0.000399066	0.0717483
0.000416632	0.0610267
0.000438066	0.0755966
0.000439287	0.0849037
0.000447304	0.0725166
0.000455092	0.0779134
0.000469998	0.0748261
0.000476779	0.0732861
0.000486151	0.0740555
0.000505004	0.0602626
0.000515783	0.0817882
0.000547197	0.0786865
0.000603754	0.059499
0.000635472	0.0794612
0.000635472	0.0794612
0.000664265	0.0810121
0.00067562	0.0802358
0.000706011	0.0587353
0.000814259	0.057972
0.000822393	0.118182
0.000873007	0.0856856
0.000880742	0.127741
0.000892489	0.12863
0.000913782	0.0888214
0.000925026	0.0572085
0.00103576	0.0564453
0.00107849	0.126859
0.00107849	0.126859
0.00114963	0.055682
0.00117605	0.125976
0.00124366	0.136761
0.00126441	0.0549189
0.00127959	0.0864673
0.00131269	0.137684
0.00132418	0.0880352
0.0013606	0.129518
0.00138351	0.0541558
0.00142071	0.119035
0.00146073	0.117328
0.00150195	0.0943548
0.00150333	0.0533928
0.00151725	0.1251
0.00159616	0.0872513
0.00160488	0.0951516
0.00162996	0.0526297
0.00163543	0.142342
0.0017241	0.0896076
0.00174773	0.143288
0.00175688	0.0518668
0.00176289	0.104012
0.00177222	0.149796
0.00177378	0.0911848
0.00179419	0.149586
0.00181528	0.138607
0.00184134	0.149165
0.00184942	0.141405
0.00188767	0.0511038
0.00188965	0.149901
0.00192249	0.148613
0.00192249	0.148613
0.00195713	0.135846
0.00197018	0.148061
0.0020053	0.110598
0.00201012	0.144233
0.00202075	0.0503408
0.00204396	0.130414
0.00210209	0.103199
0.00211333	0.109768
0.00212652	0.1471
0.00215265	0.0495779
0.00216524	0.140467
0.0021753	0.124224
0.00218866	0.104829
0.00218964	0.139537
0.00223656	0.145186
0.00229022	0.0488149
0.0023097	0.146139
0.00234738	0.091976
0.00235287	0.116479
0.00239962	0.149954
0.00241094	0.0903962
0.00242366	0.0480519
0.00249975	0.108939
0.00256689	0.047289
0.00262801	0.111432
0.00270493	0.046526
0.00277701	0.119894
0.00278505	0.123353
0.0027936	0.108114
0.00281107	0.100766
0.00285588	0.045763
0.00287838	0.0999597
0.00291138	0.131309
0.00295366	0.105646
0.00295366	0.105646
0.00299253	0.045
0.00299995	0.112266
0.00303385	0.113105
0.00309302	0.102385
0.00310378	0.0443673
0.00313104	0.115631
0.00317007	0.14998
0.00318334	8.50803e-06
0.00322451	0.0437347
0.00325166	0.13493
0.00326906	0.122483
0.00327022	0.107288
0.00332271	0.113944
0.00333685	0.093561
0.00333976	0.0431014
0.00340422	0.096748
0.00344192	0.106467
0.00346219	0.0424681
0.00347738	0.114787
0.00351592	0.120753
0.00358307	0.0418335
0.00359298	0.101576
0.00359314	0.121618
0.00370746	0.041199
0.00376378	0.0959482
0.00379279	0.0975476
0.00380804	0.0927671
0.00383275	0.0405625
0.00386161	0.149993
0.00393571	0.132211
0.00396009	0.0399261
0.00396183	0.15
0.00409092	0.0392872
0.00422038	0.0386484
0.00435315	0.0380065
0.00441105	0.134021
0.00449041	0.0373646
0.00463341	0.0367191
0.00464006	0.133113
0.00477684	0.0360737
0.00492383	0.035424
0.00507507	0.0347745
0.00522882	0.0341202
0.00533268	0.0991534
0.00538833	0.0334661
0.00554928	0.0328067
0.00571672	0.0321476
0.00588612	0.0314826
0.00606091	0.030818
0.00624083	0.0301471
0.00634961	3.39528e-05
0.00635206	0.0983506
0.00642152	0.0294766
0.0066104	0.0287994
0.00679967	0.0281226
0.00699938	0.0274389
0.00720133	0.0267556
0.00741278	0.026065
0.00763203	0.025375
0.00785912	0.0246774
0.00810027	0.0239806
0.00816473	7.6057e-05
0.00835656	0.0232761
0.00861554	0.0225725
0.0088742	0.0218613
0.00917263	0.021151
0.00949894	0.0204333
0.00982018	0.0197169
0.010166	0.0189934
0.010352	0.000134486
0.0105221	0.0182716
0.0108967	0.0175432
0.0112815	0.0168169
0.0116711	0.0160848
0.0120813	0.0153552
0.0122968	0.000208618
0.0125039	0.0146208
0.0125039	0.0146208
0.0129332	0.0138895
0.0133828	0.0131548
0.0138622	0.0124237
0.0143745	0.000298023
0.0143997	0.011691
0.014992	0.0109629
0.0156585	0.010236
0.0161558	0.000401793
0.016386	0.00951516
0.0171392	0.00879905
0.0178952	0.00051954
0.0179418	0.00809123
0.0187339	0.00739213
0.0193521	0.000650161
0.0194591	0.00670364
0.0201257	0.00602788
0.0206623	0.000793382
0.0208196	0.00536561
0.0216121	0.004721
0.0217518	0.000948021
0.0223846	0.00409447
0.0225876	0.00111391
0.0228904	0.00349305
0.0229845	0.0023775
0.0231979	0.00128994
0.0233198	0.001875
0.023405	0.00291779
0.0236616	0.00147596
0.0240229	0.00167106
)
