(title "Skin Friction Coefficient")
(labels "Skin Friction Coefficient" "Position")

((xy/key/label "middleplane_pressureside")
3.456e-05	0.0648488
3.54994e-05	0.0656143
8.3115e-05	0.0663795
9.58269e-05	0.0640841
0.000137086	0.0671456
0.00016651	0.0633192
0.000195836	0.0679114
0.000215329	0.0856856
0.000236374	0.0864673
0.000236873	0
0.00024443	0.062555
0.000249114	0.0686782
0.000267129	0.0810121
0.000284309	0.0802358
0.000299276	0.0694448
0.000329654	0.0794612
0.000329654	0.0794612
0.000332801	0.0617906
0.000335471	0.0702124
0.00035734	0.0709798
0.000360652	0.0725166
0.000362785	0.0717483
0.000362785	0.0717483
0.000366518	0.0817882
0.00036976	0.0732861
0.000389435	0.0740555
0.00041825	0.0786865
0.000423589	0.0610267
0.000428324	0.0748261
0.000478433	0.0755966
0.000508974	0.0779134
0.000521596	0.0602626
0.000535477	0.0763685
0.000554955	0.0771402
0.000587409	0.0849037
0.000596417	0.0872513
0.000616319	0.059499
0.00064199	0.0825663
0.000705106	0.0880352
0.000716236	0.0587353
0.000819063	0.057972
0.000922953	0.0572085
0.000940669	0.084124
0.000944308	0.0833441
0.000961613	0.1251
0.00103314	0.0564453
0.00103823	0.0888214
0.00106029	0.125976
0.0011009	0.091976
0.00114698	0.055682
0.00126637	0.0549189
0.00127162	0.0983506
0.00134564	0.1471
0.00135332	0.0975476
0.00138368	0.124224
0.00138614	0.0541558
0.00144338	0.126859
0.00144338	0.126859
0.00148326	0.104829
0.00151148	0.0533928
0.00159309	0.127741
0.00162428	0.12863
0.00163184	0.119035
0.0016353	0.0526297
0.00163675	0.0991534
0.00165367	0.148061
0.00167702	0.146139
0.0017198	0.129518
0.0017619	0.0518668
0.00177867	0.119894
0.00181572	0.130414
0.00181964	0.105646
0.00181964	0.105646
0.00182749	0.0911848
0.00183379	0.0943548
0.00186385	0.123353
0.00189011	0.0511038
0.00194045	0.104012
0.00201867	0.0503408
0.00202231	0.118182
0.00204849	0.131309
0.00210818	0.0999597
0.00211451	0.111432
0.00215268	0.0495779
0.00222323	0.122483
0.0022278	0.120753
0.00227403	0.106467
0.00228686	0.0488149
0.00230529	0.148613
0.00230529	0.148613
0.0023149	0.0896076
0.0023547	0.145186
0.00237363	0.132211
0.00239108	0.121618
0.00241528	0.0927671
0.00241685	0.134021
0.00242209	0.133113
0.00242598	0.0480519
0.00243204	0.107288
0.00247617	0.093561
0.00254423	0.112266
0.00256908	0.047289
0.00266712	0.117328
0.00267671	0.096748
0.00267979	0.110598
0.00270157	0.108114
0.00271008	0.046526
0.00274592	0.137684
0.00275269	0.0951516
0.00276083	0.136761
0.00281905	0.149165
0.00283011	0.13493
0.00286243	0.045763
0.00299277	0.045
0.00305404	0.149586
0.00310584	0.0443673
0.00313772	0.135846
0.00318308	8.50803e-06
0.00321054	0.149796
0.00322569	0.0437347
0.00322895	0.0903962
0.00326964	0.113105
0.0033426	0.0431014
0.00336468	0.138607
0.00341469	0.144233
0.0034416	0.116479
0.0034641	0.0424681
0.00351782	0.108939
0.00356788	0.109768
0.00358554	0.0418335
0.00364542	0.103199
0.00366194	0.100766
0.00371013	0.041199
0.00374212	0.113944
0.00377203	0.139537
0.00383471	0.0405625
0.00384467	0.0959482
0.00389155	0.149901
0.00392497	0.115631
0.00396353	0.0399261
0.00398546	0.114787
0.00409248	0.0392872
0.00422415	0.0386484
0.00423562	0.140467
0.00435485	0.0380065
0.00449391	0.0373646
0.00463594	0.0367191
0.00466637	0.143288
0.00477954	0.0360737
0.00492752	0.035424
0.00494116	0.141405
0.00507693	0.0347745
0.0052332	0.0341202
0.00528977	0.142342
0.00538984	0.0334661
0.00555354	0.0328067
0.00571874	0.0321476
0.00574533	0.149954
0.00588978	0.0314826
0.00606463	0.030818
0.00621057	0.102385
0.00624314	0.0301471
0.00632172	3.39528e-05
0.00640418	0.101576
0.00642666	0.0294766
0.00661162	0.0287994
0.00680501	0.0281226
0.00700146	0.0274389
0.00720494	0.0267556
0.00741608	0.026065
0.00763369	0.025375
0.00786393	0.0246774
0.00810368	0.0239806
0.00812253	7.6057e-05
0.00815253	0.14998
0.00836233	0.0232761
0.00861357	0.0225725
0.00888026	0.0218613
0.00917943	0.021151
0.00949766	0.0204333
0.00982785	0.0197169
0.0101601	0.149993
0.0101669	0.0189934
0.0103055	0.000134486
0.0105251	0.0182716
0.0109	0.0175432
0.0110682	0.15
0.011282	0.0168169
0.0116774	0.0160848
0.0120809	0.0153552
0.0122539	0.000208618
0.0125075	0.0146208
0.0125075	0.0146208
0.0129365	0.0138895
0.013384	0.0131548
0.0138672	0.0124237
0.0143359	0.000298023
0.014398	0.011691
0.0149938	0.0109629
0.0156583	0.010236
0.0161213	0.000401793
0.0163857	0.00951516
0.0171418	0.00879905
0.0178649	0.00051954
0.017938	0.00809123
0.0187331	0.00739213
0.019323	0.000650161
0.0194572	0.00670364
0.0201209	0.00602788
0.0206353	0.000793382
0.0208154	0.00536561
0.0216068	0.004721
0.0217279	0.000948021
0.0223774	0.00409447
0.0225664	0.00111391
0.0228811	0.00349305
0.0229725	0.0023775
0.0231784	0.00128994
0.0233048	0.001875
0.0233942	0.00291779
0.0236437	0.00147596
0.0240062	0.00167106
)
