(title "Skin Friction Coefficient")
(labels "Skin Friction Coefficient" "Position")

((xy/key/label "middleplane_pressureside")
2.6441e-05	0.0648488
4.98085e-05	0.0656143
7.54738e-05	0.0640841
0.000107053	0.0663795
0.000148179	0.0633192
0.00016078	0.0671456
0.000174613	0.0864673
0.000219046	0.0679114
0.00022746	0
0.000227728	0.062555
0.000238602	0.0856856
0.000272295	0.0686782
0.000306168	0.0810121
0.000316957	0.0617906
0.000323582	0.0694448
0.000331081	0.0802358
0.000362454	0.0702124
0.000382203	0.0794612
0.000382203	0.0794612
0.000387956	0.0817882
0.000388811	0.0709798
0.000398446	0.0725166
0.000398957	0.0717483
0.000398957	0.0717483
0.000406382	0.0732861
0.000408194	0.0610267
0.000422743	0.0740555
0.000456847	0.0748261
0.000476754	0.0786865
0.000496903	0.0872513
0.000504974	0.0755966
0.000506727	0.0602626
0.000556775	0.0779134
0.000564139	0.0763685
0.000577418	0.0880352
0.000591329	0.0771402
0.000601784	0.059499
0.000624241	0.0849037
0.00065295	0.0825663
0.000702065	0.0587353
0.00080591	0.057972
0.000808936	0.113105
0.0008223	0.112266
0.000863895	0.138607
0.000905532	0.127741
0.000910724	0.0572085
0.000920983	0.0888214
0.000938956	0.0833441
0.000939529	0.084124
0.00102175	0.0564453
0.00103889	0.12863
0.00107136	0.091976
0.00108016	0.126859
0.00108016	0.126859
0.00113632	0.055682
0.00122972	0.129518
0.0012552	0.137684
0.00125615	0.0549189
0.0013034	0.130414
0.00137621	0.0541558
0.00141926	0.118182
0.00143671	0.119035
0.00144571	0.125976
0.00146521	0.113944
0.0014736	0.139537
0.00150158	0.0533928
0.00150393	0.0911848
0.00151464	0.108939
0.00151743	0.122483
0.00152427	0.111432
0.00154806	0.108114
0.00155106	0.119894
0.00155759	0.131309
0.00157739	0.121618
0.00162301	0.120753
0.00162552	0.0526297
0.00168299	0.117328
0.00171542	0.123353
0.00172856	0.0943548
0.00175233	0.0518668
0.00186157	0.145186
0.00186335	0.0983506
0.00186497	0.109768
0.00186754	0.1251
0.00188074	0.0511038
0.00192656	0.132211
0.0019941	0.101576
0.00200012	0.124224
0.00200991	0.0503408
0.0020306	0.110598
0.00212386	0.107288
0.00212937	0.144233
0.00214369	0.136761
0.00214411	0.0495779
0.00215191	0.0896076
0.00221624	0.0951516
0.00222831	0.0991534
0.00225505	0.133113
0.00227875	0.0488149
0.00230288	0.0927671
0.00231762	0.140467
0.00233586	0.114787
0.00238619	0.100766
0.00241798	0.0480519
0.00241991	0.0999597
0.00248153	0.116479
0.00248315	0.102385
0.00255827	0.093561
0.00256111	0.047289
0.00257546	0.134021
0.00261198	0.135846
0.00263306	0.146139
0.00263825	0.0975476
0.00268901	0.143288
0.00270223	0.046526
0.00273397	0.13493
0.00278687	0.141405
0.0028073	0.0903962
0.00284712	0.142342
0.00285402	0.045763
0.0028989	0.115631
0.00298168	0.106467
0.00298468	0.045
0.00309805	0.0443673
0.00315709	8.50803e-06
0.00321776	0.0437347
0.0033348	0.0431014
0.0034463	0.148613
0.0034463	0.148613
0.00345611	0.0424681
0.00349718	0.1471
0.00352249	0.148061
0.00357778	0.0418335
0.0037021	0.041199
0.00377175	0.149165
0.00382694	0.0405625
0.003928	0.103199
0.00395547	0.0399261
0.00397103	0.105646
0.00397103	0.105646
0.00408459	0.0392872
0.00421619	0.0386484
0.00434545	0.0959482
0.00434681	0.0380065
0.00445829	0.149586
0.00448609	0.0373646
0.00458905	0.096748
0.00462781	0.0367191
0.00472381	0.104829
0.00477179	0.0360737
0.00484147	0.104012
0.00491925	0.035424
0.00506906	0.0347745
0.00522496	0.0341202
0.00538153	0.0334661
0.00542527	0.149796
0.00554525	0.0328067
0.00571035	0.0321476
0.00588159	0.0314826
0.00605604	0.030818
0.00623485	0.0301471
0.00631771	3.39528e-05
0.00641796	0.0294766
0.00650884	0.149901
0.00660316	0.0287994
0.00679653	0.0281226
0.00699265	0.0274389
0.00719645	0.0267556
0.00740719	0.026065
0.00762518	0.025375
0.00774482	0.149954
0.00785532	0.0246774
0.00809387	0.0239806
0.00809544	0.15
0.00812726	7.6057e-05
0.00835336	0.0232761
0.00860539	0.0225725
0.00887183	0.0218613
0.00887331	0.14998
0.00916966	0.021151
0.00948892	0.0204333
0.00981922	0.0197169
0.00982791	0.149993
0.0101575	0.0189934
0.0103142	0.000134486
0.0105168	0.0182716
0.0108908	0.0175432
0.0112737	0.0168169
0.0116687	0.0160848
0.0120722	0.0153552
0.0122617	0.000208618
0.0124995	0.0146208
0.0124995	0.0146208
0.0129277	0.0138895
0.0133764	0.0131548
0.0138586	0.0124237
0.0143422	0.000298023
0.0143903	0.011691
0.0149867	0.0109629
0.015651	0.010236
0.0161259	0.000401793
0.016379	0.00951516
0.0171347	0.00879905
0.0178675	0.00051954
0.0179319	0.00809123
0.0187269	0.00739213
0.0193248	0.000650161
0.0194517	0.00670364
0.0201157	0.00602788
0.0206362	0.000793382
0.0208105	0.00536561
0.021602	0.004721
0.0217278	0.000948021
0.0223733	0.00409447
0.0225655	0.00111391
0.0228779	0.00349305
0.0229696	0.0023775
0.0231769	0.00128994
0.0233026	0.001875
0.0233909	0.00291779
0.0236417	0.00147596
0.024004	0.00167106
)
