(title "X-Wall Shear Stress")
(labels "X-Wall Shear Stress" "Position")

((xy/key/label "middleplane_suctionside")
-1.05916	0.0790047
-0.96803	0.079834
-0.810989	0.0781767
-0.784608	0.0715473
-0.661513	0.0723754
-0.655447	0.0806604
-0.380132	0.0773463
-0.346885	0.0814909
-0.332521	0.0707182
-0.316507	0.149743
-0.276575	0.14973
-0.252693	0.131162
-0.241514	0.130371
-0.226116	0.149704
-0.21838	0.0732043
-0.21063	0.0665807
-0.209791	0.131951
-0.201221	0.0657532
-0.179146	0.129579
-0.17658	0.082317
-0.172291	0.14823
-0.172068	0.149652
-0.171408	0.148601
-0.159555	0.149749
-0.155791	0.148972
-0.152222	0.147469
-0.14143	0.149343
-0.141323	0.149549
-0.131406	0.067407
-0.128786	0.136663
-0.121016	0.146708
-0.118164	0.137444
-0.117292	0.0607997
-0.115699	0.0831475
-0.11357	0.0649273
-0.106781	0.132739
-0.103188	0.138223
-0.102901	0.061625
-0.100217	0.145944
-0.0984351	0.0599766
-0.0940056	0.128786
-0.0875957	0.145179
-0.0793938	0.139002
-0.0707356	0.0550455
-0.0689402	0.0542254
-0.0674698	0.0591524
-0.0658012	0.125604
-0.0653509	0.126401
-0.0646376	0.0558648
-0.0627853	0.0534074
-0.0609055	0.144411
-0.057026	0.0501416
-0.0565387	0.0493266
-0.0564425	0.0525887
-0.055526	0.0509558
-0.0550941	0.124806
-0.0548092	0.0485143
-0.0538554	0.124006
-0.0535649	0.0517727
-0.0511384	0.142873
-0.0511032	0.135881
-0.050115	0.0477015
-0.0498283	0.123205
-0.0475857	0.142101
-0.0467903	0.122404
-0.0466414	0.143643
-0.0450741	0.0881126
-0.0449295	0.0566866
-0.0440127	0.0468912
-0.041372	0.127197
-0.0403238	0.127992
-0.0376476	0.0460808
-0.0371862	0.0583304
-0.032329	0.0453912
-0.0300701	0.0872836
-0.0283333	0.0575074
-0.0278248	0.0839744
-0.0276129	0.1216
-0.026348	0.0447016
-0.0259209	0.0624492
-0.0229348	0.139779
-0.0198963	0.0440029
-0.0195848	0.141328
-0.017064	0.0765191
-0.0114889	0.0433041
-0.00187155	0.0425965
0.00321893	0.140555
0.00609172	0.0641003
0.00953703	0.120799
0.00975609	0.0418887
0.0137198	0.0889371
0.0158776	0.112724
0.0225526	0.0411723
0.0227152	0.111912
0.0257298	0.133526
0.026199	0.113533
0.033174	0.0864586
0.0337708	0.1111
0.0354091	0.0404558
0.0354828	0.119994
0.0470063	0.0632753
0.047152	0.110285
0.0498102	0.039731
0.0510951	0.114345
0.0579334	0.119191
0.0607762	0.0740311
0.0640781	0.039006
0.067913	0.0682353
0.0735095	8.24209e-05
0.0748815	0.109472
0.0783955	0.115153
0.0795918	0.0382731
0.0797487	0.135097
0.0818098	0.118386
0.0853678	0.0848036
0.0962852	0.0375401
0.0973496	0.115964
0.0975479	0.11758
0.103276	0.116772
0.107747	0.0856305
0.113098	0.0367996
0.115625	0.134312
0.131516	0.108655
0.132273	0.0360589
0.15028	0.0353113
0.170589	0.0345636
0.175776	0.0897658
0.179242	0.075688
0.188838	0.00011253
0.190473	0.0338094
0.191544	0.0748616
0.210318	0.0698909
0.210637	0.0330552
0.210637	0.0330552
0.216946	0.107841
0.216946	0.107841
0.23374	0.0322952
0.251854	0.0947171
0.255479	0.0315354
0.261041	0.0938908
0.274031	0.102936
0.278583	0.0307708
0.287693	0.0955387
0.293027	0.103754
0.295931	0.102114
0.299726	0.0300065
0.304082	0.107024
0.316155	0.0690626
0.321918	0.0292382
0.323452	0.0930684
0.330975	0.000166752
0.331494	0.101296
0.341061	0.0963647
0.345174	0.0284702
0.346808	0.104574
0.350279	0.0905909
0.356014	0.100474
0.367786	0.0276991
0.370389	0.106209
0.379963	0.0996547
0.384875	0.0971866
0.3891	0.105392
0.395333	0.0269284
0.401137	0.098833
0.405706	0.0980108
0.410148	0.0922427
0.410148	0.0922427
0.41903	0.0261561
0.439173	0.091418
0.444391	0.0253844
0.474058	0.0246121
0.493241	0.00024267
0.50474	0.0238405
0.532764	0.0230708
0.556336	0.0223023
0.587217	0.0215355
0.621805	0.0207706
0.653176	0.0200097
0.660712	0.000341303
0.689337	0.019251
0.721714	0.0184982
0.753896	0.017748
0.790847	0.0170054
0.829372	0.000456433
0.829798	0.0162654
0.874032	0.0155359
0.921909	0.0148092
0.961603	0.0140962
0.995064	0.00059126
0.999844	0.0133865
1.04253	0.0126915
1.09523	0.0120004
1.14496	0.0113271
1.15139	0.000736003
1.20255	0.0106588
1.25862	0.0100098
1.29117	0.000896333
1.3156	0.0093677
1.38279	0.00874669
1.42489	0.00105995
1.45615	0.00813306
1.50768	0.00754529
1.53751	0.00123677
1.55861	0.00696551
1.59506	0.00641152
1.63388	0.00586785
1.63742	0.00140978
1.69347	0.00534934
1.72818	0.00159315
1.76415	0.00484274
1.78435	0.0017695
1.8058	0.00436711
1.83131	0.00195389
1.8347	0.00230864
1.84287	0.00267424
1.84748	0.00390581
1.8516	0.00305901
1.86002	0.00212956
1.86036	0.00347298
)
