(title "X-Wall Shear Stress")
(labels "X-Wall Shear Stress" "Position")

((xy/key/label "middleplane_suctionside")
-1.07597	0.075688
-1.01117	0.0765191
-0.701109	0.0773463
-0.626375	0.0748616
-0.509704	0.0781767
-0.420416	0.0707182
-0.405007	0.0790047
-0.357146	0.0715473
-0.313239	0.079834
-0.303661	0.130371
-0.293702	0.131162
-0.290626	0.0657532
-0.282073	0.0698909
-0.200227	0.0665807
-0.197838	0.0723754
-0.187636	0.129579
-0.168595	0.0649273
-0.156282	0.138223
-0.146794	0.137444
-0.144362	0.139002
-0.141642	0.0806604
-0.139721	0.0740311
-0.139038	0.146708
-0.134952	0.131951
-0.132812	0.145944
-0.130934	0.149743
-0.119589	0.139779
-0.119132	0.147469
-0.118647	0.136663
-0.116929	0.148601
-0.116201	0.0599766
-0.115966	0.148972
-0.11471	0.0607997
-0.11206	0.145179
-0.11092	0.14823
-0.108188	0.149343
-0.106595	0.0591524
-0.0988105	0.14973
-0.090921	0.144411
-0.0899202	0.140555
-0.0800729	0.149549
-0.0767412	0.135881
-0.0725753	0.0542254
-0.0677604	0.0534074
-0.0672428	0.149749
-0.0668997	0.143643
-0.0667851	0.149704
-0.0645893	0.0550455
-0.0622761	0.0525887
-0.0618832	0.0583304
-0.0602758	0.141328
-0.0560399	0.149652
-0.0550405	0.0485143
-0.0546603	0.0477015
-0.0544214	0.0493266
-0.052621	0.0517727
-0.0520294	0.0501416
-0.050682	0.0509558
-0.04948	0.0468912
-0.0453902	0.142873
-0.0432439	0.0460808
-0.043188	0.0732043
-0.0426534	0.142101
-0.0388633	0.0453912
-0.0336724	0.0558648
-0.0314404	0.0447016
-0.0298604	0.061625
-0.0244111	0.0440029
-0.0161926	0.0433041
-0.0107061	0.0575074
-0.00781774	0.0425965
-0.00724571	0.0641003
-0.00556237	0.0566866
-0.00483089	0.135097
-0.000847792	0.128786
0.00276691	0.0418887
0.00688121	0.0856305
0.013934	0.0411723
0.0272721	0.0404558
0.0367127	0.0848036
0.0414286	0.039731
0.055816	0.11758
0.0565924	0.039006
0.0581659	0.116772
0.0617217	0.113533
0.0630287	0.114345
0.063918	0.115964
0.065225	0.115153
0.0690241	0.118386
0.0691916	0.132739
0.0717582	0.112724
0.0719016	0.0864586
0.0725332	8.24209e-05
0.0732621	0.0382731
0.0845744	0.0690626
0.0875732	0.100474
0.0894534	0.0375401
0.0912564	0.107024
0.0914223	0.106209
0.0937532	0.111912
0.0959561	0.107841
0.0959561	0.107841
0.098503	0.119191
0.104395	0.108655
0.106776	0.0996547
0.107791	0.0367996
0.109743	0.0624492
0.11048	0.105392
0.111468	0.101296
0.112376	0.134312
0.113299	0.1111
0.115537	0.109472
0.120472	0.110285
0.124878	0.067407
0.125286	0.0360589
0.125531	0.0632753
0.132558	0.119994
0.140839	0.127992
0.144714	0.0353113
0.156972	0.104574
0.162311	0.120799
0.164608	0.0345636
0.165363	0.098833
0.165994	0.102114
0.168937	0.133526
0.177715	0.0872836
0.180449	0.1216
0.183957	0.123205
0.184194	0.122404
0.184764	0.0338094
0.186499	0.00011253
0.191999	0.127197
0.200327	0.0814909
0.20097	0.124006
0.203842	0.103754
0.207072	0.0330552
0.207072	0.0330552
0.211493	0.102936
0.22305	0.126401
0.228675	0.0322952
0.233924	0.0980108
0.234425	0.124806
0.247299	0.125604
0.253441	0.0315354
0.27237	0.0881126
0.274875	0.0307708
0.296967	0.0300065
0.309361	0.0971866
0.316192	0.0682353
0.320202	0.0292382
0.320369	0.0839744
0.327412	0.0889371
0.32757	0.000166752
0.341297	0.0284702
0.345639	0.0897658
0.361208	0.0905909
0.367748	0.0276991
0.378005	0.091418
0.378993	0.0963647
0.392616	0.0269284
0.395706	0.0922427
0.395706	0.0922427
0.410049	0.0930684
0.418558	0.0261561
0.424804	0.0955387
0.432552	0.0938908
0.443782	0.0947171
0.444543	0.0253844
0.471709	0.0246121
0.489137	0.00024267
0.506217	0.0238405
0.530869	0.0230708
0.556927	0.0223023
0.580805	0.082317
0.588589	0.0215355
0.620752	0.0207706
0.647391	0.0831475
0.655342	0.0200097
0.655911	0.000341303
0.688474	0.019251
0.722068	0.0184982
0.754933	0.017748
0.790035	0.0170054
0.823928	0.000456433
0.831533	0.0162654
0.874642	0.0155359
0.923102	0.0148092
0.962494	0.0140962
0.989101	0.00059126
0.9996	0.0133865
1.04351	0.0126915
1.09487	0.0120004
1.14518	0.000736003
1.14622	0.0113271
1.20289	0.0106588
1.2578	0.0100098
1.28456	0.000896333
1.3163	0.0093677
1.38186	0.00874669
1.41793	0.00105995
1.45631	0.00813306
1.50683	0.00754529
1.5306	0.00123677
1.55678	0.00696551
1.59442	0.00641152
1.63074	0.00140978
1.63219	0.00586785
1.69171	0.00534934
1.72136	0.00159315
1.76205	0.00484274
1.77784	0.0017695
1.80304	0.00436711
1.82537	0.00195389
1.82969	0.00230864
1.83824	0.00267424
1.84429	0.00390581
1.84736	0.00305901
1.85441	0.00212956
1.85647	0.00347298
)
