(title "X-Wall Shear Stress")
(labels "X-Wall Shear Stress" "Position")

((xy/key/label "middleplane_suctionside")
-0.857818	0.075688
-0.83755	0.0748616
-0.646631	0.0765191
-0.539004	0.0740311
-0.412334	0.0707182
-0.397926	0.0698909
-0.394718	0.0773463
-0.37532	0.0814909
-0.355381	0.0806604
-0.330773	0.0715473
-0.283605	0.149743
-0.272222	0.0690626
-0.255382	0.082317
-0.253937	0.0732043
-0.237699	0.14973
-0.22677	0.079834
-0.218151	0.0723754
-0.215393	0.14823
-0.214463	0.148601
-0.201777	0.147469
-0.201588	0.0781767
-0.192307	0.149704
-0.190363	0.146708
-0.189616	0.148972
-0.177278	0.149343
-0.176999	0.0632753
-0.164408	0.149549
-0.164176	0.149652
-0.157746	0.0641003
-0.14974	0.145944
-0.139607	0.0790047
-0.138168	0.149749
-0.110609	0.0831475
-0.0918633	0.145179
-0.0629958	0.0566866
-0.0618715	0.0575074
-0.0588783	0.0509558
-0.0574042	0.0517727
-0.0568374	0.0624492
-0.0561798	0.0501416
-0.0531129	0.0493266
-0.0507634	0.0558648
-0.0503592	0.0525887
-0.0495697	0.0485143
-0.0484139	0.130371
-0.0463154	0.0477015
-0.0456409	0.0550455
-0.0447304	0.144411
-0.0442684	0.0542254
-0.0438238	0.0468912
-0.0425839	0.0583304
-0.0422231	0.0534074
-0.0397524	0.0460808
-0.0394707	0.129579
-0.0381348	0.0839744
-0.0364095	0.0453912
-0.0355774	0.0897658
-0.0307795	0.0447016
-0.0247942	0.0591524
-0.0237032	0.0440029
-0.0235608	0.143643
-0.0220168	0.131162
-0.0205248	0.0682353
-0.0160144	0.124806
-0.0145203	0.0905909
-0.0144343	0.0433041
-0.0119406	0.0599766
-0.0113705	0.124006
-0.00993787	0.128786
-0.00971907	0.0848036
-0.00828671	0.0649273
-0.00464289	0.0425965
-0.00322571	0.125604
-0.00223727	0.0889371
0.00510639	0.11758
0.00518634	0.118386
0.00591953	0.123205
0.00663648	0.0418887
0.013283	0.119191
0.017076	0.127992
0.0174809	0.126401
0.0183385	0.0411723
0.0193393	0.116772
0.0231593	0.119994
0.0236931	0.122404
0.0271818	0.127197
0.0282781	0.0607997
0.0304335	0.0404558
0.0327556	0.120799
0.0328305	0.131951
0.0341153	0.1216
0.0363974	0.142873
0.037093	0.139779
0.040474	0.091418
0.0427942	0.061625
0.0443349	0.039731
0.0473952	0.115964
0.0506935	0.0856305
0.0577761	0.110285
0.0583091	0.039006
0.0616811	0.139002
0.0641917	0.109472
0.0668361	0.136663
0.0686784	0.135881
0.0729712	8.24209e-05
0.0740379	0.140555
0.0745822	0.0382731
0.0756694	0.137444
0.0761964	0.0881126
0.0764527	0.135097
0.0826217	0.138223
0.0833486	0.115153
0.0859456	0.132739
0.0913348	0.0375401
0.0939547	0.1111
0.094722	0.134312
0.105106	0.0922427
0.105106	0.0922427
0.107396	0.133526
0.108935	0.0367996
0.111219	0.108655
0.119414	0.114345
0.123025	0.0864586
0.125454	0.142101
0.12803	0.0360589
0.135687	0.111912
0.135841	0.100474
0.135899	0.0996547
0.136137	0.0872836
0.140691	0.141328
0.144782	0.113533
0.146078	0.0353113
0.151887	0.112724
0.155745	0.098833
0.156205	0.101296
0.158281	0.0930684
0.159947	0.0657532
0.166628	0.0345636
0.175387	0.0980108
0.178791	0.107841
0.178791	0.107841
0.180399	0.102114
0.186055	0.0338094
0.187525	0.00011253
0.189537	0.0971866
0.198226	0.102936
0.198236	0.0938908
0.204581	0.0963647
0.207097	0.0330552
0.207097	0.0330552
0.210442	0.103754
0.217295	0.0955387
0.218366	0.067407
0.219511	0.0947171
0.229168	0.104574
0.229998	0.0322952
0.231934	0.107024
0.252497	0.0315354
0.25382	0.105392
0.256915	0.106209
0.267473	0.0665807
0.276025	0.0307708
0.296998	0.0300065
0.320159	0.0292382
0.329068	0.000166752
0.342512	0.0284702
0.365971	0.0276991
0.393436	0.0269284
0.417065	0.0261561
0.443866	0.0253844
0.472438	0.0246121
0.490963	0.00024267
0.504247	0.0238405
0.531851	0.0230708
0.554708	0.0223023
0.587239	0.0215355
0.620691	0.0207706
0.653003	0.0200097
0.658034	0.000341303
0.689165	0.019251
0.720585	0.0184982
0.754166	0.017748
0.789975	0.0170054
0.826288	0.000456433
0.829643	0.0162654
0.874316	0.0155359
0.921454	0.0148092
0.962167	0.0140962
0.991672	0.00059126
0.999629	0.0133865
1.04192	0.0126915
1.09495	0.0120004
1.14489	0.0113271
1.14784	0.000736003
1.20289	0.0106588
1.25781	0.0100098
1.28733	0.000896333
1.31544	0.0093677
1.3822	0.00874669
1.42082	0.00105995
1.45499	0.00813306
1.5077	0.00754529
1.53348	0.00123677
1.55745	0.00696551
1.59416	0.00641152
1.6331	0.00586785
1.63351	0.00140978
1.69192	0.00534934
1.72418	0.00159315
1.76281	0.00484274
1.78053	0.0017695
1.80421	0.00436711
1.8278	0.00195389
1.83171	0.00230864
1.84006	0.00267424
1.84533	0.00390581
1.84903	0.00305901
1.85669	0.00212956
1.85801	0.00347298
)
