(title "X-Wall Shear Stress")
(labels "X-Wall Shear Stress" "Position")

((xy/key/label "middleplane_suctionside")
-0.621752	0.0723754
-0.521401	0.0715473
-0.517285	0.0732043
-0.379052	0.0790047
-0.374018	0.079834
-0.352851	0.0740311
-0.306245	0.0806604
-0.303226	0.0781767
-0.242666	0.0707182
-0.218312	0.0814909
-0.1781	0.0748616
-0.154941	0.0773463
-0.150196	0.082317
-0.108617	0.0641003
-0.098796	0.0649273
-0.0717869	0.0599766
-0.0713971	0.0591524
-0.0679111	0.0831475
-0.0653403	0.0632753
-0.0595285	0.0525887
-0.0593219	0.0542254
-0.0590554	0.0534074
-0.0586126	0.0583304
-0.0583049	0.0517727
-0.0569047	0.075688
-0.0551007	0.0509558
-0.0544826	0.0550455
-0.054432	0.0501416
-0.0537766	0.0485143
-0.0537487	0.0493266
-0.0525718	0.0477015
-0.0488943	0.0575074
-0.0474294	0.0468912
-0.0468351	0.0765191
-0.0439305	0.0558648
-0.0428342	0.0460808
-0.0412777	0.0698909
-0.0411575	0.0682353
-0.0398238	0.0566866
-0.0367336	0.0453912
-0.0295875	0.0447016
-0.0284848	0.1216
-0.0284658	0.0607997
-0.0243426	0.0657532
-0.0227748	0.0440029
-0.0227488	0.127992
-0.0216079	0.128786
-0.0204847	0.0690626
-0.0179747	0.129579
-0.0147304	0.0433041
-0.014281	0.127197
-0.0125848	0.130371
-0.00911347	0.122404
-0.00722514	0.134312
-0.00650677	0.135097
-0.006205	0.0425965
-0.00258998	0.126401
-0.00186059	0.120799
-0.00150727	0.131162
0.00129563	0.133526
0.00278303	0.0624492
0.00312929	0.125604
0.00416139	0.0418887
0.00619766	0.135881
0.00659735	0.067407
0.00876015	0.131951
0.00957061	0.132739
0.0155817	0.124806
0.0163658	0.0411723
0.0217774	0.061625
0.0249586	0.123205
0.0297257	0.0404558
0.0301781	0.136663
0.0321259	0.124006
0.0325901	0.0839744
0.0340678	0.119994
0.038252	0.0665807
0.0421568	0.119191
0.043637	0.118386
0.0437409	0.039731
0.0585817	0.137444
0.0597798	0.039006
0.0639379	0.139002
0.0656139	0.139779
0.0657596	0.107841
0.0657596	0.107841
0.0662266	0.098833
0.0705257	0.138223
0.0731487	8.24209e-05
0.0736036	0.107024
0.0740954	0.108655
0.0747587	0.0382731
0.0798774	0.14823
0.0802439	0.0980108
0.0868499	0.148601
0.0882167	0.147469
0.0897791	0.140555
0.0920296	0.0375401
0.0934241	0.0996547
0.0994831	0.106209
0.100603	0.109472
0.10595	0.11758
0.108253	0.148972
0.108884	0.0367996
0.111296	0.0848036
0.120333	0.146708
0.123544	0.141328
0.12695	0.0360589
0.135008	0.105392
0.135418	0.149749
0.142409	0.110285
0.142829	0.149343
0.146718	0.0353113
0.146789	0.100474
0.147466	0.0856305
0.149315	0.0864586
0.14999	0.142101
0.15103	0.0971866
0.159381	0.142873
0.160296	0.091418
0.162017	0.143643
0.164526	0.104574
0.165431	0.0345636
0.168282	0.0872836
0.176028	0.145944
0.18172	0.149549
0.182237	0.144411
0.185893	0.0905909
0.187449	0.0922427
0.187449	0.0922427
0.187576	0.0338094
0.187973	0.00011253
0.190778	0.103754
0.197095	0.1111
0.198764	0.101296
0.20032	0.145179
0.201713	0.0938908
0.202652	0.0947171
0.206677	0.149652
0.207573	0.0330552
0.207573	0.0330552
0.213861	0.0930684
0.214375	0.102936
0.216288	0.0963647
0.221582	0.0955387
0.22232	0.102114
0.225411	0.0881126
0.229479	0.149704
0.230425	0.0322952
0.236797	0.0897658
0.237689	0.116772
0.250956	0.14973
0.2542	0.0315354
0.260286	0.111912
0.261713	0.0889371
0.26957	0.149743
0.274944	0.0307708
0.298804	0.0300065
0.319404	0.0292382
0.327602	0.112724
0.329794	0.000166752
0.343188	0.0284702
0.367833	0.0276991
0.370392	0.115964
0.392683	0.0269284
0.393967	0.113533
0.419915	0.0261561
0.440478	0.114345
0.441316	0.115153
0.442976	0.0253844
0.473065	0.0246121
0.491948	0.00024267
0.505613	0.0238405
0.530454	0.0230708
0.557525	0.0223023
0.58719	0.0215355
0.621561	0.0207706
0.654597	0.0200097
0.659265	0.000341303
0.688037	0.019251
0.722541	0.0184982
0.753989	0.017748
0.790572	0.0170054
0.827739	0.000456433
0.831157	0.0162654
0.873885	0.0155359
0.922856	0.0148092
0.961874	0.0140962
0.993315	0.00059126
0.999701	0.0133865
1.04358	0.0126915
1.09505	0.0120004
1.14605	0.0113271
1.14961	0.000736003
1.2028	0.0106588
1.25841	0.0100098
1.28922	0.000896333
1.3164	0.0093677
1.38253	0.00874669
1.42281	0.00105995
1.45699	0.00813306
1.50755	0.00754529
1.5355	0.00123677
1.55811	0.00696551
1.59542	0.00641152
1.63355	0.00586785
1.63553	0.00140978
1.69333	0.00534934
1.72626	0.00159315
1.76388	0.00484274
1.78254	0.0017695
1.80518	0.00436711
1.8297	0.00195389
1.8334	0.00230864
1.84172	0.00267424
1.84686	0.00390581
1.85057	0.00305901
1.85852	0.00212956
1.85945	0.00347298
)
