(title "X-Wall Shear Stress")
(labels "X-Wall Shear Stress" "Position")

((xy/key/label "middleplane_suctionside")
-0.872334	0.0781767
-0.822359	0.0790047
-0.733633	0.0723754
-0.713544	0.0715473
-0.615645	0.079834
-0.60403	0.0773463
-0.405159	0.0732043
-0.396862	0.0806604
-0.298114	0.0707182
-0.236098	0.0765191
-0.167535	0.0657532
-0.134313	0.0665807
-0.126746	0.139779
-0.11638	0.0649273
-0.116103	0.146708
-0.107121	0.0814909
-0.103237	0.147469
-0.088145	0.0599766
-0.074965	0.140555
-0.074566	0.0607997
-0.0739066	0.0591524
-0.0711528	0.139002
-0.0690603	0.145944
-0.0609469	0.0542254
-0.0595594	0.14823
-0.0591467	0.0534074
-0.0576337	0.0550455
-0.0549878	0.0525887
-0.0535723	0.0493266
-0.0529849	0.0485143
-0.0519863	0.0501416
-0.0518628	0.0477015
-0.0506171	0.0509558
-0.0503414	0.0517727
-0.0460622	0.0468912
-0.0433264	0.0583304
-0.0413605	0.0460808
-0.0373915	0.0558648
-0.0368512	0.0453912
-0.0291935	0.0447016
-0.0264888	0.0740311
-0.0226614	0.0440029
-0.0195831	0.0575074
-0.0178601	0.0566866
-0.0147116	0.0433041
-0.0113701	0.148601
-0.0109057	0.0641003
-0.00615896	0.0425965
-0.00209584	0.061625
0.00420963	0.0418887
0.00452478	0.138223
0.0109754	0.133526
0.0127731	0.108655
0.0150008	0.107841
0.0150008	0.107841
0.0153976	0.0411723
0.0186695	0.145179
0.0291575	0.0404558
0.0378704	0.067407
0.0385379	0.134312
0.0426878	0.039731
0.0462154	0.132739
0.0484339	0.141328
0.0488136	0.148972
0.0582434	0.039006
0.065248	0.109472
0.0728226	0.102114
0.0730873	8.24209e-05
0.074178	0.0382731
0.0745252	0.102936
0.0796431	0.107024
0.0824393	0.075688
0.0903791	0.0375401
0.0913194	0.131951
0.0981856	0.0856305
0.0996022	0.0624492
0.101782	0.149343
0.102009	0.0632753
0.104084	0.0848036
0.106908	0.137444
0.108342	0.0367996
0.112305	0.142101
0.12552	0.0360589
0.131056	0.082317
0.133444	0.135097
0.135741	0.149749
0.135882	0.144411
0.140349	0.142873
0.144222	0.131162
0.14492	0.149549
0.145475	0.0353113
0.156576	0.110285
0.159759	0.0864586
0.164423	0.0345636
0.17339	0.149652
0.175764	0.119994
0.176809	0.0748616
0.178085	0.0930684
0.17917	0.143643
0.180088	0.106209
0.182149	0.0839744
0.185433	0.0338094
0.185909	0.120799
0.187811	0.00011253
0.189568	0.126401
0.19373	0.127197
0.193941	0.119191
0.198211	0.125604
0.199616	0.130371
0.200985	0.149704
0.20202	0.136663
0.204552	0.0938908
0.205296	0.127992
0.206894	0.0330552
0.206894	0.0330552
0.209762	0.098833
0.209991	0.135881
0.21021	0.0698909
0.219093	0.1216
0.219713	0.124806
0.221974	0.128786
0.225905	0.0831475
0.22669	0.103754
0.228368	0.129579
0.228534	0.0322952
0.236678	0.14973
0.242669	0.0872836
0.243594	0.118386
0.246374	0.124006
0.249531	0.0922427
0.249531	0.0922427
0.253355	0.0315354
0.254697	0.122404
0.263052	0.123205
0.266042	0.0996547
0.26812	0.1111
0.271307	0.149743
0.273845	0.0307708
0.274868	0.0682353
0.282305	0.105392
0.295033	0.0947171
0.297115	0.0300065
0.29774	0.101296
0.311109	0.0980108
0.312665	0.104574
0.316036	0.0881126
0.316378	0.11758
0.31909	0.0292382
0.329506	0.000166752
0.341029	0.0284702
0.359671	0.091418
0.364125	0.0955387
0.367132	0.0276991
0.374762	0.111912
0.378143	0.0889371
0.380022	0.0971866
0.391478	0.0269284
0.392451	0.0963647
0.401366	0.116772
0.407668	0.100474
0.410151	0.0690626
0.418573	0.0261561
0.430743	0.0897658
0.433168	0.0905909
0.442878	0.0253844
0.451687	0.112724
0.471171	0.0246121
0.476116	0.115964
0.491521	0.00024267
0.497233	0.113533
0.505147	0.0238405
0.516217	0.115153
0.521319	0.114345
0.529583	0.0230708
0.556501	0.0223023
0.586976	0.0215355
0.620401	0.0207706
0.654273	0.0200097
0.658696	0.000341303
0.687353	0.019251
0.721708	0.0184982
0.753684	0.017748
0.789673	0.0170054
0.827036	0.000456433
0.830773	0.0162654
0.87353	0.0155359
0.922431	0.0148092
0.961572	0.0140962
0.99249	0.00059126
0.99921	0.0133865
1.04322	0.0126915
1.09462	0.0120004
1.14569	0.0113271
1.14868	0.000736003
1.20241	0.0106588
1.25799	0.0100098
1.28822	0.000896333
1.31604	0.0093677
1.3821	0.00874669
1.42174	0.00105995
1.45656	0.00813306
1.50708	0.00754529
1.5344	0.00123677
1.55759	0.00696551
1.59491	0.00641152
1.63301	0.00586785
1.63441	0.00140978
1.69274	0.00534934
1.7251	0.00159315
1.76323	0.00484274
1.78141	0.0017695
1.8045	0.00436711
1.82862	0.00195389
1.83241	0.00230864
1.84077	0.00267424
1.84608	0.00390581
1.84969	0.00305901
1.85747	0.00212956
1.85862	0.00347298
)
