(title "X-Wall Shear Stress")
(labels "X-Wall Shear Stress" "Position")

((xy/key/label "middleplane_suctionside")
-0.936509	0.0814909
-0.928715	0.0806604
-0.856938	0.0732043
-0.848979	0.0723754
-0.617607	0.079834
-0.586279	0.0740311
-0.528805	0.082317
-0.482971	0.0715473
-0.471904	0.067407
-0.371724	0.0790047
-0.300967	0.0682353
-0.293865	0.0665807
-0.283481	0.0748616
-0.219363	0.147469
-0.216024	0.146708
-0.136959	0.0781767
-0.122832	0.061625
-0.121963	0.14823
-0.121735	0.0624492
-0.118524	0.0831475
-0.106798	0.145944
-0.103459	0.143643
-0.0949593	0.142873
-0.0857978	0.0607997
-0.0749101	0.144411
-0.0654004	0.0599766
-0.0630816	0.135097
-0.0628088	0.0542254
-0.0626063	0.0558648
-0.0617722	0.0550455
-0.0600047	0.142101
-0.0597302	0.0534074
-0.0583601	0.0525887
-0.0563627	0.0517727
-0.0555337	0.0509558
-0.0548489	0.0501416
-0.0545678	0.135881
-0.0532249	0.0493266
-0.0525692	0.0485143
-0.0503478	0.0566866
-0.049388	0.0477015
-0.0492386	0.145179
-0.0471404	0.134312
-0.0446095	0.0468912
-0.0419014	0.148601
-0.0383039	0.0460808
-0.037679	0.0591524
-0.0324478	0.0657532
-0.0320178	0.0453912
-0.0293519	0.075688
-0.0284135	0.0575074
-0.0274744	0.130371
-0.025391	0.0447016
-0.0214873	0.0583304
-0.0211723	0.141328
-0.0211716	0.136663
-0.0184822	0.149743
-0.0182756	0.0440029
-0.0161645	0.129579
-0.0112203	0.149749
-0.0110576	0.131162
-0.0100838	0.133526
-0.00976616	0.0433041
-0.000386444	0.0425965
0.0015932	0.140555
0.00515938	0.128786
0.00635147	0.0632753
0.00665948	0.139779
0.0106444	0.0418887
0.0116002	0.137444
0.0117728	0.139002
0.0147157	0.14973
0.0197894	0.148972
0.0208996	0.138223
0.0227868	0.131951
0.0233173	0.0411723
0.0247228	0.127992
0.0272625	0.132739
0.0361542	0.0404558
0.050756	0.039731
0.0535457	0.149704
0.0565008	0.0707182
0.0586672	0.127197
0.0613998	0.149343
0.065719	0.039006
0.0693034	0.114345
0.073136	8.24209e-05
0.0776849	0.113533
0.0785706	0.115153
0.0808104	0.149652
0.0812371	0.0382731
0.0841559	0.149549
0.0894663	0.108655
0.0896135	0.107841
0.0896135	0.107841
0.0913615	0.107024
0.0970192	0.109472
0.0983579	0.0375401
0.0984089	0.112724
0.105108	0.0773463
0.105883	0.0839744
0.107276	0.106209
0.108458	0.115964
0.10998	0.126401
0.111699	0.110285
0.114873	0.0367996
0.119275	0.111912
0.122969	0.1111
0.126734	0.0690626
0.133814	0.0360589
0.143282	0.0765191
0.145556	0.116772
0.151999	0.0353113
0.15591	0.119994
0.159701	0.125604
0.161237	0.105392
0.162841	0.0641003
0.164183	0.119191
0.164189	0.0649273
0.165554	0.120799
0.169777	0.11758
0.171782	0.0345636
0.173157	0.118386
0.184496	0.124806
0.187934	0.00011253
0.19258	0.0338094
0.196594	0.124006
0.198452	0.1216
0.211682	0.101296
0.212264	0.0330552
0.212264	0.0330552
0.217309	0.0848036
0.219155	0.123205
0.219732	0.0889371
0.219757	0.0881126
0.223529	0.102114
0.226443	0.122404
0.229405	0.0872836
0.235828	0.0322952
0.23909	0.104574
0.25064	0.0897658
0.251223	0.0864586
0.257773	0.0315354
0.264547	0.0856305
0.276627	0.102936
0.280068	0.0307708
0.291711	0.103754
0.29824	0.100474
0.302143	0.0300065
0.323202	0.0292382
0.329723	0.000166752
0.332632	0.0905909
0.341192	0.0698909
0.34154	0.0930684
0.347202	0.0284702
0.347733	0.0922427
0.347733	0.0922427
0.369984	0.0276991
0.3935	0.091418
0.396746	0.0269284
0.421947	0.0261561
0.445721	0.0253844
0.476196	0.0246121
0.491844	0.00024267
0.505558	0.0996547
0.50707	0.0238405
0.533771	0.0230708
0.537438	0.0938908
0.559248	0.0223023
0.588916	0.0215355
0.623778	0.0207706
0.655732	0.0200097
0.659128	0.000341303
0.690446	0.019251
0.724128	0.0184982
0.75548	0.017748
0.792421	0.0170054
0.793041	0.098833
0.827573	0.000456433
0.832222	0.0162654
0.87544	0.0155359
0.880522	0.0947171
0.924106	0.0148092
0.963176	0.0140962
0.993128	0.00059126
1.00117	0.0133865
1.04473	0.0126915
1.05468	0.0980108
1.09645	0.0120004
1.14685	0.0113271
1.1494	0.000736003
1.19176	0.0955387
1.20395	0.0106588
1.24324	0.0971866
1.2596	0.0100098
1.28901	0.000896333
1.31579	0.0963647
1.3171	0.0093677
1.38358	0.00874669
1.4226	0.00105995
1.45757	0.00813306
1.50836	0.00754529
1.53531	0.00123677
1.55903	0.00696551
1.5959	0.00641152
1.63421	0.00586785
1.63537	0.00140978
1.69379	0.00534934
1.7261	0.00159315
1.76431	0.00484274
1.78242	0.0017695
1.80564	0.00436711
1.82962	0.00195389
1.83341	0.00230864
1.8418	0.00267424
1.84712	0.00390581
1.85072	0.00305901
1.85847	0.00212956
1.85965	0.00347298
)
