(title "X-Wall Shear Stress")
(labels "X-Wall Shear Stress" "Position")

((xy/key/label "middleplane_suctionside")
-0.876824	0.0773463
-0.77788	0.0765191
-0.701785	0.0781767
-0.513659	0.075688
-0.464871	0.0848036
-0.438268	0.0790047
-0.418702	0.0839744
-0.370555	0.0856305
-0.349345	0.0715473
-0.299209	0.0707182
-0.287111	0.079834
-0.282442	0.0831475
-0.260124	0.0748616
-0.227762	0.0723754
-0.164076	0.0806604
-0.157699	0.0864586
-0.146691	0.0732043
-0.14584	0.0740311
-0.13931	0.082317
-0.125646	0.0657532
-0.104861	0.0665807
-0.0998522	0.0607997
-0.0889857	0.0814909
-0.0887362	0.0649273
-0.0866789	0.0599766
-0.0640845	0.135881
-0.0638909	0.0542254
-0.0623754	0.0550455
-0.0600281	0.0534074
-0.059815	0.0591524
-0.0539741	0.136663
-0.0532435	0.0493266
-0.0531257	0.0485143
-0.0517227	0.0525887
-0.0513041	0.0477015
-0.0509852	0.0501416
-0.0483225	0.061625
-0.047921	0.0509558
-0.0465333	0.135097
-0.0465186	0.0517727
-0.0444377	0.0468912
-0.043865	0.0558648
-0.039291	0.0460808
-0.0344078	0.0453912
-0.0323112	0.137444
-0.0284927	0.0583304
-0.0271395	0.0447016
-0.0210349	0.0440029
-0.0200033	0.120799
-0.0195501	0.132739
-0.0187343	0.131951
-0.0180368	0.0566866
-0.0175736	0.0996547
-0.0162684	0.1216
-0.0162212	0.100474
-0.0159881	0.119994
-0.0137624	0.134312
-0.0131789	0.0433041
-0.0113918	0.138223
-0.0101797	0.0575074
-0.010104	0.122404
-0.00935541	0.0641003
-0.00478528	0.123205
-0.00464358	0.0425965
-0.00435015	0.140555
-0.00299289	0.133526
-0.00251893	0.139779
-0.00170117	0.139002
0.000333645	0.119191
0.00234083	0.098833
0.00557963	0.101296
0.00590475	0.0418887
0.00728265	0.141328
0.0102085	0.124006
0.0170465	0.067407
0.0174469	0.0411723
0.022404	0.131162
0.0284066	0.118386
0.0305339	0.0624492
0.0312026	0.0404558
0.0322143	0.109472
0.032776	0.102114
0.0349011	0.104574
0.0361075	0.0698909
0.0383775	0.105392
0.0391452	0.110285
0.0394671	0.103754
0.0398777	0.0980108
0.0410771	0.124806
0.042576	0.142101
0.0442021	0.102936
0.0447087	0.039731
0.0495883	0.0632753
0.0507111	0.106209
0.0516282	0.108655
0.0541836	0.113533
0.0578898	0.112724
0.0601552	0.039006
0.0609553	0.11758
0.066044	0.1111
0.0663216	0.107024
0.0688125	0.107841
0.0688125	0.107841
0.0692479	0.114345
0.0716122	0.130371
0.0733674	0.111912
0.0735582	8.24209e-05
0.0758715	0.0382731
0.0853404	0.115153
0.0876667	0.116772
0.0912223	0.125604
0.0919856	0.0375401
0.0928396	0.0971866
0.0948423	0.0872836
0.0950145	0.115964
0.0956168	0.142873
0.10683	0.129579
0.109828	0.0367996
0.127062	0.0360589
0.128799	0.128786
0.135854	0.126401
0.141536	0.127992
0.146834	0.0353113
0.148054	0.127197
0.149883	0.0963647
0.152428	0.143643
0.165776	0.0345636
0.186644	0.0338094
0.188968	0.00011253
0.195681	0.0955387
0.207872	0.0330552
0.207872	0.0330552
0.209154	0.144411
0.217509	0.0682353
0.222901	0.0947171
0.227586	0.0930684
0.22879	0.0938908
0.229553	0.0322952
0.236874	0.0922427
0.236874	0.0922427
0.254062	0.0315354
0.255607	0.145179
0.265396	0.091418
0.274578	0.0307708
0.281205	0.145944
0.286262	0.14823
0.286814	0.148601
0.291138	0.0881126
0.291639	0.147469
0.292101	0.146708
0.293667	0.0690626
0.29379	0.149749
0.295758	0.148972
0.297798	0.0300065
0.319536	0.0292382
0.319608	0.149343
0.31977	0.0905909
0.33118	0.000166752
0.341642	0.0284702
0.363666	0.149549
0.367496	0.0276991
0.376555	0.0897658
0.378761	0.0889371
0.391836	0.0269284
0.415616	0.149652
0.418839	0.0261561
0.442937	0.0253844
0.471428	0.0246121
0.475669	0.149704
0.493497	0.00024267
0.505224	0.0238405
0.529682	0.0230708
0.536319	0.14973
0.556568	0.0223023
0.586876	0.0215355
0.589406	0.149743
0.62047	0.0207706
0.65423	0.0200097
0.661035	0.000341303
0.687345	0.019251
0.721761	0.0184982
0.7536	0.017748
0.78977	0.0170054
0.829772	0.000456433
0.830755	0.0162654
0.873469	0.0155359
0.922439	0.0148092
0.961521	0.0140962
0.995524	0.00059126
0.999319	0.0133865
1.04333	0.0126915
1.09483	0.0120004
1.14587	0.0113271
1.15188	0.000736003
1.20254	0.0106588
1.25846	0.0100098
1.29171	0.000896333
1.31639	0.0093677
1.38267	0.00874669
1.42547	0.00105995
1.45724	0.00813306
1.5077	0.00754529
1.53809	0.00123677
1.55858	0.00696551
1.59579	0.00641152
1.63406	0.00586785
1.63799	0.00140978
1.69403	0.00534934
1.72875	0.00159315
1.76463	0.00484274
1.78492	0.0017695
1.80613	0.00436711
1.83187	0.00195389
1.83522	0.00230864
1.84339	0.00267424
1.84804	0.00390581
1.8521	0.00305901
1.86056	0.00212956
1.86085	0.00347298
)
