(title "X-Wall Shear Stress")
(labels "X-Wall Shear Stress" "Position")

((xy/key/label "middleplane_suctionside")
-0.58207	0.0781767
-0.516478	0.0790047
-0.500809	0.0831475
-0.476052	0.0732043
-0.466965	0.0773463
-0.416303	0.0740311
-0.391075	0.0723754
-0.387172	0.0839744
-0.338559	0.082317
-0.320191	0.0682353
-0.299604	0.079834
-0.262286	0.0765191
-0.255842	0.0690626
-0.243997	0.0715473
-0.232904	0.0848036
-0.226064	0.0748616
-0.211913	0.147469
-0.20508	0.144411
-0.193626	0.143643
-0.183325	0.14823
-0.168197	0.146708
-0.139298	0.0632753
-0.13244	0.075688
-0.125583	0.148601
-0.124547	0.0624492
-0.123792	0.123205
-0.122224	0.145179
-0.109626	0.122404
-0.103064	0.142873
-0.0927304	0.145944
-0.0799368	0.067407
-0.0781534	0.124006
-0.0685509	0.0856305
-0.0662414	0.0707182
-0.0653756	0.0566866
-0.0653251	0.1216
-0.0641236	0.0558648
-0.0624578	0.0509558
-0.061019	0.0517727
-0.0605897	0.0501416
-0.0593118	0.0550455
-0.0570748	0.0493266
-0.0558128	0.0575074
-0.0556714	0.0542254
-0.0549748	0.0525887
-0.0536727	0.0485143
-0.0527633	0.0806604
-0.0502186	0.0534074
-0.0499971	0.0477015
-0.0469726	0.148972
-0.0468769	0.0698909
-0.0467972	0.0468912
-0.0421275	0.0460808
-0.0396771	0.0583304
-0.0396024	0.0641003
-0.0381103	0.0453912
-0.0365794	0.0814909
-0.035465	0.0599766
-0.0345992	0.0591524
-0.0329107	0.061625
-0.0321724	0.0447016
-0.0246946	0.0440029
-0.0189665	0.138223
-0.0150715	0.0433041
-0.0144204	0.120799
-0.0104428	0.142101
-0.00971806	0.0607997
-0.00490383	0.0425965
-0.00374619	0.124806
0.00651796	0.0418887
0.0175381	0.139002
0.0185042	0.0411723
0.0209264	0.135097
0.023394	0.119994
0.0292978	0.137444
0.0305191	0.126401
0.0309003	0.0404558
0.0332704	0.149343
0.0344416	0.127197
0.0344472	0.125604
0.0363396	0.134312
0.0423393	0.135881
0.0448627	0.039731
0.0590122	0.119191
0.0592152	0.039006
0.0639294	0.136663
0.0671348	0.133526
0.0725565	8.24209e-05
0.0757017	0.0382731
0.0785325	0.0649273
0.0925438	0.0375401
0.094989	0.132739
0.0957661	0.141328
0.101594	0.127992
0.104163	0.0864586
0.110513	0.0367996
0.114417	0.118386
0.120428	0.139779
0.125871	0.149549
0.129331	0.0360589
0.134977	0.0963647
0.142173	0.131951
0.147596	0.0353113
0.160852	0.0955387
0.165279	0.140555
0.16796	0.0345636
0.172631	0.0971866
0.175093	0.0665807
0.184341	0.11758
0.186554	0.00011253
0.187372	0.0338094
0.192131	0.0657532
0.197862	0.128786
0.208785	0.0330552
0.208785	0.0330552
0.21547	0.131162
0.230551	0.109472
0.230789	0.108655
0.231193	0.0322952
0.233343	0.149652
0.242488	0.0980108
0.253363	0.116772
0.254254	0.0315354
0.263344	0.129579
0.271847	0.130371
0.272821	0.107841
0.272821	0.107841
0.273624	0.110285
0.277408	0.0307708
0.277463	0.0947171
0.291519	0.0872836
0.298288	0.0300065
0.308095	0.115964
0.314517	0.1111
0.321122	0.107024
0.321832	0.0292382
0.327652	0.000166752
0.330177	0.111912
0.330425	0.112724
0.338358	0.115153
0.338424	0.113533
0.343407	0.0284702
0.34464	0.098833
0.347557	0.114345
0.352574	0.149749
0.367583	0.0276991
0.390271	0.149704
0.394497	0.0269284
0.395404	0.106209
0.399225	0.091418
0.418219	0.0261561
0.436418	0.0938908
0.445379	0.0253844
0.445639	0.0922427
0.445639	0.0922427
0.455727	0.0905909
0.470893	0.0881126
0.473219	0.0246121
0.473872	0.0996547
0.489241	0.00024267
0.497486	0.0930684
0.505949	0.0238405
0.532654	0.0230708
0.533267	0.105392
0.54968	0.0897658
0.555633	0.0223023
0.557199	0.14973
0.564545	0.0889371
0.588752	0.0215355
0.61804	0.100474
0.621372	0.0207706
0.654349	0.0200097
0.656033	0.000341303
0.689981	0.019251
0.701892	0.149743
0.704817	0.104574
0.721297	0.0184982
0.755257	0.017748
0.759673	0.101296
0.790489	0.0170054
0.824065	0.000456433
0.830593	0.0162654
0.843906	0.103754
0.862266	0.102114
0.875174	0.0155359
0.898449	0.102936
0.922202	0.0148092
0.96299	0.0140962
0.989253	0.00059126
1.00009	0.0133865
1.04257	0.0126915
1.09532	0.0120004
1.14534	0.000736003
1.14554	0.0113271
1.20342	0.0106588
1.25795	0.0100098
1.28474	0.000896333
1.31582	0.0093677
1.38224	0.00874669
1.41811	0.00105995
1.45514	0.00813306
1.50757	0.00754529
1.53079	0.00123677
1.55718	0.00696551
1.59397	0.00641152
1.63092	0.00140978
1.63266	0.00586785
1.69141	0.00534934
1.72154	0.00159315
1.76211	0.00484274
1.77802	0.0017695
1.80333	0.00436711
1.82554	0.00195389
1.82986	0.00230864
1.83836	0.00267424
1.84422	0.00390581
1.84749	0.00305901
1.85459	0.00212956
1.8566	0.00347298
)
