(title "X-Wall Shear Stress")
(labels "X-Wall Shear Stress" "Position")

((xy/key/label "middleplane_suctionside")
-0.829261	0.0748616
-0.756873	0.075688
-0.644788	0.0773463
-0.639306	0.0765191
-0.602713	0.0740311
-0.511	0.0698909
-0.490914	0.0781767
-0.42708	0.0690626
-0.424539	0.0814909
-0.400323	0.082317
-0.237934	0.0806604
-0.203528	0.0831475
-0.1857	0.0790047
-0.150349	0.0707182
-0.141423	0.0641003
-0.135514	0.0632753
-0.126361	0.0682353
-0.104253	0.129579
-0.092344	0.133526
-0.0893127	0.135097
-0.0884189	0.134312
-0.088268	0.0963647
-0.0861626	0.115964
-0.0829123	0.115153
-0.0828617	0.079834
-0.0826249	0.132739
-0.0820369	0.116772
-0.081953	0.128786
-0.080065	0.130371
-0.0723301	0.114345
-0.072009	0.0971866
-0.0699199	0.135881
-0.0696555	0.11758
-0.0615808	0.0575074
-0.0564358	0.0732043
-0.0553973	0.0566866
-0.0545415	0.131951
-0.0538011	0.118386
-0.0534773	0.0517727
-0.0531851	0.0509558
-0.0523372	0.113533
-0.0507551	0.0525887
-0.0498322	0.0501416
-0.0477208	0.131162
-0.0467568	0.0493266
-0.0466486	0.0558648
-0.0456523	0.0583304
-0.0450231	0.0624492
-0.0444851	0.0550455
-0.0432243	0.0534074
-0.0422103	0.0485143
-0.0406061	0.0477015
-0.040239	0.127992
-0.0397647	0.0542254
-0.0381323	0.119191
-0.0367893	0.0468912
-0.0327296	0.0460808
-0.0287611	0.0453912
-0.0209795	0.0447016
-0.0202077	0.0591524
-0.0198952	0.119994
-0.0192678	0.112724
-0.013294	0.0440029
-0.0122897	0.061625
-0.012232	0.0889371
-0.0103596	0.0607997
-0.00710224	0.0649273
-0.00637325	0.0599766
-0.00498178	0.136663
-0.00384426	0.0433041
-0.00107853	0.127197
-0.000674431	0.0839744
0.00187276	0.0881126
0.00587403	0.0425965
0.00733044	0.120799
0.0104044	0.0955387
0.0128058	0.108655
0.0169789	0.0418887
0.024083	0.111912
0.0278548	0.0411723
0.0293207	0.109472
0.0301608	0.1216
0.0315406	0.0897658
0.0338504	0.126401
0.0354534	0.122404
0.0357651	0.104574
0.0369932	0.0980108
0.0407122	0.0404558
0.0427576	0.107841
0.0427576	0.107841
0.0443578	0.103754
0.0466035	0.123205
0.0513846	0.105392
0.0539341	0.145179
0.0540358	0.039731
0.0555868	0.0872836
0.0589852	0.1111
0.0611678	0.125604
0.061961	0.110285
0.0673095	0.137444
0.0686932	0.039006
0.0721994	0.124006
0.0726713	8.24209e-05
0.0735039	0.106209
0.0747203	0.107024
0.0793043	0.124806
0.0843365	0.102936
0.0851443	0.0382731
0.0939281	0.144411
0.101154	0.0375401
0.102908	0.138223
0.111816	0.139002
0.11368	0.067407
0.114801	0.145944
0.117037	0.0848036
0.119402	0.0367996
0.119897	0.0864586
0.120527	0.139779
0.128465	0.0905909
0.136525	0.0360589
0.137281	0.0657532
0.149019	0.140555
0.150767	0.102114
0.153377	0.0856305
0.155281	0.0353113
0.168715	0.146708
0.171058	0.0947171
0.171912	0.098833
0.174486	0.0345636
0.186834	0.00011253
0.18974	0.147469
0.193634	0.0338094
0.195443	0.141328
0.197006	0.0665807
0.215538	0.0330552
0.215538	0.0330552
0.224173	0.14823
0.224869	0.101296
0.225329	0.143643
0.236316	0.0322952
0.250578	0.091418
0.253507	0.148601
0.256885	0.0996547
0.259142	0.142101
0.260626	0.0315354
0.268397	0.100474
0.274615	0.148972
0.282049	0.0307708
0.296472	0.142873
0.301202	0.0938908
0.303078	0.0300065
0.311352	0.0715473
0.326412	0.0292382
0.328083	0.000166752
0.335735	0.149343
0.341118	0.0922427
0.341118	0.0922427
0.346661	0.0284702
0.358937	0.0930684
0.372331	0.0276991
0.37994	0.0723754
0.388538	0.149749
0.39735	0.0269284
0.420812	0.149549
0.422108	0.0261561
0.448684	0.0253844
0.475194	0.0246121
0.48979	0.00024267
0.504396	0.149652
0.509388	0.0238405
0.534318	0.0230708
0.558673	0.0223023
0.59145	0.0215355
0.604462	0.149704
0.622949	0.0207706
0.656662	0.000341303
0.657318	0.0200097
0.691175	0.019251
0.702834	0.14973
0.723266	0.0184982
0.757051	0.017748
0.785306	0.149743
0.791572	0.0170054
0.824745	0.000456433
0.832718	0.0162654
0.876547	0.0155359
0.924035	0.0148092
0.964353	0.0140962
0.989971	0.00059126
1.00101	0.0133865
1.04417	0.0126915
1.09629	0.0120004
1.14606	0.000736003
1.14703	0.0113271
1.20449	0.0106588
1.25877	0.0100098
1.28549	0.000896333
1.31715	0.0093677
1.383	0.00874669
1.4189	0.00105995
1.45647	0.00813306
1.50854	0.00754529
1.53158	0.00123677
1.55783	0.00696551
1.59511	0.00641152
1.63172	0.00140978
1.63344	0.00586785
1.69225	0.00534934
1.72236	0.00159315
1.76307	0.00484274
1.77883	0.0017695
1.80409	0.00436711
1.8263	0.00195389
1.83057	0.00230864
1.83914	0.00267424
1.84504	0.00390581
1.84827	0.00305901
1.85532	0.00212956
1.85741	0.00347298
)
