(title "X-Wall Shear Stress")
(labels "X-Wall Shear Stress" "Position")

((xy/key/label "middleplane_suctionside")
-0.91337	0.0748616
-0.897717	0.0740311
-0.831505	0.075688
-0.772398	0.0765191
-0.634294	0.0732043
-0.519059	0.0773463
-0.438106	0.0814909
-0.30892	0.0806604
-0.281853	0.0682353
-0.265523	0.0690626
-0.261721	0.082317
-0.150427	0.0781767
-0.136203	0.0632753
-0.109444	0.0723754
-0.104286	0.0624492
-0.0941182	0.067407
-0.0936319	0.079834
-0.0592124	0.132739
-0.0586115	0.0575074
-0.058239	0.0517727
-0.0574008	0.0566866
-0.0563246	0.0509558
-0.0521318	0.0525887
-0.0518941	0.0501416
-0.0476398	0.0493266
-0.0450684	0.0485143
-0.0443307	0.0558648
-0.0439034	0.0477015
-0.0424838	0.0468912
-0.0408086	0.0534074
-0.0388655	0.0641003
-0.0386976	0.0460808
-0.0385833	0.0542254
-0.0384487	0.0550455
-0.0369191	0.0583304
-0.0343209	0.131951
-0.0341422	0.0453912
-0.0273951	0.0447016
-0.0236842	0.0971866
-0.0231555	0.109472
-0.021951	0.061625
-0.0212516	0.0881126
-0.0209746	0.133526
-0.0205021	0.0872836
-0.0195776	0.0440029
-0.0148536	0.0591524
-0.0121453	0.0599766
-0.010314	0.0433041
-0.00158551	0.108655
-0.00106877	0.0425965
-0.000967034	0.0607997
0.00126429	0.131162
0.00197369	0.0889371
0.00255097	0.0790047
0.009409	0.0418887
0.011382	0.110285
0.0170529	0.0980108
0.0204644	0.0411723
0.0253884	0.0864586
0.0274783	0.149749
0.0293489	0.130371
0.0325134	0.0404558
0.037602	0.0963647
0.0387762	0.0698909
0.0449392	0.0897658
0.0463264	0.039731
0.0523773	0.149743
0.057908	0.134312
0.0608903	0.039006
0.0609355	0.115964
0.0671043	0.0831475
0.0685922	0.14973
0.0700099	0.107841
0.0700099	0.107841
0.0701921	0.115153
0.0717352	0.129579
0.0720079	0.1111
0.0735309	8.24209e-05
0.0762356	0.0665807
0.0772135	0.0382731
0.0787021	0.145179
0.0787555	0.116772
0.0852682	0.0649273
0.0856265	0.149704
0.0930923	0.145944
0.0938348	0.0375401
0.0965442	0.144411
0.0990631	0.098833
0.0991966	0.149652
0.100385	0.142873
0.100652	0.142101
0.10099	0.0905909
0.105375	0.135097
0.106577	0.11758
0.107935	0.136663
0.108032	0.143643
0.108817	0.114345
0.110464	0.135881
0.111352	0.0367996
0.113048	0.149549
0.116227	0.128786
0.117777	0.0856305
0.118917	0.111912
0.123445	0.141328
0.128211	0.124006
0.129471	0.0360589
0.13154	0.137444
0.132486	0.0996547
0.132733	0.149343
0.133887	0.127992
0.136114	0.0657532
0.137229	0.118386
0.138902	0.100474
0.139239	0.0955387
0.139635	0.146708
0.1413	0.113533
0.141477	0.107024
0.142375	0.112724
0.145496	0.127197
0.146092	0.123205
0.146697	0.148972
0.147334	0.140555
0.147667	0.0353113
0.153075	0.091418
0.155916	0.148601
0.160396	0.101296
0.164136	0.119191
0.16738	0.0345636
0.168484	0.139779
0.170085	0.138223
0.171241	0.124806
0.176894	0.126401
0.177213	0.14823
0.179592	0.147469
0.182636	0.119994
0.183916	0.139002
0.187008	0.0338094
0.188905	0.00011253
0.192892	0.0922427
0.192892	0.0922427
0.197158	0.125604
0.201615	0.102114
0.202215	0.106209
0.208391	0.0330552
0.208391	0.0330552
0.211568	0.120799
0.211836	0.0947171
0.212134	0.122404
0.221465	0.0930684
0.225013	0.0848036
0.230357	0.0322952
0.233205	0.0938908
0.237825	0.1216
0.23876	0.102936
0.240325	0.105392
0.242121	0.0839744
0.244819	0.104574
0.249385	0.103754
0.253953	0.0315354
0.276112	0.0307708
0.297364	0.0300065
0.320555	0.0292382
0.331074	0.000166752
0.341604	0.0284702
0.344747	0.0715473
0.352973	0.0707182
0.366892	0.0276991
0.392543	0.0269284
0.417257	0.0261561
0.443982	0.0253844
0.471242	0.0246121
0.493342	0.00024267
0.505028	0.0238405
0.530256	0.0230708
0.554847	0.0223023
0.587542	0.0215355
0.619415	0.0207706
0.653692	0.0200097
0.66085	0.000341303
0.687809	0.019251
0.719987	0.0184982
0.753961	0.017748
0.788673	0.0170054
0.829567	0.000456433
0.829993	0.0162654
0.873898	0.0155359
0.921551	0.0148092
0.961853	0.0140962
0.995313	0.00059126
0.998537	0.0133865
1.04199	0.0126915
1.09434	0.0120004
1.14552	0.0113271
1.15167	0.000736003
1.20266	0.0106588
1.25732	0.0100098
1.29148	0.000896333
1.31622	0.0093677
1.38206	0.00874669
1.42522	0.00105995
1.45611	0.00813306
1.50825	0.00754529
1.53784	0.00123677
1.55773	0.00696551
1.59543	0.00641152
1.63396	0.00586785
1.63775	0.00140978
1.6933	0.00534934
1.7285	0.00159315
1.76456	0.00484274
1.78467	0.0017695
1.80587	0.00436711
1.83163	0.00195389
1.835	0.00230864
1.84313	0.00267424
1.84758	0.00390581
1.85181	0.00305901
1.86033	0.00212956
1.86061	0.00347298
)
