(title "X-Wall Shear Stress")
(labels "X-Wall Shear Stress" "Position")

((xy/key/label "middleplane_suctionside")
-0.615038	0.0732043
-0.590999	0.0740311
-0.458393	0.0748616
-0.440186	0.0723754
-0.365941	0.0682353
-0.353585	0.079834
-0.348778	0.0806604
-0.331943	0.149743
-0.327347	0.075688
-0.325194	0.0790047
-0.28194	0.0814909
-0.265979	0.14973
-0.229162	0.0781767
-0.226963	0.0690626
-0.210679	0.0765191
-0.201816	0.0881126
-0.195421	0.149704
-0.192742	0.0872836
-0.181484	0.067407
-0.166931	0.147469
-0.164231	0.149749
-0.162989	0.14823
-0.154066	0.146708
-0.152873	0.148601
-0.147814	0.0773463
-0.146518	0.149652
-0.127773	0.148972
-0.127542	0.149549
-0.120223	0.149343
-0.119621	0.142101
-0.11744	0.142873
-0.117408	0.145944
-0.115878	0.082317
-0.106954	0.0632753
-0.102461	0.0624492
-0.0978145	0.143643
-0.0965916	0.141328
-0.0952761	0.145179
-0.0862993	0.144411
-0.084573	0.0715473
-0.0755212	0.0889371
-0.0670633	0.0864586
-0.0628993	0.0566866
-0.0577016	0.0517727
-0.0568448	0.0509558
-0.0557257	0.0575074
-0.0547794	0.0525887
-0.0543763	0.0558648
-0.0533315	0.0501416
-0.0509905	0.0550455
-0.050402	0.0493266
-0.0488667	0.0542254
-0.0488487	0.0534074
-0.0468076	0.0485143
-0.0455902	0.061625
-0.0450524	0.0477015
-0.0416506	0.0468912
-0.039559	0.140555
-0.037099	0.0460808
-0.0343104	0.0583304
-0.0324348	0.0607997
-0.0320895	0.0453912
-0.0260855	0.0599766
-0.0237881	0.0447016
-0.0210369	0.0591524
-0.0181191	0.137444
-0.0158369	0.0440029
-0.0106171	0.136663
-0.00665004	0.0433041
0.00162002	0.132739
0.00278678	0.0425965
0.0047186	0.0641003
0.00643615	0.138223
0.0132429	0.133526
0.0134563	0.0418887
0.015305	0.135881
0.0244969	0.0411723
0.0247554	0.134312
0.028542	0.135097
0.0287147	0.131951
0.0303501	0.139779
0.0350936	0.0665807
0.0379428	0.0404558
0.0435883	0.139002
0.0517423	0.039731
0.0671527	0.039006
0.0727407	8.24209e-05
0.0813501	0.126401
0.0827024	0.125604
0.0834843	0.0382731
0.0889081	0.127197
0.0934214	0.127992
0.0946155	0.0856305
0.0974362	0.131162
0.0998005	0.0375401
0.100488	0.0831475
0.104421	0.124806
0.105434	0.0897658
0.112431	0.0971866
0.112688	0.128786
0.113477	0.0698909
0.114605	0.0980108
0.11759	0.0367996
0.123213	0.0649273
0.134804	0.0360589
0.136767	0.124006
0.146409	0.129579
0.146858	0.0657532
0.149058	0.130371
0.154061	0.0353113
0.154653	0.110285
0.162465	0.109472
0.166016	0.1111
0.167923	0.0963647
0.172792	0.0345636
0.174466	0.098833
0.174747	0.123205
0.187002	0.00011253
0.187527	0.0707182
0.188868	0.108655
0.193269	0.0338094
0.193477	0.102936
0.202963	0.0848036
0.20516	0.111912
0.206388	0.102114
0.20922	0.103754
0.214493	0.0330552
0.214493	0.0330552
0.218502	0.0839744
0.223413	0.122404
0.23169	0.107841
0.23169	0.107841
0.232705	0.0996547
0.235876	0.0322952
0.240936	0.104574
0.241943	0.101296
0.257711	0.100474
0.26052	0.0315354
0.264395	0.107024
0.265104	0.105392
0.266013	0.112724
0.268818	0.0955387
0.273371	0.106209
0.280863	0.0307708
0.284312	0.0905909
0.286699	0.1216
0.303351	0.0300065
0.325401	0.0292382
0.328346	0.000166752
0.333776	0.113533
0.346615	0.0284702
0.371014	0.120799
0.372402	0.0276991
0.392356	0.114345
0.394722	0.0947171
0.396779	0.0269284
0.423115	0.0261561
0.426333	0.091418
0.446013	0.115153
0.447777	0.0253844
0.458231	0.119994
0.475506	0.0246121
0.488242	0.0938908
0.490151	0.00024267
0.507062	0.115964
0.509498	0.0238405
0.510164	0.0922427
0.510164	0.0922427
0.528752	0.0930684
0.533665	0.0230708
0.540897	0.119191
0.559928	0.0223023
0.565924	0.116772
0.590976	0.0215355
0.594945	0.118386
0.599834	0.11758
0.623492	0.0207706
0.657121	0.000341303
0.657759	0.0200097
0.690613	0.019251
0.724353	0.0184982
0.756877	0.017748
0.791983	0.0170054
0.825298	0.000456433
0.833441	0.0162654
0.876351	0.0155359
0.924842	0.0148092
0.964173	0.0140962
0.990611	0.00059126
1.00118	0.0133865
1.04509	0.0126915
1.09646	0.0120004
1.14677	0.000736003
1.14764	0.0113271
1.20446	0.0106588
1.25924	0.0100098
1.28626	0.000896333
1.31767	0.0093677
1.38331	0.00874669
1.41973	0.00105995
1.45747	0.00813306
1.50861	0.00754529
1.53245	0.00123677
1.55824	0.00696551
1.5958	0.00641152
1.63259	0.00140978
1.63377	0.00586785
1.69301	0.00534934
1.72328	0.00159315
1.76366	0.00484274
1.77974	0.0017695
1.80459	0.00436711
1.82718	0.00195389
1.83137	0.00230864
1.83993	0.00267424
1.84583	0.00390581
1.84902	0.00305901
1.85618	0.00212956
1.85812	0.00347298
)
