(title "X-Wall Shear Stress")
(labels "X-Wall Shear Stress" "Position")

((xy/key/label "middleplane_suctionside")
-0.95791	0.0715473
-0.683669	0.0723754
-0.678479	0.0707182
-0.392394	0.0781767
-0.386898	0.0773463
-0.324145	0.0806604
-0.284831	0.0814909
-0.260831	0.079834
-0.24588	0.0790047
-0.234254	0.0657532
-0.22694	0.0665807
-0.214163	0.0732043
-0.186276	0.082317
-0.139104	0.138223
-0.129587	0.137444
-0.12484	0.0649273
-0.110457	0.146708
-0.0999378	0.136663
-0.0967992	0.145944
-0.0948284	0.0765191
-0.0902766	0.0599766
-0.0883221	0.0607997
-0.0739613	0.0591524
-0.0691692	0.135881
-0.0599585	0.0542254
-0.0598725	0.0550455
-0.0594799	0.0534074
-0.056446	0.0525887
-0.0550201	0.0517727
-0.0545603	0.0509558
-0.0540831	0.0501416
-0.0535226	0.0493266
-0.0521307	0.0485143
-0.0509289	0.0477015
-0.0500477	0.118386
-0.0479459	0.0558648
-0.0474179	0.0583304
-0.0465713	0.147469
-0.0453024	0.0468912
-0.0411495	0.0460808
-0.0402059	0.145179
-0.040071	0.139002
-0.0356776	0.0453912
-0.031595	0.061625
-0.0315303	0.0575074
-0.0313048	0.0566866
-0.0280728	0.0447016
-0.0279735	0.135097
-0.0219088	0.119191
-0.021182	0.0440029
-0.0186466	0.11758
-0.0174064	0.0831475
-0.01263	0.0433041
-0.00740064	0.067407
-0.00521419	0.143643
-0.00427309	0.144411
-0.00385868	0.0425965
0.00253592	0.142873
0.00641454	0.134312
0.00653999	0.0418887
0.0183396	0.0411723
0.0271882	0.0641003
0.0304302	0.119994
0.031596	0.0856305
0.03164	0.0404558
0.0352285	0.14823
0.0372398	0.133526
0.0377129	0.142101
0.0422407	0.116772
0.0452253	0.039731
0.0611245	0.039006
0.0695438	0.148601
0.0726996	0.120799
0.0730199	8.24209e-05
0.0732007	0.115964
0.0737885	0.0698909
0.0749401	0.132739
0.0752245	0.0624492
0.0764027	0.0382731
0.0861659	0.148972
0.0883455	0.141328
0.0902493	0.0864586
0.0932703	0.0375401
0.0933173	0.139779
0.0970609	0.115153
0.101051	0.131951
0.101326	0.1216
0.110103	0.131162
0.110563	0.0367996
0.112059	0.149343
0.11284	0.130371
0.113586	0.129579
0.116208	0.128786
0.118147	0.127197
0.118269	0.126401
0.118539	0.127992
0.119496	0.0632753
0.121155	0.125604
0.122342	0.122404
0.126648	0.0740311
0.126732	0.0848036
0.126812	0.140555
0.128157	0.0360589
0.128307	0.124806
0.133224	0.0938908
0.133354	0.123205
0.13356	0.0839744
0.134431	0.124006
0.135017	0.098833
0.14349	0.0980108
0.143667	0.0930684
0.147812	0.0353113
0.149245	0.149549
0.166473	0.0345636
0.172605	0.0947171
0.182738	0.114345
0.186425	0.0971866
0.187195	0.0922427
0.187195	0.0922427
0.187653	0.00011253
0.188088	0.0338094
0.193575	0.149652
0.195492	0.0996547
0.201581	0.109472
0.201948	0.149749
0.203306	0.075688
0.208386	0.0330552
0.208386	0.0330552
0.211832	0.108655
0.217993	0.0955387
0.222507	0.0963647
0.229851	0.091418
0.230866	0.0322952
0.234043	0.110285
0.25074	0.107841
0.25074	0.107841
0.254686	0.0315354
0.259175	0.149704
0.273419	0.0748616
0.274176	0.0872836
0.275423	0.0307708
0.29428	0.113533
0.298938	0.0300065
0.300305	0.0905909
0.301954	0.107024
0.303541	0.1111
0.311786	0.100474
0.31982	0.0292382
0.3293	0.000166752
0.332341	0.0682353
0.334608	0.14973
0.343124	0.0284702
0.364527	0.112724
0.366229	0.106209
0.366849	0.111912
0.367905	0.0276991
0.38754	0.0897658
0.392795	0.0269284
0.398471	0.0881126
0.403799	0.149743
0.41969	0.0261561
0.433161	0.0889371
0.435595	0.101296
0.437572	0.105392
0.443044	0.0253844
0.472832	0.0246121
0.491308	0.00024267
0.500203	0.104574
0.505479	0.0238405
0.506914	0.0690626
0.524616	0.102114
0.530456	0.0230708
0.547127	0.103754
0.557307	0.0223023
0.562223	0.102936
0.587022	0.0215355
0.621371	0.0207706
0.654302	0.0200097
0.658481	0.000341303
0.687915	0.019251
0.722275	0.0184982
0.753768	0.017748
0.790316	0.0170054
0.826818	0.000456433
0.830875	0.0162654
0.873689	0.0155359
0.922578	0.0148092
0.961645	0.0140962
0.99227	0.00059126
0.999398	0.0133865
1.04315	0.0126915
1.09469	0.0120004
1.14568	0.0113271
1.14848	0.000736003
1.20243	0.0106588
1.25791	0.0100098
1.28801	0.000896333
1.31596	0.0093677
1.382	0.00874669
1.42152	0.00105995
1.45636	0.00813306
1.50703	0.00754529
1.53418	0.00123677
1.55739	0.00696551
1.59476	0.00641152
1.63286	0.00586785
1.63421	0.00140978
1.69253	0.00534934
1.72488	0.00159315
1.76306	0.00484274
1.7812	0.0017695
1.80431	0.00436711
1.82842	0.00195389
1.83223	0.00230864
1.84058	0.00267424
1.84587	0.00390581
1.84949	0.00305901
1.85727	0.00212956
1.85841	0.00347298
)
