(title "X-Wall Shear Stress")
(labels "X-Wall Shear Stress" "Position")

((xy/key/label "middleplane_suctionside")
-0.497274	0.0732043
-0.487189	0.0781767
-0.442048	0.0773463
-0.411714	0.0723754
-0.408529	0.0740311
-0.362186	0.0790047
-0.346543	0.137444
-0.334898	0.0856305
-0.325268	0.138223
-0.313648	0.0848036
-0.281571	0.0765191
-0.260432	0.0748616
-0.237417	0.079834
-0.235715	0.136663
-0.223488	0.0864586
-0.222209	0.149743
-0.201689	0.139002
-0.199371	0.0682353
-0.199014	0.075688
-0.183539	0.14973
-0.178376	0.067407
-0.154309	0.0839744
-0.141882	0.131162
-0.140716	0.149704
-0.140201	0.130371
-0.140122	0.0715473
-0.139781	0.149343
-0.134691	0.148972
-0.123608	0.149549
-0.114567	0.149652
-0.113382	0.148601
-0.112112	0.149749
-0.105359	0.0624492
-0.100891	0.061625
-0.0959398	0.0806604
-0.0759018	0.124806
-0.0718617	0.14823
-0.0708316	0.0558648
-0.0646818	0.0550455
-0.0634234	0.0872836
-0.0609263	0.125604
-0.0606241	0.0607997
-0.0582482	0.0501416
-0.0567933	0.0542254
-0.0564259	0.0493266
-0.0563964	0.0509558
-0.0557424	0.0566866
-0.0554734	0.129579
-0.0549564	0.0665807
-0.0531583	0.0485143
-0.0509398	0.0517727
-0.0506778	0.139779
-0.0480981	0.0477015
-0.0467969	0.0534074
-0.0451697	0.0525887
-0.0428845	0.0468912
-0.0412759	0.131951
-0.0389157	0.0460808
-0.038123	0.0599766
-0.0358345	0.135881
-0.03423	0.0453912
-0.0327113	0.124006
-0.0290371	0.145179
-0.0286061	0.0447016
-0.0268735	0.147469
-0.0248593	0.0575074
-0.022325	0.0440029
-0.0180856	0.0632753
-0.016735	0.145944
-0.0160489	0.0591524
-0.0139703	0.0433041
-0.00986617	0.144411
-0.0089051	0.146708
-0.00734893	0.0583304
-0.0043662	0.0425965
0.00377012	0.0690626
0.00684822	0.0418887
0.00780859	0.102114
0.0173787	0.123205
0.0193995	0.0411723
0.0228385	0.126401
0.0275568	0.143643
0.032137	0.0404558
0.0427925	0.102936
0.042856	0.1216
0.0446217	0.122404
0.046016	0.039731
0.0533383	0.0657532
0.0547663	0.101296
0.060657	0.120799
0.0607397	0.039006
0.0644741	0.140555
0.0662972	0.142873
0.0680512	0.0831475
0.0691758	0.128786
0.0734416	8.24209e-05
0.0757698	0.0382731
0.0800136	0.0641003
0.0866312	0.0881126
0.0929988	0.0375401
0.0934788	0.0814909
0.0962602	0.142101
0.0999376	0.103754
0.104806	0.0649273
0.105945	0.141328
0.107256	0.127197
0.109704	0.0367996
0.114758	0.119994
0.12872	0.0360589
0.131438	0.127992
0.141501	0.104574
0.14744	0.0353113
0.159461	0.132739
0.161474	0.105392
0.166216	0.119191
0.166921	0.0345636
0.169509	0.106209
0.177423	0.135097
0.177825	0.0707182
0.182863	0.107024
0.184366	0.0889371
0.185908	0.082317
0.187997	0.0338094
0.188674	0.00011253
0.195416	0.100474
0.203022	0.118386
0.207707	0.0330552
0.207707	0.0330552
0.213484	0.107841
0.213484	0.107841
0.216721	0.0971866
0.230172	0.0963647
0.231124	0.0322952
0.241789	0.0897658
0.244297	0.0698909
0.251851	0.11758
0.253496	0.0315354
0.259229	0.0955387
0.264719	0.108655
0.268432	0.0980108
0.275609	0.0905909
0.275783	0.0307708
0.288883	0.0947171
0.298225	0.0300065
0.301267	0.091418
0.312381	0.0938908
0.313408	0.133526
0.313815	0.134312
0.317356	0.0996547
0.319679	0.0292382
0.322579	0.116772
0.323162	0.0922427
0.323162	0.0922427
0.32552	0.0930684
0.330699	0.000166752
0.335649	0.098833
0.335828	0.109472
0.343611	0.0284702
0.366586	0.0276991
0.384553	0.115964
0.393502	0.0269284
0.412554	0.110285
0.418459	0.0261561
0.425299	0.115153
0.442822	0.0253844
0.459103	0.114345
0.472921	0.1111
0.473281	0.0246121
0.485781	0.113533
0.492835	0.00024267
0.499288	0.112724
0.499861	0.111912
0.504072	0.0238405
0.531587	0.0230708
0.556287	0.0223023
0.586378	0.0215355
0.621417	0.0207706
0.652906	0.0200097
0.660195	0.000341303
0.688875	0.019251
0.721713	0.0184982
0.753648	0.017748
0.790727	0.0170054
0.828761	0.000456433
0.82976	0.0162654
0.873976	0.0155359
0.921929	0.0148092
0.961722	0.0140962
0.994373	0.00059126
0.999925	0.0133865
1.04267	0.0126915
1.09539	0.0120004
1.14504	0.0113271
1.15062	0.000736003
1.20275	0.0106588
1.25876	0.0100098
1.29036	0.000896333
1.31564	0.0093677
1.38288	0.00874669
1.42404	0.00105995
1.45606	0.00813306
1.50769	0.00754529
1.53664	0.00123677
1.5587	0.00696551
1.59483	0.00641152
1.63385	0.00586785
1.63655	0.00140978
1.69327	0.00534934
1.72727	0.00159315
1.76385	0.00484274
1.78348	0.0017695
1.80559	0.00436711
1.83051	0.00195389
1.83402	0.00230864
1.84225	0.00267424
1.84704	0.00390581
1.85107	0.00305901
1.85926	0.00212956
1.85988	0.00347298
)
