(title "X-Wall Shear Stress")
(labels "X-Wall Shear Stress" "Position")

((xy/key/label "middleplane_suctionside")
-0.708049	0.0748616
-0.572021	0.075688
-0.566993	0.0740311
-0.431651	0.0765191
-0.41318	0.149743
-0.387164	0.0773463
-0.362102	0.0781767
-0.323162	0.14973
-0.312065	0.0848036
-0.292943	0.0856305
-0.25921	0.0839744
-0.226015	0.149704
-0.216208	0.0831475
-0.209292	0.149749
-0.208971	0.0649273
-0.20735	0.0790047
-0.204782	0.0657532
-0.181298	0.0732043
-0.180578	0.0864586
-0.177724	0.149343
-0.176527	0.148972
-0.176326	0.148601
-0.176191	0.082317
-0.171785	0.0698909
-0.164155	0.14823
-0.164084	0.149652
-0.163376	0.149549
-0.143917	0.147469
-0.139365	0.142101
-0.130563	0.142873
-0.126279	0.146708
-0.118495	0.0690626
-0.10997	0.145944
-0.109628	0.0641003
-0.106419	0.141328
-0.105946	0.0599766
-0.0967944	0.143643
-0.0951268	0.145179
-0.0942294	0.0814909
-0.0865019	0.0707182
-0.0842415	0.0607997
-0.0839113	0.140555
-0.082865	0.0591524
-0.0821261	0.139779
-0.0819841	0.144411
-0.0791891	0.0665807
-0.0772723	0.139002
-0.066122	0.0542254
-0.0656188	0.138223
-0.0629094	0.0534074
-0.0606397	0.0550455
-0.0595477	0.0525887
-0.0592978	0.0971866
-0.0559653	0.0583304
-0.0549292	0.0485143
-0.054456	0.0493266
-0.0531539	0.0501416
-0.0524907	0.0477015
-0.0521028	0.0517727
-0.051626	0.0509558
-0.048574	0.0872836
-0.0476607	0.0468912
-0.0436343	0.137444
-0.0410581	0.0460808
-0.0399523	0.0980108
-0.0393383	0.0558648
-0.0359884	0.0453912
-0.0357063	0.124806
-0.0342271	0.125604
-0.0301546	0.0447016
-0.0289706	0.126401
-0.028407	0.079834
-0.0264489	0.0575074
-0.024501	0.124006
-0.0240025	0.0440029
-0.0207382	0.135097
-0.0199382	0.0566866
-0.0179053	0.135881
-0.0167395	0.136663
-0.0162516	0.0433041
-0.0158461	0.127197
-0.00752106	0.0425965
-0.00398084	0.0806604
-0.0016478	0.123205
0.00325234	0.0418887
0.0129825	0.061625
0.0130351	0.0682353
0.0146383	0.127992
0.0155743	0.0411723
0.0156478	0.134312
0.0195791	0.0715473
0.0250168	0.122404
0.0282281	0.0404558
0.0325678	0.0632753
0.0329039	0.0963647
0.0361226	0.0723754
0.0392054	0.067407
0.0405677	0.133526
0.0426593	0.039731
0.0428992	0.132739
0.0570536	0.039006
0.0579583	0.131951
0.0593215	0.128786
0.0614122	0.0881126
0.0634015	0.1216
0.0724381	0.0382731
0.0741212	8.24209e-05
0.0837705	0.098833
0.087319	0.131162
0.0892597	0.0375401
0.0943924	0.0624492
0.0982585	0.129579
0.103448	0.120799
0.105767	0.0367996
0.108436	0.130371
0.124315	0.119994
0.124988	0.0360589
0.1286	0.119191
0.137478	0.0955387
0.143197	0.0353113
0.143259	0.118386
0.144917	0.0889371
0.158056	0.0930684
0.163468	0.0345636
0.16478	0.0938908
0.164854	0.0922427
0.164854	0.0922427
0.172389	0.091418
0.179136	0.0947171
0.184201	0.0338094
0.186192	0.0905909
0.187349	0.0897658
0.190335	0.00011253
0.195735	0.11758
0.204086	0.0330552
0.204086	0.0330552
0.204907	0.0996547
0.227842	0.0322952
0.2498	0.0315354
0.272578	0.0307708
0.289414	0.105392
0.291615	0.100474
0.294778	0.0300065
0.300695	0.104574
0.305445	0.116772
0.312957	0.106209
0.316324	0.0292382
0.333085	0.000166752
0.337234	0.103754
0.340573	0.0284702
0.354945	0.101296
0.363418	0.0276991
0.375449	0.107024
0.378327	0.102936
0.3879	0.102114
0.390705	0.0269284
0.415674	0.0261561
0.439965	0.0253844
0.464614	0.107841
0.464614	0.107841
0.467629	0.115964
0.470638	0.0246121
0.495602	0.00024267
0.50139	0.0238405
0.528968	0.0230708
0.549952	0.108655
0.554059	0.0223023
0.584028	0.0215355
0.611427	0.109472
0.619234	0.0207706
0.637502	0.115153
0.650942	0.0200097
0.658099	0.110285
0.663438	0.000341303
0.686445	0.019251
0.708662	0.1111
0.719877	0.0184982
0.751528	0.017748
0.764355	0.114345
0.769279	0.111912
0.78886	0.0170054
0.814623	0.112724
0.819803	0.113533
0.828312	0.0162654
0.832587	0.000456433
0.872027	0.0155359
0.920584	0.0148092
0.959951	0.0140962
0.998434	0.0133865
0.998643	0.00059126
1.04151	0.0126915
1.09403	0.0120004
1.14415	0.0113271
1.15514	0.000736003
1.20144	0.0106588
1.25792	0.0100098
1.29529	0.000896333
1.31523	0.0093677
1.38231	0.00874669
1.42928	0.00105995
1.45628	0.00813306
1.50763	0.00754529
1.5418	0.00123677
1.55868	0.00696551
1.59557	0.00641152
1.63438	0.00586785
1.64152	0.00140978
1.69437	0.00534934
1.73233	0.00159315
1.76535	0.00484274
1.78832	0.0017695
1.80715	0.00436711
1.83496	0.00195389
1.83779	0.00230864
1.84564	0.00267424
1.84933	0.00390581
1.85409	0.00305901
1.86263	0.00347298
1.8635	0.00212956
)
