(title "X-Wall Shear Stress")
(labels "X-Wall Shear Stress" "Position")

((xy/key/label "middleplane_suctionside")
-0.769271	0.0707182
-0.750122	0.0715473
-0.583451	0.145179
-0.550259	0.144411
-0.45802	0.0773463
-0.453844	0.0781767
-0.440892	0.0765191
-0.414422	0.0790047
-0.320125	0.0723754
-0.299862	0.079834
-0.290127	0.145944
-0.290057	0.075688
-0.262721	0.0657532
-0.199188	0.0649273
-0.179284	0.0665807
-0.155839	0.0698909
-0.120384	0.0806604
-0.117076	0.146708
-0.10291	0.106209
-0.0880234	0.0599766
-0.0852297	0.0607997
-0.0834673	0.143643
-0.0741982	0.116772
-0.0702043	0.0591524
-0.0668388	0.11758
-0.065857	0.115964
-0.0648004	0.0542254
-0.0645333	0.0550455
-0.0634418	0.105392
-0.0619135	0.147469
-0.0606644	0.0534074
-0.0598849	0.107024
-0.0553485	0.0641003
-0.0542072	0.0493266
-0.0534863	0.0485143
-0.0534559	0.0525887
-0.05263	0.0501416
-0.0516123	0.0477015
-0.0503867	0.0509558
-0.0491109	0.0517727
-0.0471733	0.118386
-0.0461062	0.0558648
-0.0449438	0.0468912
-0.0409566	0.115153
-0.0400549	0.0460808
-0.0397255	0.142101
-0.0376415	0.0583304
-0.0350373	0.0453912
-0.0337113	0.14823
-0.0276274	0.0447016
-0.0270206	0.119191
-0.0250008	0.061625
-0.0214334	0.0566866
-0.0214142	0.0440029
-0.0163132	0.0575074
-0.0150506	0.119994
-0.0133816	0.0433041
-0.0124959	0.0748616
-0.0124606	0.1216
-0.0123093	0.120799
-0.00776808	0.131951
-0.00540663	0.141328
-0.00515715	0.122404
-0.00467735	0.132739
-0.00466131	0.0425965
-0.00233464	0.0848036
-0.000499855	0.114345
0.00160215	0.131162
0.00334534	0.0856305
0.00591655	0.0418887
0.0110378	0.0732043
0.0120583	0.130371
0.0123341	0.123205
0.0164575	0.148601
0.0170091	0.126401
0.0176022	0.0411723
0.0211064	0.125604
0.0217308	0.133526
0.02193	0.129579
0.0227853	0.127197
0.0248197	0.104574
0.0270508	0.0814909
0.0279647	0.124006
0.0290452	0.124806
0.0297684	0.128786
0.0305502	0.127992
0.0314643	0.0404558
0.0347237	0.107841
0.0347237	0.107841
0.036175	0.0839744
0.0445189	0.113533
0.0449687	0.039731
0.0485752	0.134312
0.0551481	0.135881
0.0559174	0.135097
0.0606207	0.039006
0.0612714	0.0864586
0.0652631	0.0624492
0.0655253	0.136663
0.0683144	0.0632753
0.0728414	8.24209e-05
0.0749222	0.148972
0.0762431	0.0382731
0.0766186	0.0831475
0.0792013	0.067407
0.0828659	0.112724
0.0854363	0.082317
0.0906935	0.108655
0.0925487	0.0375401
0.0981897	0.137444
0.100625	0.109472
0.102831	0.110285
0.103814	0.111912
0.105869	0.1111
0.110401	0.0367996
0.115771	0.0980108
0.116111	0.142873
0.122781	0.103754
0.127709	0.149343
0.127712	0.0360589
0.130894	0.0740311
0.135061	0.0971866
0.13688	0.138223
0.138005	0.0872836
0.13918	0.098833
0.147709	0.0353113
0.14878	0.140555
0.159429	0.139002
0.166579	0.0345636
0.172995	0.0963647
0.174265	0.139779
0.181458	0.0996547
0.182385	0.149549
0.187229	0.00011253
0.187713	0.0338094
0.19483	0.0881126
0.19609	0.102936
0.20196	0.100474
0.204457	0.149749
0.208852	0.0330552
0.208852	0.0330552
0.209606	0.101296
0.213834	0.0930684
0.215382	0.0922427
0.215382	0.0922427
0.215791	0.0955387
0.218519	0.0889371
0.219656	0.102114
0.229132	0.0897658
0.230603	0.0322952
0.232917	0.149652
0.233859	0.091418
0.234408	0.0938908
0.23781	0.0905909
0.242874	0.0947171
0.255114	0.0315354
0.275611	0.0307708
0.292871	0.149704
0.299079	0.0300065
0.320653	0.0292382
0.328672	0.000166752
0.342959	0.0284702
0.354509	0.14973
0.368725	0.0276991
0.39307	0.0269284
0.399916	0.0682353
0.405556	0.0690626
0.412	0.149743
0.42013	0.0261561
0.444003	0.0253844
0.472784	0.0246121
0.490531	0.00024267
0.506422	0.0238405
0.530934	0.0230708
0.557843	0.0223023
0.587983	0.0215355
0.621762	0.0207706
0.655302	0.0200097
0.65756	0.000341303
0.688474	0.019251
0.722882	0.0184982
0.754551	0.017748
0.790872	0.0170054
0.82578	0.000456433
0.831619	0.0162654
0.874342	0.0155359
0.923229	0.0148092
0.962318	0.0140962
0.991132	0.00059126
1.00004	0.0133865
1.04399	0.0126915
1.09538	0.0120004
1.14622	0.0113271
1.14729	0.000736003
1.20305	0.0106588
1.25858	0.0100098
1.28678	0.000896333
1.31636	0.0093677
1.38253	0.00874669
1.42026	0.00105995
1.45678	0.00813306
1.50724	0.00754529
1.53294	0.00123677
1.55787	0.00696551
1.5949	0.00641152
1.63302	0.00586785
1.63303	0.00140978
1.69262	0.00534934
1.7237	0.00159315
1.76299	0.00484274
1.78009	0.0017695
1.80423	0.00436711
1.82744	0.00195389
1.83147	0.00230864
1.83994	0.00267424
1.84559	0.00390581
1.84896	0.00305901
1.85637	0.00212956
1.85796	0.00347298
)
