(title "X-Wall Shear Stress")
(labels "X-Wall Shear Stress" "Position")

((xy/key/label "middleplane_suctionside")
-0.701532	0.0765191
-0.684046	0.075688
-0.546047	0.0723754
-0.538354	0.0773463
-0.489832	0.0748616
-0.463681	0.149743
-0.452957	0.0732043
-0.399115	0.0781767
-0.392243	0.0682353
-0.361366	0.14973
-0.349133	0.0740311
-0.331878	0.0790047
-0.314766	0.067407
-0.239107	0.149704
-0.231788	0.149749
-0.185851	0.079834
-0.163614	0.14823
-0.154902	0.0624492
-0.154233	0.0715473
-0.152714	0.148601
-0.144813	0.147469
-0.143155	0.149652
-0.126373	0.148972
-0.122908	0.0690626
-0.114481	0.139002
-0.111937	0.061625
-0.10705	0.149343
-0.105713	0.149549
-0.0966726	0.139779
-0.086291	0.0665807
-0.0768645	0.146708
-0.075915	0.0607997
-0.0723011	0.138223
-0.0722105	0.0558648
-0.0686367	0.0632753
-0.0650739	0.0550455
-0.062144	0.0566866
-0.0576618	0.0542254
-0.0570427	0.0501416
-0.0555023	0.0509558
-0.0551937	0.0493266
-0.0526349	0.135881
-0.0518284	0.0485143
-0.0507795	0.0517727
-0.0503155	0.136663
-0.0469281	0.0534074
-0.0464326	0.0525887
-0.0462283	0.0477015
-0.0447597	0.0599766
-0.0443665	0.137444
-0.0412868	0.0468912
-0.0363458	0.0460808
-0.0316859	0.0453912
-0.0303012	0.0575074
-0.0263441	0.0447016
-0.0239812	0.135097
-0.0199446	0.0440029
-0.0134403	0.0591524
-0.0115661	0.140555
-0.0113623	0.0433041
-0.00849412	0.0583304
-0.00287235	0.0806604
-0.0016101	0.0425965
0.009904	0.0418887
0.0225056	0.0411723
0.0261294	0.145944
0.0299302	0.0848036
0.0335342	0.134312
0.0348622	0.125604
0.0350627	0.0404558
0.0407697	0.126401
0.0449437	0.124806
0.0462767	0.123205
0.0485104	0.141328
0.0491491	0.039731
0.0491825	0.124006
0.0503639	0.0856305
0.0507158	0.113533
0.0511961	0.115153
0.0524874	0.115964
0.0529613	0.114345
0.0541602	0.112724
0.054643	0.116772
0.0595132	0.122404
0.060734	0.0839744
0.0618771	0.142101
0.0633462	0.039006
0.0637901	0.11758
0.068267	0.127197
0.0713425	0.142873
0.0730153	8.24209e-05
0.0730255	0.111912
0.0787579	0.0382731
0.0885599	0.143643
0.0927688	0.145179
0.0940253	0.127992
0.0956009	0.0375401
0.0961976	0.0641003
0.0974413	0.133526
0.098435	0.118386
0.0986633	0.1111
0.0994557	0.0864586
0.0998226	0.0814909
0.105231	0.144411
0.107302	0.1216
0.108421	0.128786
0.108675	0.105392
0.110091	0.0657532
0.11149	0.104574
0.11168	0.106209
0.112448	0.0367996
0.11479	0.0831475
0.122993	0.129579
0.125319	0.110285
0.125466	0.107024
0.128319	0.103754
0.131628	0.0360589
0.133971	0.082317
0.142772	0.130371
0.144715	0.107841
0.144715	0.107841
0.145878	0.132739
0.14676	0.109472
0.149791	0.0353113
0.152769	0.108655
0.153841	0.119191
0.161046	0.102936
0.162007	0.131162
0.166187	0.0872836
0.167638	0.131951
0.169142	0.120799
0.169825	0.0345636
0.171762	0.0649273
0.187651	0.00011253
0.190047	0.0338094
0.190323	0.119994
0.193497	0.0947171
0.203712	0.102114
0.209996	0.0330552
0.209996	0.0330552
0.212028	0.0938908
0.223794	0.0955387
0.233244	0.0322952
0.240065	0.101296
0.240085	0.0881126
0.255195	0.0315354
0.25811	0.100474
0.259802	0.0963647
0.261079	0.0980108
0.264004	0.0971866
0.267164	0.0996547
0.268078	0.098833
0.278143	0.0307708
0.280792	0.0698909
0.296697	0.0930684
0.299692	0.0300065
0.321725	0.0292382
0.325337	0.0707182
0.329286	0.000166752
0.332183	0.0889371
0.345054	0.0284702
0.367823	0.0276991
0.395184	0.0269284
0.413401	0.0922427
0.413401	0.0922427
0.419257	0.0261561
0.431251	0.0897658
0.44455	0.0253844
0.474376	0.0246121
0.488569	0.091418
0.491256	0.00024267
0.493804	0.0905909
0.505121	0.0238405
0.533032	0.0230708
0.556753	0.0223023
0.587508	0.0215355
0.622224	0.0207706
0.653566	0.0200097
0.6584	0.000341303
0.689991	0.019251
0.7222	0.0184982
0.754486	0.017748
0.791347	0.0170054
0.826723	0.000456433
0.830284	0.0162654
0.874753	0.0155359
0.922411	0.0148092
0.962345	0.0140962
0.992164	0.00059126
1.00044	0.0133865
1.0431	0.0126915
1.09577	0.0120004
1.14545	0.0113271
1.14836	0.000736003
1.20327	0.0106588
1.25894	0.0100098
1.28789	0.000896333
1.31588	0.0093677
1.38302	0.00874669
1.42141	0.00105995
1.45603	0.00813306
1.50765	0.00754529
1.53408	0.00123677
1.5585	0.00696551
1.59463	0.00641152
1.63352	0.00586785
1.63411	0.00140978
1.6928	0.00534934
1.72479	0.00159315
1.7632	0.00484274
1.78114	0.0017695
1.80483	0.00436711
1.82841	0.00195389
1.83228	0.00230864
1.84066	0.00267424
1.84602	0.00390581
1.84964	0.00305901
1.85729	0.00212956
1.85859	0.00347298
)
