(title "X-Wall Shear Stress")
(labels "X-Wall Shear Stress" "Position")

((xy/key/label "middleplane_suctionside")
-0.573457	0.0740311
-0.52213	0.0748616
-0.478609	0.0682353
-0.460019	0.0690626
-0.427075	0.0732043
-0.404141	0.075688
-0.394478	0.0831475
-0.39059	0.082317
-0.324018	0.0814909
-0.279816	0.0806604
-0.272789	0.0839744
-0.22132	0.067407
-0.216968	0.0765191
-0.197496	0.0624492
-0.175433	0.134312
-0.170953	0.079834
-0.160053	0.135097
-0.156212	0.133526
-0.136734	0.135881
-0.127811	0.0632753
-0.127657	0.136663
-0.112723	0.137444
-0.111357	0.0848036
-0.110046	0.0698909
-0.104046	0.132739
-0.103774	0.061625
-0.0780536	0.145944
-0.0717544	0.0558648
-0.066855	0.138223
-0.0653613	0.0566866
-0.0644357	0.146708
-0.060742	0.0550455
-0.059918	0.0501416
-0.0579435	0.0493266
-0.0577844	0.0509558
-0.0568013	0.145179
-0.0550853	0.0542254
-0.0547032	0.0485143
-0.0531203	0.0723754
-0.0511572	0.0517727
-0.0497643	0.0477015
-0.0455981	0.0534074
-0.0447855	0.0468912
-0.043261	0.0525887
-0.0414325	0.0460808
-0.0369455	0.0453912
-0.031752	0.0447016
-0.0304529	0.0575074
-0.0298294	0.131951
-0.0257045	0.0440029
-0.0255904	0.144411
-0.0175848	0.0433041
-0.015623	0.139002
-0.0147873	0.142101
-0.0120166	0.141328
-0.00972052	0.0607997
-0.00823736	0.142873
-0.00822013	0.0425965
-0.00627142	0.143643
-0.0058098	0.0773463
-0.00479218	0.140555
-0.0039877	0.0583304
-0.00330508	0.147469
-0.00245521	0.0591524
0.00166945	0.139779
0.00302323	0.0418887
0.0049376	0.0599766
0.0137365	0.0938908
0.0156007	0.0411723
0.0160917	0.0947171
0.0283154	0.0856305
0.0283298	0.0404558
0.0403511	0.0790047
0.042355	0.039731
0.0493302	0.123205
0.049381	0.0641003
0.0511592	0.124006
0.0527362	0.131162
0.05709	0.039006
0.0582157	0.124806
0.0606232	0.0955387
0.0612476	0.14823
0.0668678	0.122404
0.0676631	0.125604
0.0686899	0.0930684
0.0720925	0.0382731
0.0729841	8.24209e-05
0.0744362	0.0665807
0.0894687	0.0375401
0.0903811	0.1216
0.0913274	0.126401
0.0974796	0.148601
0.106123	0.0367996
0.122416	0.120799
0.123146	0.0781767
0.123779	0.148972
0.125398	0.0360589
0.132769	0.0963647
0.135496	0.130371
0.144262	0.0353113
0.144283	0.149343
0.147213	0.127197
0.163922	0.0345636
0.164008	0.149549
0.16813	0.149749
0.17087	0.0864586
0.176873	0.0922427
0.176873	0.0922427
0.177084	0.119994
0.185345	0.0338094
0.187544	0.00011253
0.188875	0.0649273
0.188968	0.149652
0.193251	0.107024
0.193997	0.106209
0.197352	0.0707182
0.205032	0.0330552
0.205032	0.0330552
0.209036	0.0971866
0.219991	0.105392
0.2209	0.107841
0.2209	0.107841
0.223261	0.129579
0.224848	0.0715473
0.228839	0.0322952
0.232974	0.0657532
0.233053	0.149704
0.234609	0.127992
0.247151	0.104574
0.249279	0.119191
0.251246	0.0315354
0.259547	0.108655
0.270602	0.103754
0.273591	0.0307708
0.275368	0.128786
0.278147	0.0980108
0.286341	0.14973
0.296382	0.0300065
0.298214	0.102936
0.299869	0.091418
0.305389	0.118386
0.31768	0.0292382
0.319603	0.109472
0.326396	0.0872836
0.328537	0.102114
0.329025	0.000166752
0.335941	0.149743
0.336282	0.11758
0.342223	0.0284702
0.342751	0.098833
0.365122	0.0276991
0.368595	0.101296
0.376269	0.116772
0.389928	0.0996547
0.392105	0.0269284
0.399114	0.100474
0.409036	0.0905909
0.417455	0.0261561
0.422239	0.110285
0.431171	0.115964
0.441411	0.0253844
0.461931	0.0881126
0.472368	0.0246121
0.4908	0.00024267
0.497371	0.0897658
0.50101	0.115153
0.503153	0.0238405
0.526977	0.0889371
0.530559	0.0230708
0.535765	0.1111
0.555849	0.0223023
0.581029	0.114345
0.585629	0.0215355
0.616194	0.111912
0.620845	0.0207706
0.627885	0.113533
0.64044	0.112724
0.652516	0.0200097
0.657771	0.000341303
0.688146	0.019251
0.721457	0.0184982
0.753122	0.017748
0.790375	0.0170054
0.825951	0.000456433
0.829581	0.0162654
0.87344	0.0155359
0.921704	0.0148092
0.961178	0.0140962
0.991274	0.00059126
0.99947	0.0133865
1.04262	0.0126915
1.09502	0.0120004
1.1446	0.0113271
1.14738	0.000736003
1.20229	0.0106588
1.25832	0.0100098
1.28683	0.000896333
1.3151	0.0093677
1.38225	0.00874669
1.42029	0.00105995
1.45538	0.00813306
1.50675	0.00754529
1.53293	0.00123677
1.55778	0.00696551
1.59386	0.00641152
1.6327	0.00586785
1.63295	0.00140978
1.69202	0.00534934
1.7236	0.00159315
1.76233	0.00484274
1.77997	0.0017695
1.80392	0.00436711
1.82726	0.00195389
1.83122	0.00230864
1.83962	0.00267424
1.8451	0.00390581
1.84866	0.00305901
1.85618	0.00212956
1.85762	0.00347298
)
