(title "X-Wall Shear Stress")
(labels "X-Wall Shear Stress" "Position")

((xy/key/label "middleplane_suctionside")
-0.591799	0.0781767
-0.494565	0.0773463
-0.443699	0.0790047
-0.427765	0.0740311
-0.394931	0.0682353
-0.371618	0.0732043
-0.365806	0.079834
-0.343428	0.0690626
-0.297366	0.0806604
-0.28991	0.0748616
-0.2298	0.139779
-0.205093	0.139002
-0.160848	0.0814909
-0.143229	0.0765191
-0.141609	0.0632753
-0.137925	0.067407
-0.137366	0.0624492
-0.12538	0.0723754
-0.108427	0.140555
-0.104365	0.138223
-0.102632	0.149743
-0.0771419	0.14973
-0.0723013	0.075688
-0.0681382	0.0566866
-0.0671332	0.131951
-0.0625619	0.0558648
-0.061666	0.0509558
-0.0600118	0.0517727
-0.0596719	0.0501416
-0.0586482	0.132739
-0.0562971	0.0575074
-0.0556051	0.148601
-0.0554718	0.0493266
-0.0547604	0.0550455
-0.0518129	0.0525887
-0.0514409	0.0485143
-0.0507631	0.149704
-0.0503157	0.14823
-0.0501771	0.0542254
-0.0498837	0.149749
-0.0475734	0.0477015
-0.0461232	0.125604
-0.0447109	0.0534074
-0.0446462	0.0468912
-0.0436122	0.148972
-0.0435299	0.061625
-0.0432642	0.131162
-0.0421638	0.126401
-0.0404056	0.0460808
-0.0391052	0.149343
-0.0373888	0.133526
-0.0362712	0.0453912
-0.035193	0.149652
-0.0351221	0.135097
-0.0350893	0.149549
-0.031809	0.0583304
-0.0304621	0.0447016
-0.0292844	0.147469
-0.0271265	0.134312
-0.0230458	0.0440029
-0.0226803	0.0599766
-0.0199191	0.0641003
-0.0196257	0.0591524
-0.0167672	0.135881
-0.0135258	0.0433041
-0.0121211	0.0607997
-0.00961986	0.137444
-0.00506007	0.124806
-0.00404114	0.082317
-0.00330906	0.0425965
-0.00116043	0.130371
-0.000740325	0.146708
-0.000131648	0.127197
0.00823948	0.0418887
0.0147781	0.0698909
0.0203355	0.0411723
0.0205729	0.136663
0.0253443	0.0848036
0.0272242	0.129579
0.0308655	0.0839744
0.0327354	0.0404558
0.0363784	0.145944
0.0399143	0.127992
0.044576	0.128786
0.0459084	0.124006
0.0467305	0.039731
0.0608613	0.0831475
0.0610317	0.039006
0.064147	0.141328
0.0663046	0.0980108
0.0702116	0.145179
0.0725375	8.24209e-05
0.0740448	0.098833
0.0773222	0.0382731
0.0842011	0.123205
0.0845699	0.0665807
0.0872301	0.0971866
0.0942698	0.0375401
0.095043	0.0996547
0.0966518	0.0649273
0.106844	0.0856305
0.111973	0.0367996
0.118413	0.122404
0.1226	0.144411
0.131019	0.0360589
0.136436	0.100474
0.138164	0.106209
0.142013	0.105392
0.144366	0.0657532
0.149183	0.0353113
0.151286	0.1216
0.154161	0.0963647
0.164755	0.107024
0.169508	0.0345636
0.173862	0.115153
0.17471	0.104574
0.177329	0.120799
0.178451	0.142101
0.18365	0.115964
0.186508	0.00011253
0.186801	0.143643
0.187186	0.119994
0.189103	0.0338094
0.189384	0.119191
0.193732	0.101296
0.199748	0.118386
0.201484	0.116772
0.202679	0.114345
0.207774	0.11758
0.209486	0.0864586
0.210103	0.0330552
0.210103	0.0330552
0.211665	0.0715473
0.214368	0.107841
0.214368	0.107841
0.218936	0.142873
0.22498	0.103754
0.232805	0.0322952
0.237148	0.0889371
0.241267	0.102114
0.248849	0.0881126
0.255471	0.0315354
0.256238	0.102936
0.25636	0.0897658
0.258909	0.0872836
0.262963	0.113533
0.263335	0.0955387
0.272603	0.108655
0.278725	0.0307708
0.291122	0.0905909
0.294922	0.0707182
0.2997	0.0300065
0.322869	0.0292382
0.324777	0.109472
0.327582	0.000166752
0.333799	0.112724
0.339014	0.091418
0.344899	0.0284702
0.364226	0.110285
0.368564	0.0276991
0.382269	0.111912
0.38658	0.1111
0.395739	0.0269284
0.401136	0.0947171
0.414913	0.0922427
0.414913	0.0922427
0.419419	0.0261561
0.446212	0.0253844
0.474536	0.0246121
0.489152	0.00024267
0.489644	0.0930684
0.497	0.0938908
0.506669	0.0238405
0.533851	0.0230708
0.556637	0.0223023
0.589329	0.0215355
0.622498	0.0207706
0.654936	0.0200097
0.655929	0.000341303
0.69097	0.019251
0.72228	0.0184982
0.755898	0.017748
0.791467	0.0170054
0.823948	0.000456433
0.831142	0.0162654
0.875827	0.0155359
0.922862	0.0148092
0.963565	0.0140962
0.989126	0.00059126
1.00093	0.0133865
1.0432	0.0126915
1.09607	0.0120004
1.14521	0.000736003
1.14595	0.0113271
1.20396	0.0106588
1.25866	0.0100098
1.2846	0.000896333
1.31617	0.0093677
1.38284	0.00874669
1.41798	0.00105995
1.45545	0.00813306
1.50798	0.00754529
1.53066	0.00123677
1.55772	0.00696551
1.59422	0.00641152
1.63082	0.00140978
1.63308	0.00586785
1.69169	0.00534934
1.72143	0.00159315
1.7623	0.00484274
1.77793	0.0017695
1.80361	0.00436711
1.82549	0.00195389
1.82988	0.00230864
1.8384	0.00267424
1.84438	0.00390581
1.84757	0.00305901
1.85459	0.00212956
1.85671	0.00347298
)
