(title "X-Wall Shear Stress")
(labels "X-Wall Shear Stress" "Position")

((xy/key/label "middleplane_suctionside")
-0.816002	0.0732043
-0.726322	0.079834
-0.719153	0.0740311
-0.633654	0.0806604
-0.56726	0.0790047
-0.476918	0.0723754
-0.428082	0.0814909
-0.380301	0.0748616
-0.252477	0.082317
-0.251108	0.0682353
-0.200208	0.0781767
-0.151927	0.067407
-0.148527	0.0690626
-0.118483	0.0624492
-0.0968713	0.0831475
-0.0932974	0.061625
-0.0817599	0.0632753
-0.0731042	0.0607997
-0.072052	0.0558648
-0.0677159	0.0566866
-0.0647514	0.0550455
-0.0594836	0.0501416
-0.0591734	0.0509558
-0.0585906	0.075688
-0.0567487	0.0542254
-0.0567348	0.0665807
-0.0563838	0.0493266
-0.0545059	0.0517727
-0.0520428	0.0485143
-0.0519694	0.0599766
-0.0483701	0.0525887
-0.0470567	0.0534074
-0.0464965	0.0477015
-0.0445203	0.0575074
-0.0420561	0.0468912
-0.0382187	0.0872836
-0.0374942	0.0460808
-0.0342521	0.0881126
-0.0330726	0.0453912
-0.0277012	0.0591524
-0.0275985	0.0447016
-0.025367	0.0583304
-0.0210221	0.0440029
-0.0192793	0.135881
-0.0120695	0.0433041
-0.00951204	0.135097
-0.00676023	0.136663
-0.00507808	0.122404
-0.00203829	0.0425965
-0.00195146	0.0657532
-0.00126988	0.0641003
0.00633055	0.123205
0.00844411	0.134312
0.00954379	0.0418887
0.0129378	0.1216
0.0222529	0.0411723
0.0260468	0.0889371
0.0276746	0.133526
0.0282921	0.0649273
0.0347527	0.0404558
0.0398386	0.0864586
0.0402021	0.132739
0.0448376	0.131951
0.0456459	0.131162
0.0475698	0.137444
0.0484429	0.120799
0.0487735	0.039731
0.0498478	0.130371
0.050219	0.0839744
0.0577064	0.149749
0.0602037	0.129579
0.063061	0.115153
0.0631617	0.039006
0.063994	0.114345
0.0710203	0.128786
0.0731975	8.24209e-05
0.0733707	0.0715473
0.0784881	0.0773463
0.0785681	0.0382731
0.0859927	0.127992
0.0886666	0.144411
0.090685	0.145179
0.0929111	0.124006
0.0956337	0.0375401
0.0988566	0.109472
0.0996592	0.143643
0.10035	0.0765191
0.103539	0.119994
0.105626	0.113533
0.107416	0.145944
0.110291	0.108655
0.112548	0.0367996
0.113479	0.0698909
0.115129	0.149743
0.119565	0.14973
0.123814	0.149343
0.124872	0.0897658
0.124891	0.148972
0.12516	0.115964
0.125961	0.149704
0.128435	0.110285
0.128628	0.127197
0.129384	0.146708
0.129652	0.149549
0.129868	0.142873
0.131277	0.149652
0.131637	0.0856305
0.131767	0.0360589
0.133965	0.148601
0.140613	0.0848036
0.14168	0.138223
0.144189	0.14823
0.144988	0.147469
0.147932	0.112724
0.150026	0.0353113
0.156203	0.1111
0.165665	0.111912
0.170112	0.0345636
0.174647	0.107841
0.174647	0.107841
0.176865	0.119191
0.188091	0.00011253
0.190361	0.0338094
0.190857	0.142101
0.205915	0.124806
0.206083	0.126401
0.21037	0.0330552
0.21037	0.0330552
0.212022	0.116772
0.233703	0.0322952
0.236497	0.139002
0.244017	0.118386
0.249885	0.0905909
0.25052	0.125604
0.251714	0.107024
0.255575	0.0315354
0.261333	0.11758
0.262993	0.141328
0.278665	0.0307708
0.283682	0.0707182
0.296107	0.0938908
0.297017	0.139779
0.300148	0.0300065
0.305804	0.0947171
0.306945	0.140555
0.32209	0.0292382
0.325969	0.106209
0.328443	0.0930684
0.329935	0.000166752
0.340117	0.091418
0.345765	0.0284702
0.35684	0.0955387
0.359935	0.0922427
0.359935	0.0922427
0.368186	0.0276991
0.391569	0.105392
0.395846	0.0269284
0.41981	0.0261561
0.427496	0.0963647
0.428789	0.104574
0.444812	0.0253844
0.449905	0.103754
0.45925	0.102936
0.459404	0.102114
0.471049	0.101296
0.474997	0.0246121
0.492074	0.00024267
0.493669	0.100474
0.496436	0.0971866
0.505425	0.0238405
0.527623	0.0996547
0.533576	0.0230708
0.548231	0.0980108
0.557337	0.0223023
0.558804	0.098833
0.587843	0.0215355
0.622804	0.0207706
0.653972	0.0200097
0.659387	0.000341303
0.690307	0.019251
0.722757	0.0184982
0.754843	0.017748
0.791795	0.0170054
0.827868	0.000456433
0.830683	0.0162654
0.875019	0.0155359
0.922789	0.0148092
0.962584	0.0140962
0.993441	0.00059126
1.00072	0.0133865
1.04344	0.0126915
1.09619	0.0120004
1.14559	0.0113271
1.14972	0.000736003
1.20344	0.0106588
1.25941	0.0100098
1.28936	0.000896333
1.31615	0.0093677
1.38346	0.00874669
1.42296	0.00105995
1.45633	0.00813306
1.50817	0.00754529
1.53566	0.00123677
1.55908	0.00696551
1.59506	0.00641152
1.63414	0.00586785
1.63567	0.00140978
1.69339	0.00534934
1.72641	0.00159315
1.76389	0.00484274
1.7827	0.0017695
1.80562	0.00436711
1.82985	0.00195389
1.83353	0.00230864
1.84184	0.00267424
1.84691	0.00390581
1.85073	0.00305901
1.85867	0.00212956
1.8596	0.00347298
)
