(title "X-Wall Shear Stress")
(labels "X-Wall Shear Stress" "Position")

((xy/key/label "middleplane_suctionside")
-0.731141	0.0790047
-0.654987	0.0781767
-0.61548	0.0732043
-0.611628	0.079834
-0.509974	0.0723754
-0.494457	0.0740311
-0.439273	0.0682353
-0.397003	0.067407
-0.379788	0.0856305
-0.343761	0.0773463
-0.332695	0.0864586
-0.3278	0.0848036
-0.314758	0.0806604
-0.254799	0.0715473
-0.234479	0.0748616
-0.230261	0.0872836
-0.176653	0.141328
-0.164769	0.0624492
-0.156855	0.0839744
-0.156004	0.0690626
-0.139378	0.140555
-0.137909	0.142101
-0.114744	0.0881126
-0.109277	0.061625
-0.106382	0.147469
-0.105477	0.0665807
-0.0886793	0.146708
-0.0850732	0.142873
-0.0794557	0.0632753
-0.0736641	0.119191
-0.0732139	0.14823
-0.0721615	0.0566866
-0.0721336	0.0558648
-0.0695067	0.119994
-0.0648925	0.143643
-0.0628748	0.0550455
-0.0627379	0.0509558
-0.062414	0.0501416
-0.0612174	0.0517727
-0.0601897	0.0542254
-0.0595733	0.0493266
-0.0567249	0.0485143
-0.054036	0.0525887
-0.0529498	0.0534074
-0.0526199	0.0477015
-0.0504206	0.0575074
-0.0500268	0.139779
-0.0481285	0.0468912
-0.0441772	0.118386
-0.0440024	0.0460808
-0.0402918	0.129579
-0.0384742	0.0453912
-0.0366157	0.0607997
-0.0338984	0.128786
-0.0323373	0.0447016
-0.0319546	0.144411
-0.0296064	0.0583304
-0.0293546	0.148601
-0.0282738	0.0591524
-0.0282687	0.120799
-0.0256099	0.0440029
-0.025445	0.0599766
-0.0243547	0.0765191
-0.0172112	0.0433041
-0.0160616	0.145944
-0.0151688	0.11758
-0.0119271	0.0889371
-0.0095135	0.0814909
-0.00782098	0.0425965
-0.00690901	0.127992
-0.00524863	0.130371
-0.00330389	0.075688
-0.00171871	0.0707182
0.00322939	0.0418887
0.00512584	0.1111
0.00888592	0.111912
0.00944812	0.145179
0.0109333	0.110285
0.0113938	0.116772
0.0114842	0.112724
0.013598	0.1216
0.0157808	0.0411723
0.0183942	0.113533
0.0190335	0.127197
0.0242069	0.148972
0.0284941	0.114345
0.0287507	0.0404558
0.032913	0.115964
0.0341123	0.126401
0.0361706	0.0831475
0.0364948	0.115153
0.0383561	0.109472
0.0388821	0.125604
0.0430161	0.039731
0.0433867	0.124806
0.0440236	0.122404
0.0477318	0.131162
0.0529747	0.124006
0.0538787	0.0641003
0.0576109	0.123205
0.0580958	0.039006
0.0654076	0.0897658
0.0680982	0.139002
0.0732934	0.0382731
0.0737822	8.24209e-05
0.0752818	0.0698909
0.079352	0.131951
0.0856429	0.108655
0.0868201	0.149343
0.0905698	0.0375401
0.0966128	0.132739
0.104998	0.0657532
0.106123	0.082317
0.107229	0.0367996
0.111544	0.0905909
0.120192	0.133526
0.125951	0.0649273
0.126222	0.0360589
0.138074	0.107841
0.138074	0.107841
0.145077	0.0353113
0.154523	0.091418
0.155374	0.134312
0.156945	0.149549
0.164655	0.0345636
0.175759	0.107024
0.186006	0.0338094
0.189513	0.00011253
0.199413	0.138223
0.202415	0.106209
0.205843	0.0330552
0.205843	0.0330552
0.211696	0.135097
0.216019	0.105392
0.216503	0.104574
0.223762	0.103754
0.224047	0.0922427
0.224047	0.0922427
0.224074	0.0980108
0.226212	0.0971866
0.229426	0.0322952
0.231032	0.149652
0.251602	0.0963647
0.251878	0.0315354
0.252781	0.149749
0.254166	0.102936
0.254217	0.098833
0.27404	0.0307708
0.283572	0.135881
0.292819	0.0955387
0.296713	0.0300065
0.299691	0.0930684
0.301529	0.137444
0.302612	0.102114
0.304421	0.0996547
0.317932	0.0292382
0.321931	0.149704
0.328276	0.136663
0.331961	0.000166752
0.338771	0.0947171
0.342194	0.0284702
0.344899	0.101296
0.345476	0.0938908
0.347459	0.100474
0.36533	0.0276991
0.391967	0.0269284
0.41609	0.14973
0.417612	0.0261561
0.441485	0.0253844
0.472181	0.0246121
0.494395	0.00024267
0.499509	0.149743
0.503227	0.0238405
0.530096	0.0230708
0.555754	0.0223023
0.585421	0.0215355
0.620565	0.0207706
0.652515	0.0200097
0.662087	0.000341303
0.6876	0.019251
0.721309	0.0184982
0.752779	0.017748
0.790004	0.0170054
0.82958	0.0162654
0.831013	0.000456433
0.87315	0.0155359
0.921742	0.0148092
0.961063	0.0140962
0.996917	0.00059126
0.999394	0.0133865
1.04265	0.0126915
1.09489	0.0120004
1.14517	0.0113271
1.15335	0.000736003
1.20243	0.0106588
1.25867	0.0100098
1.29332	0.000896333
1.31588	0.0093677
1.3829	0.00874669
1.42718	0.00105995
1.45686	0.00813306
1.50785	0.00754529
1.53978	0.00123677
1.55918	0.00696551
1.59566	0.00641152
1.63447	0.00586785
1.63963	0.00140978
1.69436	0.00534934
1.73042	0.00159315
1.76505	0.00484274
1.78651	0.0017695
1.80687	0.00436711
1.83334	0.00195389
1.83648	0.00230864
1.84453	0.00267424
1.84874	0.00390581
1.85314	0.00305901
1.86179	0.00347298
1.86197	0.00212956
)
