(title "X-Wall Shear Stress")
(labels "X-Wall Shear Stress" "Position")

((xy/key/label "middleplane_suctionside")
-0.650386	0.0732043
-0.500407	0.0723754
-0.486019	0.0790047
-0.46294	0.0740311
-0.456077	0.0781767
-0.408213	0.079834
-0.377106	0.0773463
-0.339403	0.075688
-0.327485	0.0765191
-0.327427	0.0748616
-0.29256	0.0665807
-0.292165	0.067407
-0.197922	0.0806604
-0.173517	0.0657532
-0.153872	0.147469
-0.145874	0.0848036
-0.118304	0.0856305
-0.0997105	0.061625
-0.0961525	0.146708
-0.0956252	0.0715473
-0.0871804	0.0607997
-0.0783633	0.0682353
-0.0710627	0.14823
-0.0683545	0.0599766
-0.0562241	0.0542254
-0.0556668	0.0550455
-0.0540257	0.0558648
-0.0522231	0.0534074
-0.0496242	0.0501416
-0.0488923	0.0525887
-0.0487929	0.0493266
-0.0487581	0.0509558
-0.0482803	0.0517727
-0.0479272	0.0624492
-0.0476682	0.0485143
-0.0440782	0.0477015
-0.0388233	0.0468912
-0.0381237	0.0591524
-0.0372409	0.0566866
-0.0337972	0.0460808
-0.0276127	0.0453912
-0.0257824	0.0839744
-0.0209709	0.0447016
-0.0179194	0.0938908
-0.0143662	0.0583304
-0.0143295	0.0575074
-0.0143123	0.0440029
-0.00612787	0.0433041
0.00317145	0.0425965
0.0139262	0.0418887
0.0201976	0.113533
0.020372	0.0814909
0.0210446	0.0947171
0.021156	0.0649273
0.0256505	0.0864586
0.0259974	0.114345
0.0264115	0.0411723
0.0300839	0.1216
0.0393685	0.0404558
0.039474	0.112724
0.0403926	0.145944
0.0414012	0.122404
0.0447036	0.120799
0.0455472	0.148601
0.0489893	0.131951
0.0497921	0.115153
0.0534604	0.039731
0.05481	0.131162
0.0563642	0.123205
0.0600916	0.125604
0.0605058	0.132739
0.0613112	0.111912
0.062148	0.124806
0.0625557	0.0930684
0.0633205	0.124006
0.0658574	0.126401
0.06632	0.130371
0.0671352	0.115964
0.0686934	0.039006
0.0723996	0.0632753
0.0724988	0.127197
0.0732233	0.129579
0.0735626	8.24209e-05
0.0740403	0.127992
0.0740762	0.128786
0.0764896	0.119994
0.0781525	0.116772
0.081914	0.1111
0.0835882	0.0382731
0.0848648	0.145179
0.0932311	0.11758
0.0942806	0.133526
0.0998664	0.119191
0.100715	0.0375401
0.101598	0.0831475
0.104111	0.144411
0.104628	0.118386
0.105934	0.102936
0.109158	0.102114
0.115637	0.103754
0.11699	0.0367996
0.120916	0.110285
0.126485	0.104574
0.129571	0.082317
0.134294	0.105392
0.135427	0.0360589
0.137465	0.0641003
0.140758	0.106209
0.141026	0.134312
0.145416	0.101296
0.148241	0.0955387
0.154062	0.0353113
0.156344	0.148972
0.164101	0.0872836
0.16477	0.107024
0.16872	0.137444
0.168789	0.136663
0.172968	0.0345636
0.174199	0.109472
0.174849	0.135097
0.177862	0.135881
0.179245	0.138223
0.188981	0.00011253
0.190771	0.143643
0.194397	0.0338094
0.196228	0.139002
0.196548	0.107841
0.196548	0.107841
0.204428	0.108655
0.207138	0.0690626
0.213461	0.100474
0.213672	0.0330552
0.213672	0.0330552
0.221484	0.0922427
0.221484	0.0922427
0.225521	0.139779
0.236856	0.0322952
0.259332	0.0315354
0.265272	0.149343
0.267848	0.140555
0.273584	0.0881126
0.274311	0.142873
0.276367	0.0707182
0.280514	0.0307708
0.281275	0.0963647
0.29343	0.0996547
0.30027	0.141328
0.303411	0.0300065
0.306583	0.142101
0.323791	0.0292382
0.328689	0.149749
0.331266	0.000166752
0.347785	0.0284702
0.358475	0.0889371
0.360647	0.098833
0.361845	0.0971866
0.365675	0.149549
0.366545	0.091418
0.371119	0.0276991
0.376353	0.0698909
0.384899	0.0980108
0.396708	0.0269284
0.41629	0.0897658
0.422904	0.0261561
0.429552	0.0905909
0.441713	0.149652
0.445966	0.0253844
0.476372	0.0246121
0.493721	0.00024267
0.507763	0.0238405
0.519251	0.149704
0.533455	0.0230708
0.559762	0.0223023
0.58909	0.0215355
0.591849	0.14973
0.623839	0.0207706
0.653751	0.149743
0.656104	0.0200097
0.661353	0.000341303
0.690231	0.019251
0.724335	0.0184982
0.755524	0.017748
0.79245	0.0170054
0.830142	0.000456433
0.832403	0.0162654
0.875371	0.0155359
0.924183	0.0148092
0.963163	0.0140962
0.99594	0.00059126
1.00122	0.0133865
1.04481	0.0126915
1.09652	0.0120004
1.14701	0.0113271
1.15235	0.000736003
1.20402	0.0106588
1.2599	0.0100098
1.29222	0.000896333
1.31742	0.0093677
1.384	0.00874669
1.426	0.00105995
1.45816	0.00813306
1.50888	0.00754529
1.53867	0.00123677
1.55975	0.00696551
1.5967	0.00641152
1.63507	0.00586785
1.63862	0.00140978
1.69491	0.00534934
1.72941	0.00159315
1.76552	0.00484274
1.7856	0.0017695
1.80702	0.00436711
1.83256	0.00195389
1.83591	0.00230864
1.84413	0.00267424
1.84885	0.00390581
1.85285	0.00305901
1.86126	0.00212956
1.86162	0.00347298
)
