(title "X-Wall Shear Stress")
(labels "X-Wall Shear Stress" "Position")

((xy/key/label "middleplane_suctionside")
-0.612697	0.0715473
-0.584652	0.0707182
-0.444131	0.082317
-0.425525	0.0831475
-0.399236	0.0657532
-0.356382	0.0723754
-0.337733	0.0814909
-0.323004	0.0649273
-0.307116	0.0839744
-0.305882	0.0790047
-0.301582	0.0781767
-0.278955	0.0773463
-0.262712	0.0765191
-0.246476	0.0665807
-0.229592	0.079834
-0.217073	0.0806604
-0.181674	0.0698909
-0.177181	0.075688
-0.155046	0.0848036
-0.151173	0.0897658
-0.141244	0.0889371
-0.132511	0.0599766
-0.132102	0.0607997
-0.104123	0.0591524
-0.0971084	0.0641003
-0.0874564	0.0732043
-0.0696167	0.0534074
-0.0693462	0.0542254
-0.0670619	0.0550455
-0.0654668	0.149743
-0.0631075	0.0525887
-0.058442	0.0583304
-0.0577257	0.0501416
-0.0576933	0.0493266
-0.0572954	0.0517727
-0.0568471	0.0509558
-0.0562016	0.0485143
-0.054683	0.14973
-0.0546066	0.0477015
-0.0482186	0.0468912
-0.0474486	0.0558648
-0.0439709	0.0460808
-0.0414533	0.149704
-0.0388973	0.0453912
-0.03367	0.149749
-0.0318784	0.0748616
-0.0313455	0.061625
-0.0310788	0.0447016
-0.0300004	0.149652
-0.0240671	0.0440029
-0.0194691	0.149549
-0.018153	0.0575074
-0.016141	0.0566866
-0.0152245	0.0433041
-0.00934482	0.1216
-0.00614845	0.0425965
-0.00529955	0.0905909
0.00310137	0.122404
0.00424733	0.0881126
0.00464213	0.0418887
0.00701347	0.0856305
0.0108441	0.149343
0.0120752	0.120799
0.0135689	0.135881
0.0161802	0.0411723
0.0273462	0.135097
0.0290049	0.136663
0.0292602	0.0740311
0.0297849	0.0404558
0.0377548	0.123205
0.0431627	0.039731
0.049761	0.148972
0.0498561	0.119994
0.0587642	0.039006
0.0609702	0.137444
0.0666552	0.148601
0.07352	8.24209e-05
0.0745607	0.130371
0.0747151	0.0382731
0.0817752	0.124006
0.0853096	0.134312
0.0911337	0.0375401
0.0919229	0.14823
0.0932245	0.119191
0.0936146	0.138223
0.094265	0.129579
0.097714	0.067407
0.109382	0.0367996
0.109764	0.139002
0.111956	0.141328
0.112018	0.139779
0.11214	0.140555
0.117308	0.142101
0.118628	0.147469
0.123672	0.0864586
0.126644	0.0360589
0.130053	0.0872836
0.130571	0.124806
0.136032	0.142873
0.13758	0.0632753
0.138157	0.146708
0.142136	0.0624492
0.146326	0.0353113
0.146438	0.118386
0.148082	0.128786
0.14935	0.131162
0.157347	0.143643
0.165343	0.0345636
0.166235	0.145944
0.172591	0.125604
0.173055	0.144411
0.177631	0.145179
0.181561	0.091418
0.185682	0.0338094
0.188887	0.00011253
0.189682	0.127992
0.193057	0.133526
0.198759	0.126401
0.205788	0.127197
0.207325	0.0330552
0.207325	0.0330552
0.209217	0.11758
0.228689	0.0322952
0.25347	0.0315354
0.25956	0.131951
0.261288	0.110285
0.271747	0.116772
0.272969	0.109472
0.274479	0.0307708
0.28048	0.132739
0.296814	0.0300065
0.301038	0.1111
0.312844	0.108655
0.314486	0.0922427
0.314486	0.0922427
0.317874	0.115964
0.319676	0.0292382
0.327161	0.0690626
0.331116	0.000166752
0.338619	0.106209
0.340741	0.0284702
0.34566	0.107841
0.34566	0.107841
0.346532	0.105392
0.34806	0.115153
0.348888	0.107024
0.366769	0.0276991
0.367413	0.111912
0.376535	0.114345
0.381233	0.104574
0.391579	0.0269284
0.396189	0.0930684
0.39903	0.113533
0.402527	0.112724
0.417299	0.0261561
0.420693	0.0682353
0.430485	0.103754
0.443235	0.0253844
0.457325	0.0938908
0.470553	0.0246121
0.474303	0.102936
0.493507	0.00024267
0.502224	0.102114
0.50481	0.0238405
0.511083	0.0947171
0.529751	0.0230708
0.530048	0.101296
0.553059	0.0955387
0.554927	0.0223023
0.563673	0.100474
0.587181	0.0215355
0.597522	0.0963647
0.61933	0.0207706
0.623372	0.0996547
0.653604	0.0200097
0.655797	0.0971866
0.661103	0.000341303
0.687496	0.019251
0.691225	0.098833
0.701134	0.0980108
0.72025	0.0184982
0.753732	0.017748
0.788834	0.0170054
0.829871	0.000456433
0.830037	0.0162654
0.873717	0.0155359
0.921738	0.0148092
0.961715	0.0140962
0.995652	0.00059126
0.998726	0.0133865
1.04222	0.0126915
1.09438	0.0120004
1.14564	0.0113271
1.15205	0.000736003
1.20247	0.0106588
1.25745	0.0100098
1.29187	0.000896333
1.31638	0.0093677
1.38212	0.00874669
1.42562	0.00105995
1.45666	0.00813306
1.50809	0.00754529
1.53825	0.00123677
1.55774	0.00696551
1.59582	0.00641152
1.63395	0.00586785
1.63817	0.00140978
1.69369	0.00534934
1.72893	0.00159315
1.76472	0.00484274
1.78508	0.0017695
1.80591	0.00436711
1.83201	0.00195389
1.83532	0.00230864
1.84345	0.00267424
1.84796	0.00390581
1.85208	0.00305901
1.86069	0.00212956
1.86085	0.00347298
)
