(title "X-Wall Shear Stress")
(labels "X-Wall Shear Stress" "Position")

((xy/key/label "middleplane_suctionside")
-0.511327	0.0723754
-0.49593	0.0781767
-0.461178	0.0790047
-0.442956	0.141328
-0.433714	0.0773463
-0.419513	0.079834
-0.400349	0.0732043
-0.349682	0.0715473
-0.347439	0.0806604
-0.322232	0.140555
-0.252112	0.067407
-0.245707	0.149743
-0.241108	0.0814909
-0.215246	0.0765191
-0.203647	0.0665807
-0.193004	0.14973
-0.190642	0.0740311
-0.178821	0.0864586
-0.177106	0.145944
-0.176564	0.146708
-0.170459	0.0872836
-0.135156	0.0856305
-0.134482	0.149704
-0.133137	0.147469
-0.130787	0.082317
-0.122321	0.149749
-0.108829	0.0881126
-0.107096	0.14823
-0.105378	0.061625
-0.100869	0.0657532
-0.098113	0.148601
-0.0947991	0.149652
-0.0888271	0.148972
-0.0865249	0.0607997
-0.0849266	0.149343
-0.0835512	0.149549
-0.0698653	0.0848036
-0.0660883	0.0558648
-0.0653362	0.0682353
-0.0626303	0.0550455
-0.0621093	0.0599766
-0.0590952	0.0624492
-0.0575497	0.0831475
-0.0569885	0.0542254
-0.0564736	0.0501416
-0.0550044	0.0509558
-0.0542264	0.0493266
-0.0528521	0.142101
-0.0522675	0.0566866
-0.0507203	0.0517727
-0.0500578	0.0485143
-0.0485641	0.0534074
-0.0469291	0.0525887
-0.0445675	0.0477015
-0.0433459	0.145179
-0.039656	0.0468912
-0.0367992	0.0839744
-0.0351634	0.0460808
-0.033796	0.0591524
-0.0305703	0.0453912
-0.0293756	0.0575074
-0.0267528	0.0889371
-0.0250004	0.0447016
-0.0205641	0.0583304
-0.0184025	0.0440029
-0.0135577	0.0748616
-0.0115043	0.075688
-0.00945728	0.0433041
0.000608791	0.0425965
0.0122738	0.0418887
0.0143744	0.0649273
0.0248162	0.0411723
0.0373574	0.0404558
0.0387955	0.0632753
0.0450184	0.0955387
0.0475433	0.0897658
0.0480752	0.0963647
0.0512563	0.039731
0.0619508	0.0971866
0.0634144	0.0996547
0.0654285	0.039006
0.0693408	0.0947171
0.0698131	0.100474
0.0728942	8.24209e-05
0.0763698	0.098833
0.0765374	0.114345
0.0766079	0.0980108
0.0789467	0.115153
0.0803807	0.0641003
0.0809393	0.0382731
0.0820022	0.113533
0.087171	0.128786
0.0872521	0.129579
0.0882748	0.115964
0.0922837	0.116772
0.0934638	0.11758
0.0948183	0.112724
0.0977773	0.0375401
0.101982	0.101296
0.103147	0.118386
0.108788	0.130371
0.110446	0.127992
0.11114	0.0905909
0.11304	0.111912
0.114787	0.0367996
0.117695	0.107024
0.118945	0.119191
0.11989	0.0938908
0.124582	0.106209
0.125667	0.107841
0.125667	0.107841
0.131483	0.131162
0.13187	0.1111
0.131981	0.119994
0.133908	0.0360589
0.13674	0.102114
0.137733	0.120799
0.13784	0.105392
0.139844	0.108655
0.141614	0.1216
0.142913	0.127197
0.143604	0.0707182
0.146145	0.110285
0.148345	0.104574
0.149266	0.109472
0.151644	0.122404
0.151976	0.0353113
0.153285	0.131951
0.155446	0.102936
0.156367	0.103754
0.163328	0.091418
0.166773	0.123205
0.169739	0.126401
0.169769	0.139779
0.17174	0.0930684
0.172002	0.0345636
0.181793	0.124006
0.184362	0.125604
0.187354	0.00011253
0.188464	0.124806
0.190987	0.0922427
0.190987	0.0922427
0.191871	0.0338094
0.192474	0.132739
0.211976	0.0330552
0.211976	0.0330552
0.234955	0.0322952
0.24036	0.133526
0.256931	0.0315354
0.259195	0.144411
0.274125	0.0690626
0.279977	0.0307708
0.291797	0.134312
0.301202	0.0300065
0.323465	0.0292382
0.328873	0.000166752
0.346412	0.0284702
0.353556	0.135097
0.369182	0.0276991
0.383921	0.137444
0.396617	0.0269284
0.401857	0.135881
0.401976	0.136663
0.405553	0.142873
0.420329	0.0261561
0.445041	0.138223
0.445935	0.0253844
0.446547	0.0698909
0.475373	0.0246121
0.480165	0.139002
0.490801	0.00024267
0.504584	0.143643
0.506205	0.0238405
0.534199	0.0230708
0.557433	0.0223023
0.588647	0.0215355
0.623033	0.0207706
0.65444	0.0200097
0.657901	0.000341303
0.690895	0.019251
0.722788	0.0184982
0.755375	0.017748
0.791973	0.0170054
0.826177	0.000456433
0.830935	0.0162654
0.875507	0.0155359
0.922925	0.0148092
0.963076	0.0140962
0.991577	0.00059126
1.00098	0.0133865
1.04349	0.0126915
1.09624	0.0120004
1.14588	0.0113271
1.14776	0.000736003
1.20379	0.0106588
1.25926	0.0100098
1.28728	0.000896333
1.31618	0.0093677
1.38331	0.00874669
1.42077	0.00105995
1.45608	0.00813306
1.50802	0.00754529
1.53345	0.00123677
1.55869	0.00696551
1.59465	0.00641152
1.63353	0.00140978
1.63372	0.00586785
1.69273	0.00534934
1.72421	0.00159315
1.76316	0.00484274
1.78059	0.0017695
1.80478	0.00436711
1.82791	0.00195389
1.83189	0.00230864
1.84032	0.00267424
1.84582	0.00390581
1.84934	0.00305901
1.85683	0.00212956
1.85833	0.00347298
)
