(title "X-Wall Shear Stress")
(labels "X-Wall Shear Stress" "Position")

((xy/key/label "middleplane_suctionside")
-0.679464	0.0715473
-0.666743	0.0781767
-0.646141	0.0773463
-0.578648	0.0806604
-0.577387	0.0790047
-0.563472	0.079834
-0.475471	0.0814909
-0.462102	0.0765191
-0.43442	0.0723754
-0.430618	0.0707182
-0.22218	0.082317
-0.214998	0.0657532
-0.177317	0.0649273
-0.144388	0.0665807
-0.099217	0.140555
-0.0962497	0.141328
-0.087076	0.0599766
-0.0796897	0.075688
-0.0790317	0.0607997
-0.0777635	0.0591524
-0.0668915	0.0641003
-0.063297	0.0534074
-0.0623315	0.0542254
-0.0604747	0.0525887
-0.0604704	0.139779
-0.0594543	0.0550455
-0.0593725	0.142101
-0.0584326	0.0583304
-0.056828	0.0517727
-0.0551247	0.0501416
-0.054869	0.0509558
-0.054647	0.0493266
-0.0536623	0.0485143
-0.050238	0.0477015
-0.0496453	0.0558648
-0.0442089	0.0468912
-0.0409499	0.0575074
-0.0388008	0.0460808
-0.0357576	0.0566866
-0.0335815	0.061625
-0.032526	0.0453912
-0.0258068	0.0447016
-0.024464	0.142873
-0.0190867	0.0440029
-0.0108676	0.0433041
-0.00535288	0.143643
-0.00151707	0.0425965
-0.00139139	0.139002
0.00662361	0.0889371
0.00985868	0.0418887
0.0146991	0.0897658
0.0189656	0.144411
0.0226547	0.0411723
0.0246318	0.133526
0.0260032	0.122404
0.0332617	0.1216
0.0359207	0.0404558
0.036414	0.123205
0.0396795	0.132739
0.0407689	0.067407
0.0430512	0.134312
0.0447062	0.124006
0.0459831	0.127992
0.050079	0.0632753
0.0503579	0.039731
0.051551	0.0624492
0.0537034	0.138223
0.0551831	0.124806
0.0552235	0.145179
0.0592409	0.148601
0.0593663	0.128786
0.0610735	0.14823
0.064817	0.0905909
0.0652976	0.039006
0.0686793	0.148972
0.069081	0.149749
0.0712592	0.0881126
0.071428	0.131951
0.0725952	0.135097
0.0730677	8.24209e-05
0.0731412	0.127197
0.0745867	0.0831475
0.0762921	0.147469
0.0788054	0.0732043
0.0803475	0.0382731
0.0820658	0.125604
0.0831109	0.129579
0.0839803	0.120799
0.0847347	0.145944
0.085445	0.149343
0.0858119	0.135881
0.0871549	0.137444
0.0903247	0.146708
0.0923429	0.0922427
0.0923429	0.0922427
0.0925887	0.136663
0.0928295	0.091418
0.0939388	0.131162
0.0974525	0.0375401
0.0976563	0.130371
0.101403	0.149549
0.102258	0.126401
0.110111	0.149652
0.113933	0.0367996
0.117294	0.0698909
0.119635	0.149704
0.119723	0.0930684
0.127453	0.0872836
0.129278	0.14973
0.132975	0.0360589
0.135899	0.149743
0.142548	0.0864586
0.150842	0.119994
0.151594	0.0353113
0.156917	0.11758
0.161718	0.116772
0.171055	0.0345636
0.184274	0.118386
0.187768	0.00011253
0.190955	0.115964
0.191564	0.0856305
0.192118	0.119191
0.192152	0.0338094
0.205098	0.108655
0.207427	0.109472
0.20777	0.107841
0.20777	0.107841
0.211593	0.0330552
0.211593	0.0330552
0.214345	0.110285
0.214523	0.107024
0.218039	0.115153
0.222114	0.102114
0.226076	0.106209
0.226882	0.102936
0.228926	0.1111
0.234312	0.101296
0.23501	0.0322952
0.236905	0.103754
0.238504	0.105392
0.239573	0.114345
0.24184	0.104574
0.244839	0.0938908
0.247874	0.111912
0.251952	0.113533
0.255257	0.112724
0.2554	0.0839744
0.257092	0.0315354
0.260135	0.100474
0.266923	0.0848036
0.279133	0.0307708
0.291407	0.0682353
0.301499	0.0300065
0.305608	0.0996547
0.322517	0.0292382
0.329472	0.000166752
0.346698	0.0284702
0.369354	0.0276991
0.371234	0.098833
0.396129	0.0269284
0.410954	0.0748616
0.421208	0.0261561
0.424517	0.0947171
0.431897	0.0690626
0.440165	0.0980108
0.444894	0.0253844
0.475602	0.0246121
0.478377	0.0740311
0.491527	0.00024267
0.506144	0.0238405
0.515696	0.0971866
0.533442	0.0230708
0.54969	0.0955387
0.558573	0.0223023
0.573705	0.0963647
0.588069	0.0215355
0.623314	0.0207706
0.654703	0.0200097
0.658742	0.000341303
0.690131	0.019251
0.723531	0.0184982
0.754884	0.017748
0.792225	0.0170054
0.82712	0.000456433
0.831369	0.0162654
0.875006	0.0155359
0.923387	0.0148092
0.962596	0.0140962
0.992613	0.00059126
1.00083	0.0133865
1.04419	0.0126915
1.09621	0.0120004
1.14609	0.0113271
1.14884	0.000736003
1.20348	0.0106588
1.25942	0.0100098
1.28841	0.000896333
1.31639	0.0093677
1.3833	0.00874669
1.42196	0.00105995
1.45687	0.00813306
1.5078	0.00754529
1.53465	0.00123677
1.55885	0.00696551
1.59517	0.00641152
1.63375	0.00586785
1.6347	0.00140978
1.69325	0.00534934
1.7254	0.00159315
1.76366	0.00484274
1.78173	0.0017695
1.80515	0.00436711
1.82895	0.00195389
1.83277	0.00230864
1.84116	0.00267424
1.84649	0.00390581
1.85011	0.00305901
1.85781	0.00212956
1.85904	0.00347298
)
