(title "X-Wall Shear Stress")
(labels "X-Wall Shear Stress" "Position")

((xy/key/label "middleplane_suctionside")
-0.817627	0.0748616
-0.595416	0.0690626
-0.57958	0.075688
-0.535366	0.0740311
-0.389649	0.0698909
-0.331657	0.0682353
-0.300401	0.0765191
-0.224117	0.142101
-0.222102	0.0773463
-0.199426	0.141328
-0.15697	0.0781767
-0.14133	0.142873
-0.114208	0.0624492
-0.112127	0.0632753
-0.111325	0.140555
-0.105677	0.149743
-0.0878489	0.14973
-0.0744596	0.124806
-0.072389	0.149704
-0.0655164	0.125604
-0.0625521	0.149652
-0.0614438	0.0558648
-0.0581819	0.0566866
-0.0574065	0.0501416
-0.0573999	0.0509558
-0.0557214	0.149549
-0.0552856	0.0550455
-0.0547005	0.0493266
-0.0535404	0.0517727
-0.0529392	0.124006
-0.0515053	0.0485143
-0.050691	0.0542254
-0.0494028	0.149749
-0.0477795	0.149343
-0.0471473	0.0525887
-0.0470963	0.0477015
-0.0439695	0.0534074
-0.0435645	0.0468912
-0.0412804	0.0790047
-0.0405844	0.148972
-0.0393451	0.0460808
-0.0392572	0.143643
-0.0390792	0.0575074
-0.0356345	0.0453912
-0.0344456	0.126401
-0.0334129	0.061625
-0.0305314	0.0447016
-0.0290557	0.148601
-0.0260732	0.0599766
-0.0239598	0.0440029
-0.0206675	0.123205
-0.0199682	0.0583304
-0.0177488	0.0591524
-0.0150329	0.0433041
-0.0119317	0.0607997
-0.00670418	0.139779
-0.00666001	0.14823
-0.00557187	0.122404
-0.00518919	0.0425965
-0.00428617	0.145944
-0.00337863	0.1216
-0.00146305	0.119994
-0.00144079	0.119191
-0.000236511	0.120799
0.00313266	0.0641003
0.0040071	0.144411
0.00525178	0.145179
0.00621484	0.0418887
0.0063003	0.127197
0.00752172	0.146708
0.00947103	0.118386
0.0139911	0.147469
0.0182354	0.079834
0.0183605	0.0411723
0.0278531	0.0806604
0.0280105	0.11758
0.029534	0.133526
0.030485	0.0404558
0.0315753	0.0814909
0.0341435	0.132739
0.0384953	0.067407
0.0431894	0.127992
0.0443744	0.039731
0.0479648	0.116772
0.0500151	0.134312
0.0551069	0.082317
0.0583166	0.039006
0.061451	0.131951
0.0645456	0.115964
0.0717481	0.128786
0.0732439	8.24209e-05
0.0741251	0.0382731
0.0756728	0.115153
0.0811348	0.0831475
0.0828997	0.139002
0.0829999	0.114345
0.0864449	0.0707182
0.0877919	0.135097
0.0910453	0.0375401
0.091977	0.131162
0.09284	0.113533
0.0947796	0.129579
0.103195	0.0839744
0.104726	0.130371
0.108324	0.0367996
0.110807	0.112724
0.115477	0.0649273
0.124972	0.0732043
0.125112	0.135881
0.127688	0.0360589
0.13007	0.111912
0.137409	0.138223
0.1379	0.1111
0.145734	0.0353113
0.14789	0.136663
0.15414	0.110285
0.155491	0.137444
0.16617	0.0345636
0.168032	0.105392
0.178241	0.0848036
0.18189	0.104574
0.185891	0.0338094
0.185987	0.106209
0.188184	0.00011253
0.199891	0.0657532
0.20124	0.109472
0.206451	0.0330552
0.206451	0.0330552
0.225492	0.103754
0.229647	0.0322952
0.230218	0.0665807
0.233149	0.107024
0.251829	0.0315354
0.259818	0.108655
0.273928	0.107841
0.273928	0.107841
0.275416	0.0307708
0.296605	0.0300065
0.299175	0.0856305
0.304928	0.102936
0.308146	0.0971866
0.319435	0.0292382
0.32431	0.0963647
0.329935	0.000166752
0.342272	0.0284702
0.356005	0.0980108
0.365319	0.0276991
0.380084	0.0715473
0.391438	0.0955387
0.39306	0.0269284
0.409755	0.102114
0.416651	0.0261561
0.421733	0.0864586
0.438786	0.098833
0.443087	0.0253844
0.471047	0.0723754
0.47221	0.0246121
0.481198	0.0947171
0.491844	0.00024267
0.502507	0.101296
0.503443	0.0238405
0.503767	0.0996547
0.515813	0.0897658
0.521558	0.0872836
0.527864	0.0905909
0.531587	0.0230708
0.532427	0.100474
0.538143	0.0889371
0.542687	0.0938908
0.55446	0.0223023
0.558904	0.0881126
0.558906	0.091418
0.560941	0.0930684
0.569742	0.0922427
0.569742	0.0922427
0.586546	0.0215355
0.62054	0.0207706
0.652356	0.0200097
0.65899	0.000341303
0.688945	0.019251
0.720472	0.0184982
0.753717	0.017748
0.789973	0.0170054
0.827364	0.000456433
0.829242	0.0162654
0.874048	0.0155359
0.921278	0.0148092
0.961845	0.0140962
0.992836	0.00059126
0.99963	0.0133865
1.04189	0.0126915
1.09503	0.0120004
1.1448	0.0113271
1.14901	0.000736003
1.20283	0.0106588
1.25814	0.0100098
1.2886	0.000896333
1.31541	0.0093677
1.38251	0.00874669
1.42218	0.00105995
1.45528	0.00813306
1.50773	0.00754529
1.53479	0.00123677
1.55801	0.00696551
1.59437	0.00641152
1.63348	0.00586785
1.63474	0.00140978
1.69249	0.00534934
1.72543	0.00159315
1.76324	0.00484274
1.78173	0.0017695
1.80482	0.00436711
1.8289	0.00195389
1.83265	0.00230864
1.84095	0.00267424
1.84604	0.00390581
1.84989	0.00305901
1.85774	0.00212956
1.8588	0.00347298
)
