(title "X-Wall Shear Stress")
(labels "X-Wall Shear Stress" "Position")

((xy/key/label "middleplane_suctionside")
-0.817681	0.0732043
-0.769837	0.0723754
-0.412882	0.0740311
-0.372157	0.0773463
-0.332256	0.067407
-0.324926	0.079834
-0.321276	0.0665807
-0.304538	0.0765191
-0.304417	0.0790047
-0.303965	0.0781767
-0.272281	0.0806604
-0.253367	0.0715473
-0.208557	0.149743
-0.175234	0.14973
-0.169192	0.0814909
-0.157779	0.0856305
-0.148717	0.0864586
-0.140749	0.149704
-0.139608	0.0657532
-0.121758	0.061625
-0.116409	0.0963647
-0.115551	0.149652
-0.107936	0.0848036
-0.105145	0.149749
-0.101372	0.0955387
-0.0984812	0.149549
-0.0938705	0.0607997
-0.0792114	0.082317
-0.0789549	0.133526
-0.0733493	0.0682353
-0.0717998	0.0971866
-0.0714717	0.0624492
-0.069118	0.0599766
-0.0679003	0.141328
-0.0665991	0.142101
-0.0657122	0.0558648
-0.0640719	0.0550455
-0.0599018	0.0542254
-0.0591516	0.075688
-0.059074	0.149343
-0.0553989	0.0501416
-0.0542517	0.0493266
-0.0534418	0.0509558
-0.0527655	0.134312
-0.0522855	0.0534074
-0.0522472	0.0872836
-0.0517845	0.0485143
-0.050946	0.140555
-0.0505791	0.0517727
-0.0488626	0.0525887
-0.0476548	0.0839744
-0.0469148	0.0477015
-0.0464843	0.0566866
-0.0451415	0.132739
-0.0432989	0.142873
-0.0422445	0.139779
-0.0413376	0.0468912
-0.0412085	0.0748616
-0.0409035	0.147469
-0.0402388	0.139002
-0.0367261	0.146708
-0.0366647	0.0460808
-0.0352341	0.0591524
-0.0333989	0.138223
-0.0319605	0.0831475
-0.0312265	0.0453912
-0.025322	0.0447016
-0.0251337	0.143643
-0.0247283	0.0947171
-0.0193255	0.0575074
-0.0189114	0.0440029
-0.0165367	0.144411
-0.0132062	0.0583304
-0.0121948	0.14823
-0.0109089	0.148972
-0.0105214	0.0433041
-0.00836466	0.131951
-0.00771263	0.137444
-0.00344417	0.145944
-0.0034068	0.145179
-0.00203345	0.129579
-0.000904844	0.0425965
8.22395e-05	0.124006
0.000868829	0.148601
0.00200494	0.123205
0.00357443	0.130371
0.00538133	0.128786
0.00719815	0.131162
0.0104506	0.0418887
0.0152049	0.0980108
0.0185005	0.122404
0.0203316	0.124806
0.0231811	0.0411723
0.0245839	0.127992
0.0294907	0.1216
0.0310319	0.135097
0.0334554	0.120799
0.0360243	0.0404558
0.0451258	0.127197
0.0456206	0.125604
0.0470053	0.136663
0.047013	0.119994
0.0501741	0.039731
0.0552247	0.126401
0.064858	0.039006
0.0681009	0.0649273
0.0696195	0.0632753
0.0731592	8.24209e-05
0.0778772	0.119191
0.079655	0.135881
0.0799659	0.0382731
0.083161	0.0938908
0.0970618	0.0881126
0.0970892	0.0375401
0.105069	0.118386
0.11369	0.0367996
0.117725	0.098833
0.118923	0.11758
0.132746	0.0360589
0.137215	0.116772
0.151264	0.0353113
0.158149	0.0641003
0.158623	0.115964
0.161517	0.114345
0.164479	0.115153
0.168515	0.113533
0.170802	0.0345636
0.186945	0.0930684
0.187967	0.00011253
0.1917	0.0338094
0.198836	0.112724
0.210214	0.0996547
0.211297	0.0330552
0.211297	0.0330552
0.2347	0.0322952
0.237459	0.0690626
0.237821	0.0889371
0.252809	0.111912
0.2568	0.0315354
0.268024	0.100474
0.272251	0.0707182
0.277966	0.0922427
0.277966	0.0922427
0.27912	0.0307708
0.289357	0.103754
0.2895	0.102936
0.293276	0.101296
0.296507	0.102114
0.301272	0.0300065
0.306271	0.104574
0.317392	0.1111
0.322608	0.0292382
0.328113	0.0897658
0.329691	0.000166752
0.338418	0.105392
0.341918	0.091418
0.346476	0.0284702
0.36084	0.0905909
0.369237	0.0276991
0.37758	0.106209
0.384886	0.110285
0.396167	0.0269284
0.417486	0.0698909
0.42075	0.107024
0.42099	0.0261561
0.436886	0.109472
0.445186	0.0253844
0.452005	0.107841
0.452005	0.107841
0.458097	0.108655
0.475685	0.0246121
0.491687	0.00024267
0.506346	0.0238405
0.533634	0.0230708
0.558434	0.0223023
0.588285	0.0215355
0.62335	0.0207706
0.654806	0.0200097
0.658869	0.000341303
0.690509	0.019251
0.723532	0.0184982
0.755147	0.017748
0.792296	0.0170054
0.827237	0.000456433
0.831385	0.0162654
0.875322	0.0155359
0.923455	0.0148092
0.962908	0.0140962
0.992733	0.00059126
1.00106	0.0133865
1.04418	0.0126915
1.09637	0.0120004
1.14622	0.0113271
1.14895	0.000736003
1.20379	0.0106588
1.25956	0.0100098
1.28853	0.000896333
1.31657	0.0093677
1.38353	0.00874669
1.4221	0.00105995
1.457	0.00813306
1.508	0.00754529
1.53479	0.00123677
1.55906	0.00696551
1.59534	0.00641152
1.63395	0.00586785
1.63484	0.00140978
1.69348	0.00534934
1.72555	0.00159315
1.76379	0.00484274
1.78188	0.0017695
1.80537	0.00436711
1.8291	0.00195389
1.83293	0.00230864
1.84134	0.00267424
1.84669	0.00390581
1.8503	0.00305901
1.85796	0.00212956
1.85922	0.00347298
)
