(title "X-Wall Shear Stress")
(labels "X-Wall Shear Stress" "Position")

((xy/key/label "middleplane_suctionside")
-0.551462	0.0707182
-0.545503	0.0839744
-0.512645	0.0765191
-0.467775	0.0715473
-0.452079	0.0848036
-0.449365	0.075688
-0.427429	0.0773463
-0.301692	0.0781767
-0.29142	0.0698909
-0.281665	0.0748616
-0.271954	0.0831475
-0.254475	0.0723754
-0.193697	0.149743
-0.17587	0.0740311
-0.169887	0.14973
-0.157127	0.0732043
-0.156331	0.0649273
-0.147408	0.0657532
-0.143931	0.0790047
-0.139985	0.149704
-0.113636	0.141328
-0.108262	0.149652
-0.10241	0.145179
-0.0986083	0.145944
-0.0961598	0.149749
-0.0807007	0.149549
-0.0796545	0.0641003
-0.0755798	0.142101
-0.074668	0.0591524
-0.0731706	0.144411
-0.0730333	0.146708
-0.0696963	0.140555
-0.0686969	0.0599766
-0.0592814	0.0583304
-0.0576934	0.149343
-0.0575501	0.0525887
-0.0560139	0.0534074
-0.0559091	0.0856305
-0.0554741	0.0542254
-0.0551553	0.0517727
-0.0541244	0.0509558
-0.0526837	0.0501416
-0.0526112	0.0493266
-0.0511382	0.0485143
-0.051024	0.123205
-0.0505865	0.0477015
-0.050321	0.0550455
-0.0466189	0.0468912
-0.044985	0.147469
-0.0429803	0.122404
-0.0421283	0.0460808
-0.0379593	0.0453912
-0.0378817	0.0575074
-0.0349503	0.148972
-0.034744	0.143643
-0.0344569	0.0558648
-0.0320255	0.124006
-0.0317835	0.142873
-0.0300805	0.0447016
-0.0298757	0.0607997
-0.0287518	0.0566866
-0.0263682	0.14823
-0.0227271	0.148601
-0.022711	0.0440029
-0.0194151	0.0665807
-0.0186757	0.1216
-0.0140474	0.0433041
-0.00527212	0.0425965
0.00521422	0.0418887
0.0104931	0.124806
0.0160084	0.0411723
0.0226808	0.120799
0.0293156	0.0404558
0.0305963	0.079834
0.0429742	0.039731
0.050002	0.061625
0.0535192	0.0632753
0.0583288	0.039006
0.0584851	0.082317
0.0612748	0.125604
0.0614402	0.139779
0.070867	0.119994
0.0719185	0.131162
0.0730148	8.24209e-05
0.0748686	0.0382731
0.0791587	0.130371
0.0911282	0.0375401
0.0949997	0.129579
0.103466	0.128786
0.109482	0.0367996
0.110814	0.126401
0.112896	0.0624492
0.120244	0.127992
0.121772	0.119191
0.126648	0.0360589
0.131332	0.131951
0.133045	0.127197
0.146265	0.0353113
0.157023	0.0690626
0.165454	0.118386
0.165541	0.0345636
0.177154	0.0963647
0.182449	0.0806604
0.185246	0.0955387
0.185855	0.0338094
0.186293	0.102936
0.18689	0.102114
0.187636	0.00011253
0.188674	0.11758
0.192974	0.103754
0.195836	0.101296
0.200495	0.106209
0.200787	0.134312
0.200971	0.104574
0.201022	0.067407
0.20168	0.107024
0.201692	0.0971866
0.204681	0.105392
0.204856	0.116772
0.207939	0.0330552
0.207939	0.0330552
0.210559	0.100474
0.210691	0.139002
0.213141	0.107841
0.213141	0.107841
0.215333	0.135097
0.215364	0.132739
0.222722	0.115964
0.225159	0.0814909
0.229035	0.0996547
0.229352	0.0322952
0.22944	0.133526
0.23227	0.0980108
0.234415	0.108655
0.235007	0.0947171
0.237818	0.115153
0.242673	0.098833
0.254373	0.0315354
0.254545	0.114345
0.257843	0.0922427
0.257843	0.0922427
0.262546	0.109472
0.27087	0.0930684
0.274259	0.113533
0.275249	0.0307708
0.275741	0.0938908
0.28395	0.135881
0.288386	0.110285
0.289023	0.091418
0.29392	0.112724
0.297714	0.0300065
0.305742	0.1111
0.307566	0.111912
0.313899	0.138223
0.320473	0.0292382
0.32926	0.000166752
0.329715	0.0864586
0.341598	0.0284702
0.343774	0.136663
0.354879	0.137444
0.357036	0.0682353
0.361907	0.0905909
0.368086	0.0276991
0.39254	0.0269284
0.419021	0.0261561
0.444455	0.0253844
0.458586	0.0897658
0.471673	0.0246121
0.491241	0.00024267
0.506208	0.0238405
0.530593	0.0230708
0.55693	0.0223023
0.58836	0.0215355
0.593983	0.0889371
0.609275	0.0872836
0.620668	0.0207706
0.655298	0.0200097
0.658388	0.000341303
0.688283	0.019251
0.694155	0.0881126
0.721951	0.0184982
0.754772	0.017748
0.789834	0.0170054
0.826708	0.000456433
0.831433	0.0162654
0.874513	0.0155359
0.922984	0.0148092
0.9625	0.0140962
0.992148	0.00059126
0.999527	0.0133865
1.04336	0.0126915
1.09501	0.0120004
1.14635	0.0113271
1.14835	0.000736003
1.20307	0.0106588
1.258	0.0100098
1.28789	0.000896333
1.31661	0.0093677
1.38227	0.00874669
1.42141	0.00105995
1.45659	0.00813306
1.5078	0.00754529
1.53409	0.00123677
1.55753	0.00696551
1.59518	0.00641152
1.63328	0.00586785
1.63413	0.00140978
1.69269	0.00534934
1.72482	0.00159315
1.76348	0.00484274
1.78116	0.0017695
1.80458	0.00436711
1.82842	0.00195389
1.83229	0.00230864
1.84067	0.00267424
1.84602	0.00390581
1.84961	0.00305901
1.85729	0.00212956
1.85859	0.00347298
)
