(title "X-Wall Shear Stress")
(labels "X-Wall Shear Stress" "Position")

((xy/key/label "middleplane_suctionside")
-0.732796	0.075688
-0.628794	0.0765191
-0.620965	0.0748616
-0.602296	0.0707182
-0.465739	0.0698909
-0.446608	0.0773463
-0.423761	0.0781767
-0.418292	0.0790047
-0.383735	0.0740311
-0.287205	0.0715473
-0.285438	0.079834
-0.203614	0.0641003
-0.197085	0.0649273
-0.158098	0.0806604
-0.150155	0.082317
-0.139986	0.139002
-0.138081	0.138223
-0.137634	0.0732043
-0.129797	0.0814909
-0.117115	0.0831475
-0.112227	0.137444
-0.0966194	0.136663
-0.0870845	0.135881
-0.0861704	0.0632753
-0.0727691	0.139779
-0.0712958	0.0657532
-0.0644861	0.0591524
-0.063709	0.0583304
-0.0621253	0.0599766
-0.0597836	0.0525887
-0.0582406	0.0517727
-0.0577286	0.0534074
-0.0566801	0.0509558
-0.0551323	0.0575074
-0.0549256	0.0542254
-0.0546463	0.0501416
-0.0531825	0.0493266
-0.0527956	0.0550455
-0.0519257	0.0723754
-0.051219	0.0485143
-0.050524	0.0477015
-0.0450205	0.0468912
-0.0445356	0.135097
-0.0441813	0.0558648
-0.0441092	0.0566866
-0.0403674	0.0460808
-0.0389676	0.0607997
-0.0347412	0.0453912
-0.0264834	0.0447016
-0.0253112	0.0839744
-0.0192037	0.0440029
-0.010356	0.0433041
-0.00286957	0.127197
-0.00133048	0.142873
-0.00131574	0.0425965
0.00109555	0.143643
0.0036692	0.126401
0.00930729	0.0418887
0.0210956	0.0411723
0.022771	0.134312
0.0236006	0.140555
0.0347572	0.0404558
0.0369864	0.061625
0.0415247	0.142101
0.0422266	0.0624492
0.0444506	0.144411
0.0445874	0.125604
0.0467196	0.127992
0.0485199	0.039731
0.0601676	0.0922427
0.0601676	0.0922427
0.0606269	0.0848036
0.0646175	0.039006
0.0664557	0.141328
0.0723067	0.145179
0.0724909	0.091418
0.0725196	0.133526
0.0725643	8.24209e-05
0.0757767	0.0690626
0.076052	0.0930684
0.0802585	0.0382731
0.0850892	0.145944
0.0955084	0.146708
0.0969909	0.0375401
0.0991749	0.0905909
0.100948	0.147469
0.105152	0.14823
0.113045	0.0938908
0.114442	0.124806
0.114598	0.0367996
0.114795	0.148601
0.116935	0.132739
0.117543	0.0665807
0.121848	0.0856305
0.122602	0.0897658
0.131897	0.0360589
0.132118	0.148972
0.137371	0.128786
0.138842	0.0889371
0.141732	0.0864586
0.145353	0.0872836
0.14594	0.0881126
0.148197	0.0947171
0.151719	0.0353113
0.162109	0.149343
0.170285	0.0345636
0.176475	0.131951
0.178717	0.0955387
0.186571	0.00011253
0.191722	0.0338094
0.197528	0.124006
0.209298	0.149549
0.209821	0.0963647
0.212338	0.0330552
0.212338	0.0330552
0.213822	0.129579
0.218357	0.149749
0.234308	0.0322952
0.235204	0.131162
0.240058	0.0971866
0.249629	0.130371
0.258552	0.0315354
0.261236	0.123205
0.263273	0.149652
0.275923	0.0980108
0.278826	0.0307708
0.283853	0.119191
0.287266	0.119994
0.289416	0.122404
0.295773	0.1216
0.297293	0.118386
0.297386	0.120799
0.302323	0.0300065
0.304185	0.102936
0.304239	0.107024
0.304912	0.107841
0.304912	0.107841
0.306222	0.102114
0.306382	0.098833
0.306424	0.106209
0.306507	0.103754
0.30741	0.108655
0.310911	0.104574
0.311974	0.105392
0.313786	0.101296
0.314027	0.11758
0.316787	0.109472
0.319502	0.0996547
0.319927	0.100474
0.323371	0.0292382
0.32553	0.149704
0.327661	0.000166752
0.32936	0.110285
0.33394	0.116772
0.345783	0.1111
0.345889	0.0284702
0.35161	0.067407
0.352237	0.115964
0.35979	0.111912
0.364892	0.115153
0.365462	0.112724
0.371298	0.0276991
0.371841	0.113533
0.374039	0.114345
0.384715	0.14973
0.395577	0.0269284
0.422626	0.0261561
0.433508	0.0682353
0.434683	0.149743
0.446064	0.0253844
0.475133	0.0246121
0.489217	0.00024267
0.508412	0.0238405
0.532812	0.0230708
0.559796	0.0223023
0.58967	0.0215355
0.623455	0.0207706
0.655953	0.000341303
0.656815	0.0200097
0.689888	0.019251
0.72436	0.0184982
0.755867	0.017748
0.792064	0.0170054
0.823927	0.000456433
0.832856	0.0162654
0.875506	0.0155359
0.924406	0.0148092
0.963448	0.0140962
0.98906	0.00059126
1.00098	0.0133865
1.0449	0.0126915
1.09614	0.0120004
1.14509	0.000736003
1.14705	0.0113271
1.20396	0.0106588
1.25902	0.0100098
1.28446	0.000896333
1.31697	0.0093677
1.38287	0.00874669
1.41783	0.00105995
1.45704	0.00813306
1.50759	0.00754529
1.5305	0.00123677
1.5578	0.00696551
1.59494	0.00641152
1.63066	0.00140978
1.63288	0.00586785
1.69224	0.00534934
1.72127	0.00159315
1.76256	0.00484274
1.77778	0.0017695
1.80357	0.00436711
1.82533	0.00195389
1.82976	0.00230864
1.83839	0.00267424
1.84462	0.00390581
1.84759	0.00305901
1.85441	0.00212956
1.85676	0.00347298
)
