(title "X-Wall Shear Stress")
(labels "X-Wall Shear Stress" "Position")

((xy/key/label "middleplane_suctionside")
-1.0102	0.0748616
-0.911821	0.075688
-0.69116	0.0690626
-0.641886	0.0740311
-0.497614	0.0698909
-0.462652	0.0765191
-0.357224	0.0831475
-0.315708	0.0839744
-0.308221	0.0682353
-0.300366	0.082317
-0.261057	0.0773463
-0.217819	0.0632753
-0.212934	0.0848036
-0.203891	0.0781767
-0.166516	0.0881126
-0.163855	0.0732043
-0.16328	0.0641003
-0.157917	0.0814909
-0.155717	0.133526
-0.143848	0.0872836
-0.139568	0.0889371
-0.123261	0.0856305
-0.112905	0.0624492
-0.10695	0.0864586
-0.101322	0.134312
-0.099764	0.139002
-0.0960424	0.0790047
-0.0879588	0.132739
-0.0859389	0.0897658
-0.0785106	0.139779
-0.0718463	0.138223
-0.0630968	0.0566866
-0.0581959	0.0509558
-0.0573988	0.0575074
-0.0571923	0.0501416
-0.0569587	0.0558648
-0.0565284	0.149652
-0.0555434	0.0517727
-0.0549583	0.0493266
-0.054756	0.149549
-0.0546662	0.149704
-0.053001	0.0550455
-0.0518245	0.0485143
-0.0513269	0.14973
-0.0498733	0.0525887
-0.04983	0.0542254
-0.0477886	0.0477015
-0.0461841	0.149743
-0.0451291	0.0534074
-0.0443739	0.0468912
-0.0398696	0.0460808
-0.0397933	0.107024
-0.0392143	0.0905909
-0.0377402	0.0583304
-0.0365166	0.0453912
-0.032218	0.140555
-0.0310928	0.0447016
-0.0293675	0.149343
-0.0249895	0.149749
-0.0248699	0.0591524
-0.0243067	0.0440029
-0.022969	0.0806604
-0.0194728	0.0599766
-0.0179278	0.107841
-0.0179278	0.107841
-0.0173094	0.079834
-0.0161259	0.091418
-0.0156392	0.106209
-0.0152682	0.0433041
-0.00936473	0.0922427
-0.00936473	0.0922427
-0.00553617	0.0425965
0.00282225	0.0649273
0.00482831	0.137444
0.00584729	0.0418887
0.00700122	0.141328
0.00774941	0.0930684
0.0105628	0.061625
0.010625	0.131951
0.0145604	0.0707182
0.0157559	0.148972
0.0176578	0.0411723
0.0186053	0.0607997
0.029949	0.0404558
0.0304256	0.142101
0.0384675	0.135097
0.0404738	0.098833
0.0407302	0.105392
0.0438313	0.039731
0.0491431	0.108655
0.051501	0.0980108
0.0540207	0.0938908
0.0559409	0.142873
0.0576876	0.039006
0.0628413	0.148601
0.0728747	8.24209e-05
0.0739537	0.0382731
0.0762158	0.0996547
0.090495	0.0375401
0.0949455	0.131162
0.096604	0.136663
0.0993993	0.143643
0.102773	0.0971866
0.108257	0.0367996
0.111227	0.114345
0.112932	0.104574
0.114134	0.14823
0.114323	0.113533
0.115393	0.0947171
0.121416	0.11758
0.123555	0.135881
0.127288	0.0360589
0.132631	0.116772
0.135608	0.118386
0.139757	0.115153
0.140358	0.109472
0.143981	0.067407
0.145404	0.0353113
0.149028	0.115964
0.15082	0.100474
0.152993	0.0963647
0.157545	0.0955387
0.157626	0.144411
0.159676	0.130371
0.164814	0.119191
0.166053	0.0345636
0.166595	0.112724
0.173328	0.147469
0.174381	0.103754
0.180806	0.0657532
0.185358	0.0338094
0.187301	0.00011253
0.197266	0.119994
0.198124	0.0723754
0.200934	0.145179
0.206661	0.0330552
0.206661	0.0330552
0.211757	0.129579
0.214352	0.146708
0.216011	0.101296
0.217278	0.102936
0.220444	0.145944
0.220975	0.110285
0.223347	0.120799
0.22663	0.111912
0.229224	0.0322952
0.235802	0.102114
0.24364	0.1216
0.251955	0.0315354
0.252448	0.1111
0.259852	0.128786
0.261537	0.122404
0.263094	0.0715473
0.275503	0.0307708
0.27552	0.123205
0.293422	0.124006
0.296331	0.0300065
0.301432	0.127992
0.303254	0.0665807
0.309224	0.124806
0.319605	0.125604
0.319974	0.0292382
0.324556	0.127197
0.327459	0.126401
0.32876	0.000166752
0.341909	0.0284702
0.36571	0.0276991
0.393116	0.0269284
0.416578	0.0261561
0.443792	0.0253844
0.472063	0.0246121
0.490614	0.00024267
0.504253	0.0238405
0.531762	0.0230708
0.554414	0.0223023
0.587321	0.0215355
0.620554	0.0207706
0.65292	0.0200097
0.657634	0.000341303
0.689282	0.019251
0.720542	0.0184982
0.754263	0.017748
0.79009	0.0170054
0.825834	0.000456433
0.829706	0.0162654
0.874435	0.0155359
0.921528	0.0148092
0.962202	0.0140962
0.991161	0.00059126
0.999693	0.0133865
1.04214	0.0126915
1.09504	0.0120004
1.14505	0.0113271
1.14729	0.000736003
1.20294	0.0106588
1.25801	0.0100098
1.28675	0.000896333
1.31544	0.0093677
1.38229	0.00874669
1.4202	0.00105995
1.45511	0.00813306
1.50741	0.00754529
1.53285	0.00123677
1.55759	0.00696551
1.59398	0.00641152
1.63289	0.00140978
1.63295	0.00586785
1.69187	0.00534934
1.72354	0.00159315
1.7625	0.00484274
1.77991	0.0017695
1.80399	0.00436711
1.82723	0.00195389
1.83122	0.00230864
1.83962	0.00267424
1.84505	0.00390581
1.84864	0.00305901
1.85615	0.00212956
1.85763	0.00347298
)
