(title "X-Wall Shear Stress")
(labels "X-Wall Shear Stress" "Position")

((xy/key/label "middleplane_suctionside")
-0.520014	0.075688
-0.50461	0.0806604
-0.470948	0.0814909
-0.432473	0.0765191
-0.431256	0.0682353
-0.374259	0.079834
-0.346136	0.0690626
-0.343212	0.0748616
-0.320155	0.082317
-0.28702	0.0732043
-0.275685	0.0740311
-0.25932	0.067407
-0.172358	0.0723754
-0.162435	0.0831475
-0.150849	0.0790047
-0.142842	0.149743
-0.131838	0.142873
-0.126311	0.0624492
-0.122262	0.0773463
-0.112991	0.143643
-0.108408	0.14973
-0.075672	0.0632753
-0.074849	0.149704
-0.0738654	0.061625
-0.0697742	0.149749
-0.0646983	0.0558648
-0.0603487	0.0550455
-0.0563136	0.0542254
-0.0552614	0.149652
-0.0552499	0.0501416
-0.0547208	0.0566866
-0.0544142	0.0509558
-0.0540047	0.149343
-0.0535979	0.0493266
-0.0535687	0.0607997
-0.0533683	0.148972
-0.0526339	0.149549
-0.0510241	0.0485143
-0.050901	0.0517727
-0.0489557	0.0534074
-0.0487471	0.0525887
-0.0468691	0.0698909
-0.046173	0.0477015
-0.0422213	0.148601
-0.0414834	0.0468912
-0.0367072	0.0599766
-0.0359412	0.0460808
-0.0312275	0.0453912
-0.0284094	0.142101
-0.027438	0.0575074
-0.0258192	0.0447016
-0.0215854	0.0665807
-0.0193636	0.0440029
-0.0125148	0.0591524
-0.0117301	0.14823
-0.0108352	0.0433041
-0.00959139	0.0583304
-0.00732843	0.0781767
-0.0012341	0.0425965
0.00123928	0.0839744
0.00667807	0.144411
0.00985916	0.130371
0.010277	0.0418887
0.0159049	0.129579
0.0181296	0.0881126
0.0194039	0.0889371
0.0228242	0.0411723
0.0240112	0.131162
0.0352824	0.0404558
0.0368569	0.147469
0.0369254	0.128786
0.0494611	0.039731
0.0635646	0.039006
0.0647498	0.131951
0.0681924	0.0715473
0.0732572	8.24209e-05
0.0776526	0.0641003
0.0785764	0.141328
0.0791139	0.0382731
0.0831474	0.146708
0.0845474	0.134312
0.0860694	0.127992
0.0883906	0.133526
0.0894627	0.145179
0.0921908	0.132739
0.0958785	0.0375401
0.101142	0.135097
0.105278	0.145944
0.108754	0.0872836
0.112727	0.0367996
0.114691	0.0897658
0.126842	0.0848036
0.127626	0.135881
0.131678	0.123205
0.131875	0.0360589
0.133688	0.122404
0.137823	0.140555
0.144724	0.1216
0.149876	0.0353113
0.150675	0.136663
0.153409	0.127197
0.154613	0.0657532
0.156024	0.0707182
0.157309	0.124006
0.160421	0.120799
0.169663	0.137444
0.170141	0.0345636
0.172338	0.139779
0.172625	0.119994
0.173583	0.0980108
0.180009	0.0649273
0.18397	0.119191
0.188215	0.00011253
0.18876	0.138223
0.190019	0.0338094
0.192076	0.139002
0.195032	0.0856305
0.196283	0.0864586
0.197342	0.118386
0.202902	0.124806
0.206435	0.0971866
0.208344	0.098833
0.208387	0.126401
0.209109	0.11758
0.210238	0.0330552
0.210238	0.0330552
0.224479	0.116772
0.2266	0.125604
0.230903	0.0905909
0.233356	0.0322952
0.246263	0.115964
0.255209	0.0315354
0.27841	0.0307708
0.281065	0.0963647
0.282291	0.115153
0.299587	0.0300065
0.303979	0.0996547
0.321941	0.0292382
0.324591	0.091418
0.32903	0.101296
0.330048	0.000166752
0.338684	0.114345
0.345056	0.0284702
0.358828	0.100474
0.364597	0.102114
0.367795	0.0276991
0.37266	0.0955387
0.395338	0.0269284
0.398361	0.0922427
0.398361	0.0922427
0.403356	0.113533
0.419028	0.0261561
0.443361	0.0947171
0.444742	0.0253844
0.450393	0.0930684
0.468864	0.112724
0.469952	0.0938908
0.474246	0.0246121
0.492108	0.00024267
0.505097	0.0238405
0.524456	0.111912
0.527544	0.102936
0.533098	0.0230708
0.556409	0.0223023
0.559071	0.1111
0.587664	0.0215355
0.594469	0.110285
0.622012	0.0207706
0.634669	0.109472
0.653594	0.0200097
0.659364	0.000341303
0.678109	0.108655
0.682182	0.103754
0.689871	0.019251
0.713798	0.107841
0.713798	0.107841
0.721917	0.0184982
0.726418	0.107024
0.738335	0.106209
0.75356	0.104574
0.754439	0.017748
0.758511	0.105392
0.791078	0.0170054
0.827811	0.000456433
0.830172	0.0162654
0.874565	0.0155359
0.922244	0.0148092
0.962128	0.0140962
0.993351	0.00059126
1.00023	0.0133865
1.04287	0.0126915
1.09562	0.0120004
1.14523	0.0113271
1.1496	0.000736003
1.20302	0.0106588
1.25885	0.0100098
1.28923	0.000896333
1.31579	0.0093677
1.38297	0.00874669
1.42283	0.00105995
1.456	0.00813306
1.50777	0.00754529
1.53549	0.00123677
1.55857	0.00696551
1.59479	0.00641152
1.63373	0.00586785
1.63548	0.00140978
1.69307	0.00534934
1.7262	0.00159315
1.76362	0.00484274
1.78248	0.0017695
1.80527	0.00436711
1.82962	0.00195389
1.83329	0.00230864
1.84159	0.00267424
1.84662	0.00390581
1.85047	0.00305901
1.85843	0.00212956
1.85934	0.00347298
)
