(title "X-Wall Shear Stress")
(labels "X-Wall Shear Stress" "Position")

((xy/key/label "middleplane_suctionside")
-0.870452	0.0715473
-0.825293	0.0723754
-0.466966	0.0790047
-0.463409	0.0781767
-0.463401	0.0732043
-0.359364	0.079834
-0.345688	0.0665807
-0.324833	0.0707182
-0.287547	0.0773463
-0.243572	0.067407
-0.238106	0.0657532
-0.175032	0.0740311
-0.112941	0.148601
-0.111282	0.148972
-0.0962625	0.0607997
-0.092221	0.0806604
-0.0880368	0.0599766
-0.0788427	0.061625
-0.064172	0.0591524
-0.0569934	0.0649273
-0.0555315	0.0534074
-0.0546736	0.0542254
-0.0542873	0.0550455
-0.0532208	0.0525887
-0.0524374	0.0517727
-0.0507612	0.0509558
-0.05021	0.0501416
-0.0489124	0.0493266
-0.0478754	0.0485143
-0.0476735	0.0558648
-0.0465252	0.0477015
-0.0451307	0.14823
-0.0414183	0.0468912
-0.0390105	0.0583304
-0.0373979	0.0460808
-0.0355258	0.149343
-0.0314801	0.0453912
-0.0285814	0.0566866
-0.0267798	0.123205
-0.024182	0.0447016
-0.0241576	0.0575074
-0.0193789	0.124006
-0.017214	0.0440029
-0.00983081	0.122404
-0.00897926	0.0433041
-0.00812912	0.0748616
-0.000233409	0.0425965
0.00220232	0.0624492
0.0101118	0.0418887
0.0203711	0.124806
0.0219344	0.0411723
0.0286552	0.1216
0.0349346	0.131162
0.0350647	0.0404558
0.0355305	0.145944
0.0421612	0.130371
0.0473135	0.145179
0.0487552	0.039731
0.0515688	0.0765191
0.0573666	0.147469
0.0594207	0.131951
0.0636241	0.136663
0.06465	0.039006
0.0697861	0.129579
0.0726489	8.24209e-05
0.0737549	0.137444
0.0768176	0.120799
0.0795959	0.0382731
0.0834098	0.146708
0.0839896	0.142101
0.0879681	0.125604
0.0940128	0.0905909
0.0966867	0.0375401
0.0977533	0.149549
0.100437	0.135881
0.101248	0.0897658
0.102975	0.141328
0.104345	0.128786
0.105141	0.091418
0.105988	0.138223
0.107389	0.0682353
0.107484	0.132739
0.113484	0.0367996
0.115559	0.0641003
0.118526	0.119994
0.118809	0.0889371
0.120002	0.0632753
0.12289	0.142873
0.127573	0.139002
0.129574	0.144411
0.131187	0.0360589
0.132787	0.075688
0.136903	0.127992
0.136905	0.140555
0.139327	0.139779
0.14255	0.126401
0.148545	0.0922427
0.148545	0.0922427
0.150693	0.0353113
0.150776	0.119191
0.154321	0.0881126
0.155198	0.127197
0.156814	0.135097
0.157197	0.133526
0.161461	0.0814909
0.162056	0.143643
0.16913	0.0345636
0.179746	0.118386
0.179771	0.134312
0.183648	0.0955387
0.186781	0.00011253
0.190953	0.0338094
0.197308	0.0963647
0.204035	0.0930684
0.205507	0.103754
0.206419	0.0947171
0.21004	0.104574
0.21084	0.0330552
0.21084	0.0330552
0.211451	0.11758
0.212661	0.0872836
0.227206	0.0938908
0.228575	0.102936
0.232445	0.105392
0.233513	0.0322952
0.244972	0.0971866
0.249843	0.116772
0.257173	0.0315354
0.269069	0.102114
0.273385	0.149652
0.277688	0.0307708
0.283034	0.0864586
0.284539	0.115964
0.285389	0.106209
0.293965	0.082317
0.301317	0.0300065
0.302075	0.0980108
0.310893	0.115153
0.31138	0.101296
0.312721	0.0839744
0.316891	0.0831475
0.32175	0.0292382
0.325169	0.0848036
0.326139	0.0856305
0.328008	0.000166752
0.337728	0.100474
0.340038	0.098833
0.34532	0.0284702
0.34616	0.114345
0.346657	0.0996547
0.353916	0.0698909
0.369903	0.0276991
0.385125	0.107024
0.394605	0.0269284
0.39672	0.113533
0.421751	0.0261561
0.444717	0.0253844
0.466244	0.149749
0.467454	0.0690626
0.468023	0.112724
0.474613	0.0246121
0.489715	0.00024267
0.504792	0.107841
0.504792	0.107841
0.507159	0.0238405
0.511145	0.149704
0.531794	0.0230708
0.551642	0.111912
0.558916	0.0223023
0.588472	0.0215355
0.602423	0.108655
0.618671	0.1111
0.622761	0.0207706
0.655315	0.109472
0.655823	0.0200097
0.656606	0.000341303
0.656804	0.110285
0.689061	0.019251
0.72353	0.0184982
0.749371	0.14973
0.754986	0.017748
0.791414	0.0170054
0.824717	0.000456433
0.832088	0.0162654
0.874745	0.0155359
0.923637	0.0148092
0.946323	0.149743
0.962644	0.0140962
0.989972	0.00059126
1.00021	0.0133865
1.04413	0.0126915
1.09543	0.0120004
1.1461	0.000736003
1.14639	0.0113271
1.2032	0.0106588
1.25842	0.0100098
1.28554	0.000896333
1.3165	0.0093677
1.38237	0.00874669
1.41896	0.00105995
1.45664	0.00813306
1.50727	0.00754529
1.53165	0.00123677
1.55739	0.00696551
1.59479	0.00641152
1.63177	0.00140978
1.63271	0.00586785
1.69221	0.00534934
1.72242	0.00159315
1.76261	0.00484274
1.77888	0.0017695
1.80366	0.00436711
1.82634	0.00195389
1.83053	0.00230864
1.83905	0.00267424
1.84495	0.00390581
1.84814	0.00305901
1.85534	0.00212956
1.85721	0.00347298
)
