(title "X-Wall Shear Stress")
(labels "X-Wall Shear Stress" "Position")

((xy/key/label "middleplane_suctionside")
-0.761368	0.0723754
-0.728119	0.0732043
-0.51858	0.0715473
-0.515698	0.082317
-0.510589	0.149743
-0.42884	0.0790047
-0.408027	0.0740311
-0.395678	0.0831475
-0.366092	0.14973
-0.354143	0.079834
-0.317666	0.0665807
-0.303707	0.067407
-0.297994	0.0781767
-0.281311	0.0814909
-0.256943	0.149749
-0.210904	0.149704
-0.209442	0.098833
-0.196194	0.0996547
-0.187701	0.0806604
-0.154865	0.0657532
-0.133597	0.148972
-0.127902	0.135881
-0.121505	0.149343
-0.121367	0.136663
-0.118573	0.148601
-0.117949	0.137444
-0.115014	0.0707182
-0.110132	0.149652
-0.108141	0.138223
-0.0976174	0.129579
-0.0971033	0.130371
-0.0964313	0.149549
-0.0962672	0.0980108
-0.0962619	0.127992
-0.0958318	0.14823
-0.0927052	0.145944
-0.0926308	0.0773463
-0.0923527	0.127197
-0.0922439	0.135097
-0.0912354	0.128786
-0.0906808	0.0748616
-0.0878029	0.146708
-0.0876071	0.0607997
-0.0836459	0.0599766
-0.0828527	0.147469
-0.0758543	0.145179
-0.0736734	0.131162
-0.0732165	0.100474
-0.0651673	0.126401
-0.0649308	0.061625
-0.0645126	0.0591524
-0.0590376	0.0839744
-0.0572859	0.0542254
-0.0572395	0.0550455
-0.0562732	0.0534074
-0.051862	0.0493266
-0.0514418	0.0501416
-0.0513043	0.0525887
-0.0510641	0.0485143
-0.0502171	0.0509558
-0.0497562	0.0517727
-0.0495698	0.0477015
-0.0490192	0.139002
-0.0489745	0.144411
-0.0465739	0.131951
-0.0463458	0.134312
-0.0438979	0.0468912
-0.0437763	0.0558648
-0.0399149	0.0460808
-0.0394925	0.133526
-0.0391439	0.132739
-0.0345028	0.0453912
-0.0312772	0.0583304
-0.0274499	0.0447016
-0.0274296	0.125604
-0.0227323	0.1111
-0.021852	0.143643
-0.0210178	0.0440029
-0.0182098	0.0566866
-0.0128724	0.0433041
-0.0124534	0.0575074
-0.00930094	0.111912
-0.00775523	0.110285
-0.00430136	0.0425965
0.00599478	0.0418887
0.00650431	0.0649273
0.00669675	0.124806
0.00980262	0.142873
0.0149442	0.0682353
0.0174986	0.139779
0.0179792	0.0411723
0.0194978	0.112724
0.0204984	0.109472
0.0261141	0.107024
0.0312771	0.0404558
0.0316622	0.0624492
0.0319846	0.107841
0.0319846	0.107841
0.0329047	0.142101
0.0352718	0.108655
0.0369924	0.140555
0.0370983	0.124006
0.0376125	0.106209
0.0380838	0.141328
0.044893	0.039731
0.0506796	0.113533
0.0550744	0.0971866
0.0586346	0.123205
0.0593855	0.101296
0.0608317	0.039006
0.0649384	0.122404
0.0727794	0.1216
0.0734558	8.24209e-05
0.0739768	0.0765191
0.0749136	0.105392
0.0757896	0.0382731
0.0771971	0.114345
0.0801496	0.118386
0.0823968	0.075688
0.0836108	0.11758
0.0927861	0.0375401
0.0963385	0.115153
0.0974223	0.120799
0.0990325	0.116772
0.103207	0.119191
0.10523	0.115964
0.105286	0.0848036
0.109807	0.0367996
0.117378	0.119994
0.125678	0.104574
0.127595	0.0360589
0.134915	0.0641003
0.140866	0.102114
0.143253	0.0632753
0.147371	0.0353113
0.149141	0.0856305
0.162807	0.0963647
0.165797	0.103754
0.165991	0.0345636
0.173322	0.102936
0.187951	0.0338094
0.188151	0.0864586
0.188723	0.00011253
0.200443	0.0930684
0.201671	0.0938908
0.204066	0.0955387
0.207987	0.0330552
0.207987	0.0330552
0.209942	0.0947171
0.230681	0.0322952
0.232508	0.0922427
0.232508	0.0922427
0.254434	0.0315354
0.275126	0.0307708
0.279342	0.0872836
0.298373	0.091418
0.298902	0.0300065
0.311127	0.0698909
0.319543	0.0292382
0.33083	0.000166752
0.343288	0.0284702
0.357412	0.0690626
0.367852	0.0276991
0.375278	0.0881126
0.386173	0.0905909
0.392781	0.0269284
0.419788	0.0261561
0.435116	0.0889371
0.442857	0.0253844
0.443999	0.0897658
0.473074	0.0246121
0.493081	0.00024267
0.505397	0.0238405
0.530513	0.0230708
0.55744	0.0223023
0.586939	0.0215355
0.621574	0.0207706
0.65424	0.0200097
0.660531	0.000341303
0.688043	0.019251
0.722417	0.0184982
0.753794	0.017748
0.790619	0.0170054
0.829165	0.000456433
0.830929	0.0162654
0.873794	0.0155359
0.922708	0.0148092
0.961736	0.0140962
0.994829	0.00059126
0.999661	0.0133865
1.04336	0.0126915
1.095	0.0120004
1.14599	0.0113271
1.15113	0.000736003
1.20269	0.0106588
1.25843	0.0100098
1.2909	0.000896333
1.31639	0.0093677
1.38261	0.00874669
1.42461	0.00105995
1.45706	0.00813306
1.50768	0.00754529
1.53723	0.00123677
1.55831	0.00696551
1.59561	0.00641152
1.63382	0.00586785
1.63714	0.00140978
1.69368	0.00534934
1.72788	0.00159315
1.76432	0.00484274
1.78409	0.0017695
1.80574	0.00436711
1.8311	0.00195389
1.83454	0.00230864
1.84274	0.00267424
1.84754	0.00390581
1.85151	0.00305901
1.85982	0.00212956
1.86031	0.00347298
)
