(title "X-Wall Shear Stress")
(labels "X-Wall Shear Stress" "Position")

((xy/key/label "middleplane_suctionside")
-0.673171	0.0707182
-0.557589	0.079834
-0.519281	0.075688
-0.51156	0.0831475
-0.49749	0.0698909
-0.449975	0.0806604
-0.446191	0.0839744
-0.439136	0.0715473
-0.436601	0.082317
-0.428323	0.0748616
-0.371324	0.0765191
-0.355259	0.0814909
-0.321472	0.0790047
-0.271365	0.0848036
-0.268892	0.0632753
-0.258419	0.0641003
-0.25655	0.0690626
-0.253324	0.127992
-0.248971	0.127197
-0.228367	0.128786
-0.1986	0.126401
-0.187002	0.129579
-0.18095	0.143643
-0.174888	0.142873
-0.16001	0.139002
-0.140438	0.0740311
-0.139213	0.144411
-0.138135	0.125604
-0.137568	0.138223
-0.1366	0.139779
-0.129197	0.142101
-0.125202	0.124006
-0.12429	0.130371
-0.119412	0.124806
-0.111651	0.137444
-0.105694	0.0947171
-0.103133	0.123205
-0.0978506	0.0649273
-0.0960112	0.0938908
-0.0944326	0.0955387
-0.0908457	0.140555
-0.0892053	0.0624492
-0.0882463	0.141328
-0.0818377	0.0575074
-0.0792643	0.136663
-0.0772898	0.0930684
-0.073981	0.145179
-0.0711046	0.0583304
-0.0664753	0.0566866
-0.0639385	0.0517727
-0.0620754	0.0509558
-0.0579265	0.0501416
-0.0575602	0.0525887
-0.0572803	0.0856305
-0.0548392	0.0591524
-0.0545876	0.0493266
-0.0510424	0.0485143
-0.0489083	0.0558648
-0.0483015	0.0477015
-0.0478616	0.0922427
-0.0478616	0.0922427
-0.0469847	0.0963647
-0.0469492	0.0534074
-0.0467814	0.0542254
-0.0460471	0.0550455
-0.0457744	0.0468912
-0.0453922	0.131162
-0.041401	0.0773463
-0.0413616	0.0460808
-0.0391314	0.109472
-0.0388007	0.0723754
-0.037847	0.0453912
-0.0366009	0.0599766
-0.0335214	0.110285
-0.0316104	0.0447016
-0.0308072	0.108655
-0.025851	0.135881
-0.0240575	0.0440029
-0.0196574	0.122404
-0.0155573	0.145944
-0.0143742	0.0433041
-0.0112131	0.107841
-0.0112131	0.107841
-0.0109534	0.1111
-0.00450268	0.0425965
0.00675834	0.0418887
0.0152428	0.091418
0.0183933	0.0411723
0.0276198	0.107024
0.030628	0.0404558
0.0338519	0.111912
0.0348469	0.131951
0.0371759	0.0781767
0.0391309	0.135097
0.0422126	0.0971866
0.0445299	0.039731
0.0486546	0.0607997
0.0506759	0.146708
0.0564492	0.118386
0.0587088	0.039006
0.0624862	0.11758
0.0631931	0.0682353
0.0716019	0.0864586
0.0727397	8.24209e-05
0.0734771	0.0732043
0.0753306	0.0382731
0.0756583	0.061625
0.0767405	0.1216
0.0796214	0.119191
0.0880198	0.0657532
0.0898202	0.116772
0.0909792	0.112724
0.0920473	0.0375401
0.0937612	0.106209
0.0938232	0.134312
0.0955685	0.132739
0.103147	0.119994
0.106107	0.147469
0.110026	0.0367996
0.111439	0.120799
0.113255	0.115964
0.116439	0.133526
0.126344	0.0872836
0.127353	0.115153
0.128899	0.0360589
0.130155	0.14823
0.131225	0.113533
0.131242	0.148972
0.134663	0.148601
0.137116	0.0905909
0.137883	0.114345
0.140433	0.0980108
0.147037	0.0353113
0.148706	0.149343
0.167606	0.0345636
0.169606	0.105392
0.180159	0.149549
0.186883	0.0338094
0.186986	0.00011253
0.20431	0.149749
0.206396	0.098833
0.208362	0.0330552
0.208362	0.0330552
0.218417	0.149652
0.221131	0.0881126
0.229635	0.104574
0.230916	0.0322952
0.231943	0.0996547
0.237912	0.100474
0.23961	0.101296
0.247377	0.102114
0.253776	0.0315354
0.263825	0.103754
0.265134	0.0897658
0.265235	0.102936
0.276869	0.149704
0.277237	0.0307708
0.291478	0.0665807
0.298066	0.0300065
0.302139	0.0889371
0.321556	0.0292382
0.328278	0.000166752
0.343439	0.0284702
0.345173	0.14973
0.346014	0.067407
0.367312	0.0276991
0.394588	0.0269284
0.40795	0.149743
0.418147	0.0261561
0.445255	0.0253844
0.473421	0.0246121
0.489992	0.00024267
0.505718	0.0238405
0.532985	0.0230708
0.555674	0.0223023
0.588666	0.0215355
0.621674	0.0207706
0.65421	0.0200097
0.656861	0.000341303
0.690374	0.019251
0.721513	0.0184982
0.755385	0.017748
0.790888	0.0170054
0.824936	0.000456433
0.830769	0.0162654
0.875495	0.0155359
0.922397	0.0148092
0.963265	0.0140962
0.990154	0.00059126
1.00037	0.0133865
1.0428	0.0126915
1.09565	0.0120004
1.14579	0.0113271
1.14623	0.000736003
1.20375	0.0106588
1.25825	0.0100098
1.28565	0.000896333
1.31611	0.0093677
1.38259	0.00874669
1.41906	0.00105995
1.45538	0.00813306
1.50809	0.00754529
1.53172	0.00123677
1.55756	0.00696551
1.59437	0.00641152
1.63182	0.00140978
1.63316	0.00586785
1.69178	0.00534934
1.72246	0.00159315
1.76263	0.00484274
1.7789	0.0017695
1.80386	0.00436711
1.82633	0.00195389
1.83053	0.00230864
1.83903	0.00267424
1.84477	0.00390581
1.84815	0.00305901
1.85533	0.00212956
1.85724	0.00347298
)
