(title "X-Wall Shear Stress")
(labels "X-Wall Shear Stress" "Position")

((xy/key/label "middleplane_suctionside")
-1.5101	0.079834
-1.22001	0.0790047
-0.878633	0.075688
-0.861277	0.0806604
-0.688311	0.0765191
-0.630596	0.0748616
-0.454974	0.0781767
-0.367828	0.0707182
-0.341035	0.0698909
-0.310331	0.0773463
-0.153943	0.0814909
-0.150582	0.0649273
-0.146032	0.0657532
-0.136773	0.0740311
-0.132963	0.0715473
-0.0928537	0.145944
-0.0891784	0.146708
-0.0828322	0.0599766
-0.0751801	0.0591524
-0.0732644	0.0607997
-0.068078	0.0641003
-0.063646	0.0534074
-0.062935	0.0542254
-0.0622658	0.145179
-0.0594401	0.0550455
-0.0583384	0.0525887
-0.0538416	0.0517727
-0.0528936	0.0493266
-0.0528358	0.0501416
-0.0527751	0.0509558
-0.0520215	0.0485143
-0.0514013	0.0583304
-0.0505997	0.0477015
-0.049825	0.0665807
-0.0487746	0.147469
-0.04531	0.0558648
-0.0441519	0.0468912
-0.0391727	0.0460808
-0.0333388	0.0453912
-0.028861	0.0575074
-0.0267816	0.0566866
-0.0253638	0.0447016
-0.0206279	0.061625
-0.0189338	0.0690626
-0.0183948	0.0440029
-0.00986621	0.0433041
-0.00718939	0.144411
-0.00102493	0.0425965
0.00944471	0.141328
0.00970889	0.0418887
0.0106446	0.14823
0.0140832	0.127992
0.0148935	0.128786
0.0213779	0.0411723
0.0259748	0.142101
0.0351116	0.0404558
0.0392113	0.0632753
0.0425533	0.120799
0.0450701	0.119994
0.0463868	0.140555
0.0483197	0.127197
0.0487496	0.039731
0.0487798	0.129579
0.0538038	0.143643
0.0541685	0.1216
0.0549255	0.0624492
0.0645551	0.039006
0.0654245	0.122404
0.0665848	0.119191
0.0682402	0.142873
0.0726584	8.24209e-05
0.0752704	0.148601
0.0801986	0.0382731
0.0815672	0.123205
0.0872305	0.115153
0.0879675	0.139779
0.0901625	0.118386
0.0907132	0.114345
0.09192	0.115964
0.0965962	0.0375401
0.0985348	0.116772
0.0991708	0.0723754
0.100243	0.126401
0.100666	0.11758
0.103128	0.0872836
0.104129	0.113533
0.104833	0.0881126
0.105594	0.067407
0.107762	0.130371
0.114331	0.0367996
0.114924	0.0864586
0.115204	0.124006
0.123823	0.0889371
0.12416	0.139002
0.129282	0.112724
0.131457	0.0360589
0.136202	0.0856305
0.136749	0.125604
0.142021	0.124806
0.142401	0.148972
0.151238	0.0353113
0.15478	0.111912
0.160364	0.108655
0.163032	0.109472
0.164718	0.0897658
0.167543	0.1111
0.167591	0.138223
0.169076	0.110285
0.169856	0.0345636
0.173127	0.0732043
0.175818	0.131162
0.176629	0.107841
0.176629	0.107841
0.179303	0.082317
0.18107	0.0682353
0.186018	0.137444
0.186795	0.00011253
0.188049	0.133526
0.190236	0.136663
0.190776	0.0338094
0.192151	0.0848036
0.19305	0.134312
0.194329	0.149343
0.203892	0.107024
0.204478	0.135881
0.205773	0.132739
0.207242	0.135097
0.211766	0.0330552
0.211766	0.0330552
0.2143	0.131951
0.215441	0.0905909
0.233267	0.0322952
0.239533	0.149549
0.244131	0.106209
0.252028	0.091418
0.25776	0.0315354
0.274259	0.0839744
0.277982	0.0307708
0.287313	0.0922427
0.287313	0.0922427
0.292802	0.149749
0.293087	0.149652
0.29486	0.0831475
0.298268	0.105392
0.301158	0.0300065
0.322645	0.0292382
0.328013	0.000166752
0.344558	0.0284702
0.346282	0.0930684
0.35126	0.104574
0.370394	0.0276991
0.384302	0.149704
0.394472	0.0269284
0.408349	0.103754
0.421417	0.0261561
0.445334	0.0253844
0.44613	0.0938908
0.465862	0.102936
0.472162	0.098833
0.473648	0.0246121
0.47459	0.0996547
0.488095	0.0980108
0.488818	0.14973
0.489694	0.00024267
0.493422	0.100474
0.503482	0.102114
0.507519	0.0238405
0.512199	0.101296
0.530884	0.0971866
0.531695	0.0230708
0.543508	0.0947171
0.55843	0.0223023
0.577894	0.0963647
0.5848	0.149743
0.588317	0.0955387
0.588812	0.0215355
0.622125	0.0207706
0.655949	0.0200097
0.656566	0.000341303
0.68885	0.019251
0.723091	0.0184982
0.755038	0.017748
0.790922	0.0170054
0.824661	0.000456433
0.831989	0.0162654
0.874641	0.0155359
0.923447	0.0148092
0.962473	0.0140962
0.989902	0.00059126
0.999921	0.0133865
1.04407	0.0126915
1.09525	0.0120004
1.14601	0.000736003
1.14633	0.0113271
1.20296	0.0106588
1.25834	0.0100098
1.28544	0.000896333
1.3164	0.0093677
1.38225	0.00874669
1.41885	0.00105995
1.45667	0.00813306
1.50695	0.00754529
1.53152	0.00123677
1.55737	0.00696551
1.59466	0.00641152
1.63164	0.00140978
1.63256	0.00586785
1.69216	0.00534934
1.72228	0.00159315
1.76243	0.00484274
1.77874	0.0017695
1.80356	0.00436711
1.8262	0.00195389
1.83041	0.00230864
1.83893	0.00267424
1.84486	0.00390581
1.84802	0.00305901
1.8552	0.00212956
1.85709	0.00347298
)
