(title "X-Wall Shear Stress")
(labels "X-Wall Shear Stress" "Position")

((xy/key/label "middleplane_suctionside")
-0.791543	0.0740311
-0.731245	0.0732043
-0.537623	0.0748616
-0.46669	0.0682353
-0.42736	0.0781767
-0.425154	0.067407
-0.373991	0.0790047
-0.333685	0.0773463
-0.309078	0.0723754
-0.283304	0.075688
-0.234345	0.082317
-0.232791	0.0765191
-0.227262	0.079834
-0.215132	0.0831475
-0.199778	0.0814909
-0.165957	0.0806604
-0.154283	0.0864586
-0.150576	0.0665807
-0.149043	0.0624492
-0.145779	0.0839744
-0.144484	0.0872836
-0.117374	0.061625
-0.110337	0.0690626
-0.097963	0.0856305
-0.0855711	0.0848036
-0.0808413	0.0607997
-0.0750808	0.135881
-0.0682054	0.0558648
-0.0667296	0.135097
-0.0659352	0.136663
-0.0641978	0.0550455
-0.0637989	0.0881126
-0.0592324	0.0542254
-0.0555326	0.0501416
-0.0553686	0.0599766
-0.0547298	0.0566866
-0.0541568	0.0493266
-0.0537001	0.0509558
-0.053076	0.137444
-0.0524656	0.0632753
-0.0515207	0.0485143
-0.0502551	0.0534074
-0.0500166	0.0517727
-0.0483214	0.0525887
-0.0462463	0.0477015
-0.0411226	0.0468912
-0.0375744	0.138223
-0.0358754	0.0460808
-0.0309983	0.0453912
-0.0274369	0.0575074
-0.0257535	0.134312
-0.0256327	0.0447016
-0.023828	0.0591524
-0.0214698	0.139002
-0.0193209	0.0440029
-0.0133417	0.0583304
-0.0108575	0.0433041
-0.00443966	0.139779
-0.00115832	0.0425965
0.000299664	0.131951
0.00160407	0.131162
0.0104072	0.0418887
0.0161414	0.133526
0.0172221	0.140555
0.0190662	0.114345
0.0199605	0.115153
0.0220444	0.132739
0.0224562	0.116772
0.0231038	0.0411723
0.0231646	0.115964
0.0275098	0.0889371
0.0314363	0.11758
0.033083	0.113533
0.0357478	0.0404558
0.0400979	0.130371
0.0456804	0.141328
0.04992	0.039731
0.0599896	0.118386
0.0641357	0.039006
0.0659164	0.112724
0.0729396	8.24209e-05
0.0775748	0.142101
0.079558	0.0382731
0.0834198	0.0657532
0.0962336	0.129579
0.0964087	0.0375401
0.0988355	0.119191
0.101727	0.111912
0.104728	0.142873
0.106108	0.0897658
0.10739	0.0641003
0.113257	0.0367996
0.12152	0.143643
0.124995	0.1111
0.128654	0.144411
0.129387	0.119994
0.132523	0.0360589
0.139593	0.110285
0.144796	0.109472
0.145056	0.145179
0.14801	0.108655
0.149366	0.120799
0.150689	0.0353113
0.163818	0.0905909
0.168002	0.1216
0.170844	0.0345636
0.171396	0.0649273
0.174715	0.145944
0.174923	0.107841
0.174923	0.107841
0.175482	0.128786
0.187454	0.00011253
0.188667	0.091418
0.191054	0.0338094
0.193691	0.0715473
0.195509	0.122404
0.197523	0.0922427
0.197523	0.0922427
0.207633	0.146708
0.211088	0.0330552
0.211088	0.0330552
0.222089	0.0930684
0.230554	0.107024
0.234365	0.0322952
0.236847	0.123205
0.256251	0.0315354
0.256707	0.127992
0.258839	0.147469
0.261961	0.0938908
0.271868	0.0698909
0.279301	0.0307708
0.289879	0.124006
0.296639	0.0947171
0.300756	0.0300065
0.311254	0.106209
0.317746	0.127197
0.321152	0.14823
0.322842	0.0292382
0.324175	0.0955387
0.328995	0.000166752
0.33561	0.124806
0.346314	0.0284702
0.349905	0.126401
0.354549	0.125604
0.359864	0.0963647
0.368942	0.0276991
0.38927	0.148601
0.396488	0.0269284
0.398802	0.105392
0.401907	0.0707182
0.407095	0.0971866
0.420432	0.0261561
0.445589	0.0253844
0.468804	0.104574
0.469526	0.0980108
0.475586	0.0246121
0.490928	0.00024267
0.499506	0.148972
0.506161	0.0238405
0.530782	0.103754
0.534255	0.0230708
0.534812	0.098833
0.558031	0.0223023
0.58304	0.102936
0.584523	0.0996547
0.588537	0.0215355
0.619129	0.100474
0.619783	0.102114
0.62346	0.0207706
0.634518	0.101296
0.654648	0.0200097
0.658026	0.000341303
0.691	0.019251
0.692349	0.149343
0.723448	0.0184982
0.755498	0.017748
0.792532	0.0170054
0.826306	0.000456433
0.831401	0.0162654
0.875681	0.0155359
0.923495	0.0148092
0.941054	0.149549
0.963189	0.0140962
0.973398	0.149749
0.991709	0.00059126
1.00131	0.0133865
1.04426	0.0126915
1.09669	0.0120004
1.14622	0.0113271
1.14791	0.000736003
1.20404	0.0106588
1.2091	0.149652
1.25976	0.0100098
1.28743	0.000896333
1.31663	0.0093677
1.38373	0.00874669
1.42094	0.00105995
1.45675	0.00813306
1.50532	0.149704
1.50822	0.00754529
1.53364	0.00123677
1.55907	0.00696551
1.59522	0.00641152
1.63372	0.00140978
1.63396	0.00586785
1.69325	0.00534934
1.72443	0.00159315
1.76028	0.14973
1.76357	0.00484274
1.78083	0.0017695
1.80509	0.00436711
1.82817	0.00195389
1.83216	0.00230864
1.84062	0.00267424
1.84624	0.00390581
1.84967	0.00305901
1.8571	0.00212956
1.85866	0.00347298
1.95372	0.149743
)
