(title "X-Wall Shear Stress")
(labels "X-Wall Shear Stress" "Position")

((xy/key/label "middleplane_suctionside")
-0.694405	0.0740311
-0.688101	0.0748616
-0.533791	0.075688
-0.526029	0.0732043
-0.390977	0.0848036
-0.390922	0.0839744
-0.358109	0.0814909
-0.352825	0.0806604
-0.331649	0.149743
-0.32915	0.0765191
-0.309169	0.0682353
-0.279713	0.082317
-0.271801	0.079834
-0.26803	0.0831475
-0.245048	0.14973
-0.221438	0.0790047
-0.217468	0.0773463
-0.206628	0.0781767
-0.19978	0.145944
-0.183238	0.146708
-0.174083	0.067407
-0.167581	0.149749
-0.151824	0.149704
-0.150842	0.0723754
-0.140244	0.0690626
-0.136098	0.145179
-0.129848	0.0856305
-0.118151	0.147469
-0.11691	0.139779
-0.0986758	0.0624492
-0.0910075	0.140555
-0.0877175	0.149652
-0.0855539	0.142873
-0.0780945	0.061625
-0.0722201	0.14823
-0.0693913	0.0558648
-0.0690222	0.149549
-0.0667735	0.149343
-0.0634768	0.148972
-0.0626888	0.0550455
-0.0623821	0.148601
-0.0576091	0.0501416
-0.056857	0.0566866
-0.0564105	0.0509558
-0.0553292	0.0542254
-0.0552553	0.0493266
-0.0542322	0.144411
-0.0539363	0.0607997
-0.0518798	0.0517727
-0.0514693	0.0485143
-0.0512675	0.143643
-0.0463407	0.0525887
-0.0462914	0.0477015
-0.045996	0.0534074
-0.0416353	0.0468912
-0.0392688	0.142101
-0.038955	0.0599766
-0.0371947	0.0460808
-0.0326821	0.0453912
-0.0277753	0.0575074
-0.0271941	0.0447016
-0.0209389	0.0632753
-0.0206558	0.0440029
-0.0160546	0.0591524
-0.0118324	0.0433041
-0.0114688	0.0665807
-0.0101212	0.0583304
-0.00304103	0.141328
-0.00188889	0.0425965
0.00386343	0.136663
0.00547424	0.133526
0.00970154	0.0418887
0.0223308	0.0411723
0.0236178	0.139002
0.0273237	0.135881
0.0349043	0.0404558
0.0489425	0.039731
0.0541329	0.132739
0.05753	0.134312
0.0633251	0.039006
0.0723022	8.24209e-05
0.0788112	0.0382731
0.0959006	0.0375401
0.0964777	0.135097
0.096934	0.137444
0.101095	0.0641003
0.109571	0.0657532
0.111028	0.108655
0.11204	0.109472
0.112862	0.0367996
0.132119	0.0360589
0.132261	0.110285
0.137408	0.138223
0.141148	0.1111
0.142104	0.131951
0.150406	0.0353113
0.151335	0.0649273
0.152478	0.111912
0.157282	0.107841
0.157282	0.107841
0.166822	0.0864586
0.170114	0.112724
0.170492	0.0345636
0.181557	0.113533
0.18595	0.00011253
0.187961	0.114345
0.190756	0.0338094
0.198788	0.131162
0.200161	0.0698909
0.201833	0.115153
0.210783	0.0330552
0.210783	0.0330552
0.216724	0.107024
0.217102	0.127992
0.219856	0.128786
0.222904	0.130371
0.225078	0.115964
0.226378	0.129579
0.233636	0.127197
0.233866	0.0715473
0.234113	0.0322952
0.24336	0.1216
0.24418	0.116772
0.24462	0.120799
0.248994	0.122404
0.249672	0.123205
0.249702	0.119994
0.253454	0.124006
0.25618	0.0315354
0.256596	0.119191
0.257058	0.11758
0.262806	0.118386
0.264943	0.126401
0.269338	0.124806
0.272567	0.106209
0.279179	0.0307708
0.280296	0.125604
0.300798	0.0300065
0.322852	0.0292382
0.326729	0.000166752
0.342349	0.0872836
0.346208	0.0284702
0.346853	0.105392
0.349386	0.0707182
0.353582	0.0905909
0.357049	0.091418
0.368962	0.0276991
0.380099	0.0897658
0.391351	0.0947171
0.394377	0.0922427
0.394377	0.0922427
0.396415	0.0269284
0.40458	0.0938908
0.407795	0.0881126
0.40981	0.0889371
0.412936	0.0955387
0.417717	0.0930684
0.420402	0.0261561
0.437968	0.104574
0.445829	0.0253844
0.455118	0.0963647
0.475571	0.0246121
0.488054	0.00024267
0.506293	0.0238405
0.511132	0.0971866
0.528207	0.103754
0.534305	0.0230708
0.557809	0.0223023
0.586323	0.0980108
0.588874	0.0215355
0.593919	0.102936
0.623288	0.0207706
0.627768	0.102114
0.64693	0.101296
0.654358	0.098833
0.654602	0.000341303
0.654819	0.0200097
0.663465	0.100474
0.676718	0.0996547
0.691128	0.019251
0.72314	0.0184982
0.75566	0.017748
0.792236	0.0170054
0.822432	0.000456433
0.831241	0.0162654
0.875689	0.0155359
0.923164	0.0148092
0.963214	0.0140962
0.987444	0.00059126
1.00111	0.0133865
1.04372	0.0126915
1.09627	0.0120004
1.14343	0.000736003
1.14578	0.0113271
1.2037	0.0106588
1.25894	0.0100098
1.28273	0.000896333
1.31587	0.0093677
1.3828	0.00874669
1.41601	0.00105995
1.45544	0.00813306
1.50722	0.00754529
1.52869	0.00123677
1.55764	0.00696551
1.59369	0.00641152
1.62889	0.00140978
1.63244	0.00586785
1.69127	0.00534934
1.71946	0.00159315
1.76143	0.00484274
1.77605	0.0017695
1.80277	0.00436711
1.82374	0.00195389
1.82839	0.00230864
1.83702	0.00267424
1.84343	0.00390581
1.8463	0.00305901
1.85293	0.00212956
1.85551	0.00347298
)
