(title "X-Wall Shear Stress")
(labels "X-Wall Shear Stress" "Position")

((xy/key/label "middleplane_suctionside")
-0.867497	0.0740311
-0.757028	0.0732043
-0.575201	0.0748616
-0.483082	0.0814909
-0.433817	0.0806604
-0.404892	0.0723754
-0.40193	0.0698909
-0.368207	0.0707182
-0.366292	0.0682353
-0.356871	0.082317
-0.34495	0.067407
-0.335918	0.0690626
-0.300576	0.149743
-0.274316	0.0715473
-0.245655	0.143643
-0.235646	0.142873
-0.232737	0.079834
-0.218664	0.14973
-0.21799	0.144411
-0.203253	0.0624492
-0.177927	0.0831475
-0.172751	0.145179
-0.168518	0.142101
-0.164012	0.075688
-0.155847	0.136663
-0.149737	0.149749
-0.141947	0.061625
-0.124403	0.149704
-0.105751	0.137444
-0.0894494	0.0632753
-0.0776951	0.145944
-0.0663747	0.0550455
-0.0653574	0.0558648
-0.0608178	0.0542254
-0.0580876	0.0493266
-0.057458	0.0501416
-0.0559592	0.0485143
-0.0537975	0.0509558
-0.0536018	0.0534074
-0.0533981	0.0477015
-0.0519343	0.149652
-0.0508103	0.135881
-0.0479924	0.0517727
-0.0479216	0.118386
-0.0473181	0.0468912
-0.0459404	0.0566866
-0.0458014	0.0525887
-0.0452925	0.0839744
-0.0442422	0.0460808
-0.0398486	0.0453912
-0.0384498	0.141328
-0.0370148	0.11758
-0.0360172	0.0665807
-0.0332026	0.0447016
-0.0302481	0.119191
-0.0285023	0.0790047
-0.0274855	0.0440029
-0.0271835	0.0583304
-0.0253523	0.0575074
-0.0197236	0.0433041
-0.0196709	0.149549
-0.0191573	0.0591524
-0.0111653	0.0425965
-0.00510886	0.149343
-0.00347097	0.119994
-0.00157946	0.091418
-0.000881256	0.0418887
-0.000815607	0.116772
0.000902078	0.0607997
0.00534797	0.148972
0.0109724	0.0411723
0.0207758	0.120799
0.0225481	0.148601
0.024413	0.0404558
0.0280355	0.115964
0.0281655	0.138223
0.0328567	0.0905909
0.0343359	0.146708
0.0378196	0.039731
0.0383717	0.0599766
0.0388844	0.115153
0.0398091	0.1216
0.0499408	0.0848036
0.0512845	0.0922427
0.0512845	0.0922427
0.0536641	0.039006
0.0549138	0.122404
0.0561619	0.14823
0.0642964	0.123205
0.0685539	0.114345
0.0688708	0.0382731
0.0730151	8.24209e-05
0.0739159	0.124006
0.0789845	0.147469
0.0798575	0.0781767
0.0858026	0.0375401
0.0892414	0.140555
0.0940738	0.124806
0.0967529	0.135097
0.103406	0.0367996
0.10639	0.0765191
0.108802	0.0856305
0.118935	0.125604
0.11979	0.128786
0.12081	0.127992
0.121287	0.0360589
0.122961	0.139002
0.128325	0.0897658
0.128428	0.129579
0.128763	0.0641003
0.12906	0.127197
0.130048	0.113533
0.130522	0.132739
0.132199	0.126401
0.138448	0.133526
0.14153	0.0353113
0.144451	0.139779
0.144723	0.130371
0.147121	0.0773463
0.14807	0.131951
0.151603	0.0930684
0.155932	0.134312
0.156208	0.131162
0.160435	0.0345636
0.174564	0.0864586
0.182534	0.0338094
0.187644	0.00011253
0.188128	0.112724
0.203251	0.0330552
0.203251	0.0330552
0.203453	0.101296
0.206146	0.100474
0.211438	0.102114
0.220649	0.104574
0.220716	0.102936
0.221702	0.103754
0.223142	0.0996547
0.224572	0.105392
0.225993	0.0322952
0.228915	0.111912
0.234389	0.106209
0.24965	0.098833
0.249883	0.107024
0.250222	0.0889371
0.250342	0.0315354
0.251593	0.0938908
0.256585	0.1111
0.260303	0.107841
0.260303	0.107841
0.262121	0.108655
0.268258	0.109472
0.270262	0.110285
0.271268	0.0307708
0.275079	0.0980108
0.280665	0.0872836
0.29531	0.0300065
0.300002	0.0971866
0.301219	0.0657532
0.315744	0.0947171
0.316575	0.0292382
0.322279	0.0963647
0.329318	0.0649273
0.329324	0.000166752
0.330299	0.0881126
0.334292	0.0955387
0.34002	0.0284702
0.36535	0.0276991
0.39028	0.0269284
0.417661	0.0261561
0.441277	0.0253844
0.470977	0.0246121
0.491387	0.00024267
0.504135	0.0238405
0.529163	0.0230708
0.556143	0.0223023
0.586132	0.0215355
0.620425	0.0207706
0.653598	0.0200097
0.6586	0.000341303
0.687401	0.019251
0.721724	0.0184982
0.753384	0.017748
0.789853	0.0170054
0.826963	0.000456433
0.830463	0.0162654
0.873533	0.0155359
0.92235	0.0148092
0.961645	0.0140962
0.992434	0.00059126
0.999447	0.0133865
1.04312	0.0126915
1.09485	0.0120004
1.14559	0.0113271
1.14865	0.000736003
1.20251	0.0106588
1.25812	0.0100098
1.28819	0.000896333
1.31594	0.0093677
1.38222	0.00874669
1.42172	0.00105995
1.45645	0.00813306
1.50713	0.00754529
1.53438	0.00123677
1.55775	0.00696551
1.59483	0.00641152
1.63306	0.00586785
1.63442	0.00140978
1.69273	0.00534934
1.7251	0.00159315
1.76323	0.00484274
1.7814	0.0017695
1.80456	0.00436711
1.82862	0.00195389
1.83244	0.00230864
1.8408	0.00267424
1.84607	0.00390581
1.8497	0.00305901
1.85747	0.00212956
1.85862	0.00347298
)
