(title "X-Wall Shear Stress")
(labels "X-Wall Shear Stress" "Position")

((xy/key/label "middleplane_suctionside")
-0.79131	0.0740311
-0.679134	0.0748616
-0.48145	0.0732043
-0.412429	0.0690626
-0.404797	0.0682353
-0.305748	0.075688
-0.216302	0.147469
-0.211726	0.146708
-0.176894	0.14823
-0.16864	0.0624492
-0.159399	0.079834
-0.158322	0.067407
-0.153548	0.0632753
-0.139065	0.148601
-0.138613	0.145944
-0.128037	0.140555
-0.118384	0.0806604
-0.101489	0.139779
-0.0928817	0.148972
-0.0771465	0.145179
-0.0746147	0.061625
-0.0725533	0.0765191
-0.0695241	0.0566866
-0.0688097	0.0698909
-0.0664495	0.0558648
-0.0630519	0.0790047
-0.0617732	0.137444
-0.0598258	0.139002
-0.0570529	0.149343
-0.0562363	0.0550455
-0.0549699	0.144411
-0.0547149	0.0501416
-0.05464	0.0509558
-0.0545495	0.136663
-0.0541515	0.138223
-0.0526114	0.0493266
-0.0524805	0.116772
-0.0507828	0.0517727
-0.0498297	0.11758
-0.049437	0.0485143
-0.0488159	0.0542254
-0.0446654	0.0477015
-0.0435534	0.0525887
-0.0418687	0.0575074
-0.0405129	0.0468912
-0.0400071	0.0534074
-0.0363872	0.122404
-0.03623	0.123205
-0.0357614	0.0460808
-0.0311328	0.0453912
-0.028163	0.0607997
-0.0272946	0.124006
-0.0267971	0.149549
-0.0259386	0.115964
-0.0256942	0.0447016
-0.0236222	0.1216
-0.021924	0.131951
-0.0198683	0.118386
-0.0195159	0.131162
-0.0193776	0.0440029
-0.0190973	0.143643
-0.0164821	0.124806
-0.0109392	0.0433041
-0.0108184	0.125604
-0.00775496	0.126401
-0.00758661	0.141328
-0.0066837	0.135881
-0.00411786	0.0583304
-0.00408491	0.0599766
-0.00365373	0.149652
-0.00253262	0.130371
-0.00193973	0.127197
-0.00181357	0.114345
-0.00137102	0.0425965
-0.000652594	0.120799
0.00103531	0.115153
0.00303149	0.129579
0.00350716	0.127992
0.00370198	0.132739
0.00400779	0.128786
0.00418208	0.113533
0.00592108	0.119191
0.00765955	0.0723754
0.00943085	0.149749
0.00980434	0.0418887
0.0101528	0.149704
0.0117005	0.0591524
0.0123918	0.119994
0.0143682	0.14973
0.0154529	0.0641003
0.0155401	0.149743
0.0223764	0.0411723
0.0348441	0.0404558
0.0357474	0.0814909
0.0364136	0.133526
0.0423322	0.135097
0.0488044	0.039731
0.0544684	0.134312
0.0632978	0.039006
0.0695589	0.0773463
0.0720075	0.0665807
0.0729326	8.24209e-05
0.0734604	0.0781767
0.078361	0.0382731
0.0803088	0.112724
0.0859773	0.142873
0.0954404	0.0375401
0.111957	0.0367996
0.130577	0.142101
0.131002	0.0360589
0.149316	0.0353113
0.163924	0.111912
0.168201	0.0649273
0.16894	0.0345636
0.187443	0.00011253
0.189767	0.0338094
0.194782	0.0657532
0.202266	0.1111
0.209246	0.0330552
0.209246	0.0330552
0.220768	0.0881126
0.226485	0.110285
0.227697	0.0872836
0.232767	0.0322952
0.247056	0.082317
0.254782	0.0315354
0.263256	0.0889371
0.272597	0.0864586
0.273849	0.109472
0.277033	0.0307708
0.299392	0.0300065
0.301188	0.0707182
0.320442	0.0292382
0.328975	0.000166752
0.340111	0.0897658
0.344592	0.0284702
0.357204	0.0856305
0.359636	0.0938908
0.36039	0.0947171
0.3642	0.108655
0.366906	0.0715473
0.367329	0.0276991
0.368768	0.0971866
0.371691	0.0963647
0.372953	0.0955387
0.381414	0.0980108
0.389301	0.0930684
0.392431	0.0905909
0.394078	0.0269284
0.401616	0.098833
0.415151	0.091418
0.41701	0.0922427
0.41701	0.0922427
0.417906	0.0996547
0.419243	0.0261561
0.419261	0.0831475
0.43674	0.100474
0.443141	0.0253844
0.444949	0.0848036
0.454833	0.101296
0.471586	0.107841
0.471586	0.107841
0.472032	0.102114
0.473715	0.0246121
0.483425	0.0839744
0.490879	0.00024267
0.500203	0.102936
0.504476	0.0238405
0.531629	0.0230708
0.537518	0.103754
0.543178	0.107024
0.556772	0.0223023
0.570665	0.104574
0.576745	0.106209
0.586581	0.0215355
0.58747	0.105392
0.621564	0.0207706
0.653276	0.0200097
0.657945	0.000341303
0.688642	0.019251
0.721904	0.0184982
0.753531	0.017748
0.790651	0.0170054
0.826184	0.000456433
0.829863	0.0162654
0.873647	0.0155359
0.921872	0.0148092
0.961361	0.0140962
0.991549	0.00059126
0.99963	0.0133865
1.04261	0.0126915
1.09507	0.0120004
1.14462	0.0113271
1.14769	0.000736003
1.20229	0.0106588
1.2583	0.0100098
1.28718	0.000896333
1.31505	0.0093677
1.38222	0.00874669
1.42064	0.00105995
1.45529	0.00813306
1.50681	0.00754529
1.53329	0.00123677
1.55777	0.00696551
1.59382	0.00641152
1.63272	0.00586785
1.63332	0.00140978
1.692	0.00534934
1.72397	0.00159315
1.7624	0.00484274
1.78031	0.0017695
1.80399	0.00436711
1.82758	0.00195389
1.83149	0.00230864
1.83985	0.00267424
1.8452	0.00390581
1.84883	0.00305901
1.85647	0.00212956
1.85777	0.00347298
)
