(title "X-Wall Shear Stress")
(labels "X-Wall Shear Stress" "Position")

((xy/key/label "middleplane_suctionside")
-1.02991	0.0732043
-0.892058	0.0740311
-0.808549	0.0723754
-0.613184	0.0748616
-0.464513	0.0806604
-0.463014	0.075688
-0.420134	0.079834
-0.382132	0.0765191
-0.346825	0.0814909
-0.319932	0.0715473
-0.31305	0.0790047
-0.27836	0.149743
-0.261133	0.0665807
-0.258338	0.0773463
-0.238264	0.14973
-0.227857	0.0781767
-0.224161	0.067407
-0.193373	0.149704
-0.156462	0.149652
-0.155929	0.0657532
-0.146137	0.082317
-0.143297	0.0864586
-0.137712	0.149749
-0.13527	0.0856305
-0.130072	0.149549
-0.107827	0.0872836
-0.104616	0.138223
-0.102124	0.131162
-0.0982549	0.149343
-0.0942914	0.137444
-0.0920954	0.0607997
-0.0912701	0.131951
-0.079147	0.0848036
-0.0783118	0.0599766
-0.0751472	0.130371
-0.0706938	0.061625
-0.0674167	0.0881126
-0.0626493	0.0550455
-0.0612944	0.148972
-0.0577342	0.0542254
-0.0562757	0.0501416
-0.0556951	0.0493266
-0.0546614	0.0558648
-0.054338	0.0509558
-0.0538376	0.142101
-0.053113	0.0534074
-0.0529091	0.0485143
-0.0511359	0.0591524
-0.0507043	0.0517727
-0.0504823	0.132739
-0.0503747	0.142873
-0.0488311	0.0477015
-0.0485085	0.0525887
-0.0429668	0.0468912
-0.042179	0.129579
-0.0395241	0.0460808
-0.0393324	0.119994
-0.0348576	0.0453912
-0.0328786	0.0649273
-0.0327323	0.143643
-0.0309746	0.0831475
-0.0306677	0.0566866
-0.0295362	0.119191
-0.0290009	0.0447016
-0.0277162	0.128786
-0.0274799	0.141328
-0.0263353	0.0889371
-0.0262678	0.120799
-0.0259517	0.148601
-0.0243361	0.0839744
-0.0227425	0.0440029
-0.0212097	0.0583304
-0.0181329	0.139002
-0.015198	0.0575074
-0.0142346	0.0433041
-0.013371	0.133526
-0.0113478	0.144411
-0.00680965	0.136663
-0.00540365	0.118386
-0.00487431	0.0425965
-0.00102895	0.127992
0.00560225	0.134312
0.00643425	0.0418887
0.0119214	0.14823
0.0177986	0.1216
0.0181513	0.145179
0.0191266	0.0411723
0.0211007	0.0624492
0.0226771	0.140555
0.0281339	0.11758
0.0318977	0.0404558
0.0322861	0.135097
0.0379542	0.0897658
0.0418627	0.139779
0.0429153	0.135881
0.0457343	0.039731
0.0526137	0.145944
0.0563756	0.127197
0.0583367	0.147469
0.060695	0.039006
0.0701335	0.116772
0.0711365	0.110285
0.0733548	0.1111
0.0733617	8.24209e-05
0.0755171	0.146708
0.0755237	0.0382731
0.07772	0.0682353
0.0856419	0.109472
0.0919641	0.122404
0.0928722	0.0375401
0.0939999	0.111912
0.0963915	0.0641003
0.109733	0.0367996
0.110577	0.108655
0.116445	0.115964
0.117787	0.0632753
0.124352	0.0996547
0.125319	0.112724
0.127278	0.126401
0.128587	0.0360589
0.14171	0.107841
0.14171	0.107841
0.14193	0.100474
0.147183	0.0905909
0.147667	0.0353113
0.156381	0.115153
0.158459	0.098833
0.15876	0.113533
0.167068	0.0345636
0.169146	0.107024
0.174443	0.114345
0.174688	0.0707182
0.178436	0.123205
0.188178	0.0338094
0.18847	0.00011253
0.195069	0.106209
0.19648	0.125604
0.200595	0.101296
0.207871	0.0330552
0.207871	0.0330552
0.214568	0.0980108
0.224701	0.105392
0.231329	0.0322952
0.240288	0.124006
0.244296	0.124806
0.253582	0.104574
0.253773	0.0315354
0.258792	0.102114
0.276093	0.0307708
0.279723	0.091418
0.280504	0.103754
0.283048	0.0971866
0.288463	0.102936
0.298546	0.0300065
0.320038	0.0292382
0.330434	0.000166752
0.343995	0.0284702
0.347165	0.0963647
0.366955	0.0276991
0.382352	0.0922427
0.382352	0.0922427
0.382834	0.0955387
0.393886	0.0269284
0.401873	0.0947171
0.401968	0.0690626
0.418757	0.0261561
0.42544	0.0938908
0.430557	0.0930684
0.44329	0.0253844
0.456687	0.0698909
0.47376	0.0246121
0.492601	0.00024267
0.504586	0.0238405
0.532082	0.0230708
0.556653	0.0223023
0.586929	0.0215355
0.62181	0.0207706
0.653407	0.0200097
0.660006	0.000341303
0.689439	0.019251
0.72206	0.0184982
0.754102	0.017748
0.791061	0.0170054
0.828611	0.000456433
0.830143	0.0162654
0.874478	0.0155359
0.922362	0.0148092
0.962228	0.0140962
0.994302	0.00059126
1.00042	0.0133865
1.04305	0.0126915
1.09579	0.0120004
1.14554	0.0113271
1.15064	0.000736003
1.20333	0.0106588
1.25911	0.0100098
1.29037	0.000896333
1.31609	0.0093677
1.3833	0.00874669
1.42404	0.00105995
1.45647	0.00813306
1.50817	0.00754529
1.53672	0.00123677
1.55909	0.00696551
1.59525	0.00641152
1.63427	0.00586785
1.63672	0.00140978
1.69366	0.00534934
1.72747	0.00159315
1.7643	0.00484274
1.78371	0.0017695
1.80599	0.00436711
1.83078	0.00195389
1.83435	0.00230864
1.84261	0.00267424
1.84742	0.00390581
1.85141	0.00305901
1.85955	0.00212956
1.86024	0.00347298
)
