(title "X-Wall Shear Stress")
(labels "X-Wall Shear Stress" "Position")

((xy/key/label "middleplane_suctionside")
-0.697852	0.0732043
-0.584495	0.0740311
-0.580735	0.0781767
-0.576203	0.0773463
-0.446149	0.0790047
-0.414835	0.0814909
-0.41322	0.082317
-0.407795	0.0682353
-0.40243	0.0723754
-0.396982	0.0765191
-0.303944	0.0748616
-0.296815	0.079834
-0.266124	0.0690626
-0.266014	0.0806604
-0.230382	0.075688
-0.201756	0.067407
-0.142393	0.0624492
-0.135185	0.0831475
-0.109469	0.0632753
-0.0754542	0.061625
-0.0688374	0.0558648
-0.0683652	0.14823
-0.0658514	0.0566866
-0.0618208	0.0550455
-0.0591496	0.0501416
-0.059078	0.0509558
-0.0563195	0.0493266
-0.0563127	0.0542254
-0.0561148	0.0517727
-0.0552274	0.147469
-0.054938	0.126401
-0.052998	0.0485143
-0.0521211	0.125604
-0.0498931	0.0525887
-0.0496715	0.148601
-0.0481208	0.0477015
-0.0476647	0.0534074
-0.0454766	0.0575074
-0.043739	0.0468912
-0.0391801	0.0460808
-0.0358751	0.0607997
-0.0344252	0.0453912
-0.0317548	0.0599766
-0.0287877	0.0447016
-0.0259768	0.0583304
-0.0235809	0.0591524
-0.022199	0.0440029
-0.0200124	0.146708
-0.013488	0.0433041
-0.00674037	0.124806
-0.0036458	0.0425965
-0.000546854	0.148972
0.00108941	0.0641003
0.00195647	0.127197
0.00773028	0.0418887
0.0150309	0.0665807
0.0203843	0.0411723
0.0263686	0.145944
0.0290204	0.137444
0.0298493	0.138223
0.0329604	0.0404558
0.0443321	0.144411
0.0459423	0.145179
0.0470406	0.039731
0.0519239	0.124006
0.0520552	0.149343
0.0542468	0.143643
0.0564098	0.120799
0.0577106	0.139002
0.0615685	0.039006
0.0641537	0.1216
0.0647292	0.119994
0.0727362	8.24209e-05
0.0761494	0.0649273
0.0769289	0.0382731
0.081055	0.122404
0.082023	0.149749
0.0822295	0.139779
0.0838768	0.136663
0.0842774	0.119191
0.0843805	0.123205
0.0872042	0.142873
0.0890599	0.127992
0.0937983	0.149549
0.0941465	0.0375401
0.10136	0.0657532
0.101602	0.140555
0.105205	0.118386
0.11099	0.0367996
0.111571	0.0839744
0.113379	0.142101
0.113502	0.0715473
0.114599	0.0698909
0.115721	0.141328
0.120027	0.149652
0.121826	0.11758
0.129667	0.0881126
0.130292	0.0360589
0.133784	0.0963647
0.137681	0.116772
0.139238	0.149704
0.144434	0.0955387
0.144949	0.0872836
0.147185	0.135881
0.148699	0.0353113
0.151484	0.14973
0.15268	0.115964
0.154409	0.128786
0.158329	0.149743
0.163426	0.115153
0.164645	0.0971866
0.167152	0.135097
0.168623	0.0345636
0.175996	0.0889371
0.176702	0.114345
0.177498	0.105392
0.182691	0.134312
0.183728	0.0864586
0.186624	0.113533
0.186645	0.104574
0.186979	0.00011253
0.187183	0.129579
0.189259	0.0338094
0.189629	0.0980108
0.193134	0.112724
0.199886	0.130371
0.200947	0.0848036
0.203333	0.098833
0.203928	0.106209
0.205848	0.0856305
0.206068	0.111912
0.207826	0.0947171
0.209165	0.0330552
0.209165	0.0330552
0.213317	0.103754
0.213655	0.131162
0.220349	0.0996547
0.22043	0.133526
0.229006	0.1111
0.232691	0.0322952
0.232862	0.102936
0.238262	0.102114
0.239633	0.131951
0.240163	0.100474
0.245885	0.101296
0.248496	0.132739
0.254778	0.0315354
0.266192	0.107024
0.266871	0.0938908
0.270278	0.110285
0.271095	0.0897658
0.277655	0.0307708
0.299593	0.0300065
0.312231	0.0930684
0.317232	0.109472
0.321358	0.0292382
0.322044	0.107841
0.322044	0.107841
0.32828	0.000166752
0.330134	0.0707182
0.34026	0.108655
0.345149	0.0284702
0.357733	0.0905909
0.366297	0.0922427
0.366297	0.0922427
0.367907	0.0276991
0.391594	0.091418
0.39522	0.0269284
0.419736	0.0261561
0.444577	0.0253844
0.474741	0.0246121
0.490018	0.00024267
0.505551	0.0238405
0.533333	0.0230708
0.557476	0.0223023
0.587933	0.0215355
0.622827	0.0207706
0.654288	0.0200097
0.656932	0.000341303
0.690379	0.019251
0.722934	0.0184982
0.755039	0.017748
0.791967	0.0170054
0.825058	0.000456433
0.830918	0.0162654
0.875233	0.0155359
0.92294	0.0148092
0.962876	0.0140962
0.990329	0.00059126
1.00094	0.0133865
1.04352	0.0126915
1.09615	0.0120004
1.14576	0.0113271
1.14644	0.000736003
1.20361	0.0106588
1.25906	0.0100098
1.28589	0.000896333
1.31602	0.0093677
1.38304	0.00874669
1.41933	0.00105995
1.4559	0.00813306
1.50763	0.00754529
1.53201	0.00123677
1.55824	0.00696551
1.59436	0.00641152
1.63212	0.00140978
1.63318	0.00586785
1.69225	0.00534934
1.72277	0.00159315
1.76258	0.00484274
1.7792	0.0017695
1.80406	0.00436711
1.82662	0.00195389
1.83078	0.00230864
1.83928	0.00267424
1.84505	0.00390581
1.84838	0.00305901
1.85561	0.00212956
1.85742	0.00347298
)
